Frame #,BOND,ANGLE,DIHED,UB,IMP,CMAP,VDWAALS,EEL,1-4 VDW,1-4 EEL,EPB,ENPOLAR,EDISPER,DELTA G gas,DELTA G solv,DELTA TOTAL
0,-5.329070518200751e-15,-7.105427357601002e-14,-0.0001000000001454282,0.0,0.0,0.0,-36.39599999999996,-9.895299999999967,1.7763568394002505e-15,-9.999999964804829e-05,21.362300000000047,-28.58399999999982,45.87970000000005,-46.29149999999929,38.65800000000028,-7.63349999999901
1,-1.7763568394002505e-15,-3.552713678800501e-14,-9.999999996068709e-05,0.0,0.0,0.0,-36.81470000000004,-11.797200000000824,-0.0001000000000015433,-0.00010000000033016931,18.788399999999854,-27.98399999999993,45.84170000000002,-48.612200000002375,36.64609999999994,-11.966100000002207
2,1.0658141036401503e-14,2.842170943040401e-14,0.0,0.0,0.0,0.0,-36.49019999999996,-10.255599999999653,1.4210854715202004e-14,2.842170943040401e-14,20.961900000000078,-28.735199999999978,47.45920000000002,-46.74579999999949,39.68590000000012,-7.059899999999367
3,1.0658141036401503e-14,-8.526512829121202e-14,-0.00010000000013832278,0.0,0.0,0.0,-38.44569999999996,-11.472199999999987,4.440892098500626e-14,0.00010000000060017555,19.44230000000007,-28.574600000000032,48.263399999999926,-49.91789999999881,39.131100000000075,-10.786799999998728
4,-7.105427357601002e-15,2.1316282072803006e-14,-1.4921397450962104e-13,0.0,0.0,0.0,-40.971799999999995,-6.390099999999947,5.329070518200751e-15,4.121147867408581e-13,20.09480000000002,-29.590500000000148,46.40139999999996,-47.36189999999941,36.90569999999972,-10.45619999999969
5,5.329070518200751e-15,7.815970093361102e-14,5.684341886080802e-14,0.0,0.0,0.0,-36.213499999999954,-12.548600000000782,-4.440892098500626e-14,9.999999971910256e-05,26.12170000000012,-29.491299999999946,46.873599999999925,-48.76199999999996,43.504000000000104,-5.258000000000081
6,0.0,-4.973799150320701e-14,0.00010000000001753051,0.0,0.0,0.0,-33.59520000000009,-17.85330000000055,3.375077994860476e-14,2.842170943040401e-14,24.46559999999987,-28.15400000000009,46.04049999999992,-51.448400000000674,42.352099999999936,-9.096300000001193
7,-2.3092638912203256e-14,-1.2789769243681803e-13,-1.0658141036401503e-13,0.0,0.0,0.0,-34.165099999999974,-7.085500000000433,3.552713678800501e-14,7.105427357601002e-14,20.548199999999905,-26.301899999999947,45.83159999999998,-41.250600000001086,40.07790000000006,-1.1727000000012566
8,-1.4210854715202004e-14,-1.4210854715202004e-13,-9.999999996779252e-05,0.0,0.0,0.0,-34.51280000000005,-14.247499999999032,-9.999999999976694e-05,-9.947598300641403e-14,24.935900000000018,-29.651900000000104,48.135899999999964,-48.760499999999084,43.41989999999999,-5.34059999999954
9,2.3092638912203256e-14,-8.526512829121202e-14,-7.815970093361102e-14,0.0,0.0,0.0,-33.92700000000004,-14.269300000000293,9.999999996246345e-05,-4.973799150320701e-13,26.42040000000001,-27.587100000000063,46.94930000000003,-48.196200000001596,45.78259999999986,-2.413600000001729
10,3.019806626980426e-14,0.00010000000007437393,2.842170943040401e-14,0.0,0.0,0.0,-40.161800000000035,-7.233300000000014,3.019806626980426e-14,3.126388037344441e-13,28.57560000000001,-29.982700000000094,50.19499999999998,-47.39499999999933,48.787899999999894,1.3929000000010205
11,-1.4210854715202004e-14,-1.1368683772161603e-13,-1.9895196601282805e-13,0.0,0.0,0.0,-32.02469999999996,-14.142799999998985,1.2434497875801753e-14,-1.1368683772161603e-13,29.025799999999954,-28.966800000000042,46.41209999999995,-46.167499999998654,46.47109999999964,0.303600000001893
12,5.3290705182007514e-14,-9.947598300641403e-14,-9.999999981147312e-05,0.0,0.0,0.0,-34.671300000000045,-7.480099999999943,-0.00010000000002996501,-0.00010000000023069333,16.6031000000002,-26.93500000000001,45.572999999999986,-42.15170000000046,35.24110000000017,-6.910599999999825
13,-1.4210854715202004e-14,9.999999992515995e-05,8.526512829121202e-14,0.0,0.0,0.0,-38.07319999999991,-12.928999999999498,-4.085620730620576e-14,1.9895196601282805e-13,26.43670000000005,-28.900600000000054,47.78109999999994,-51.00209999999984,45.31720000000005,-5.684899999999786
14,4.085620730620576e-14,-0.00010000000007437393,-2.842170943040401e-14,0.0,0.0,0.0,-38.98499999999994,-12.743800000000377,-0.0001000000000139778,-3.979039320256561e-13,22.946300000000083,-29.940099999999894,48.05289999999993,-51.72900000000118,41.059100000000115,-10.669900000001057
15,0.00010000000004062315,-2.1316282072803006e-14,1.2789769243681803e-13,0.0,0.0,0.0,-39.00380000000003,-6.877099999999647,-9.999999999266151e-05,7.389644451905042e-13,18.866899999999987,-29.255000000000067,47.431100000000015,-45.880899999998036,37.04299999999971,-8.837899999997873
16,3.197442310920451e-14,9.999999990384367e-05,2.1316282072803006e-14,0.0,0.0,0.0,-35.6542,-4.598600000000616,4.440892098500626e-14,-0.00010000000023069333,16.27149999999996,-27.12870000000011,46.101000000000006,-40.25280000000063,35.24379999999986,-5.009000000001002
17,-9.99999999891088e-05,-1.6342482922482304e-13,-0.00010000000002463594,0.0,0.0,0.0,-35.321599999999926,-2.462100000000767,-0.00010000000001220144,0.00010000000062859726,14.985099999999896,-28.309900000000155,46.26239999999996,-37.78389999999979,32.9375999999997,-4.846299999999417
18,9.999999997845066e-05,2.1316282072803006e-14,-2.842170943040401e-14,0.0,0.0,0.0,-35.42510000000003,-9.451000000000157,-1.4210854715202004e-14,1.8474111129762605e-13,22.72799999999998,-27.846900000000026,45.38659999999999,-44.875999999999465,40.26769999999994,-4.608299999999531
19,-2.1316282072803006e-14,7.105427357601002e-14,3.552713678800501e-14,0.0,0.0,0.0,-36.87210000000004,-1.4091000000003504,1.5987211554602254e-14,-1.4210854715202004e-13,12.746999999999826,-27.657899999999827,45.84359999999996,-38.28120000000001,30.93270000000007,-7.348499999999937
20,-7.105427357601002e-15,-0.00010000000001753051,1.2079226507921703e-13,0.0,0.0,0.0,-37.30970000000003,-8.982700000000733,4.440892098500626e-14,3.552713678800501e-13,22.21039999999998,-28.03590000000009,46.31670000000007,-46.29249999999999,40.49119999999996,-5.8012999999995785
21,8.881784197001252e-15,-7.105427357601002e-14,-1.4210854715202004e-14,0.0,0.0,0.0,-34.24430000000003,-12.601700000000232,0.00010000000003351772,6.536993168992922e-13,23.588400000000153,-27.416999999999945,47.16330000000001,-46.84589999999989,43.33470000000021,-3.5111999999996755
22,4.796163466380676e-14,-3.552713678800501e-14,-2.1316282072803006e-14,0.0,0.0,0.0,-31.78479999999999,-9.811400000001036,3.730349362740526e-14,6.679101716144942e-13,23.493300000000033,-30.044100000000007,46.79650000000004,-41.596199999999754,40.24570000000018,-1.3504999999998049
23,4.263256414560601e-14,0.00010000000001753051,-7.815970093361102e-14,0.0,0.0,0.0,-37.836500000000086,-11.332200000000277,3.552713678800501e-15,0.00010000000054333213,23.341199999999994,-29.240799999999936,47.07790000000002,-49.168499999999966,41.17830000000008,-7.990199999999888
24,-1.7763568394002505e-15,-3.552713678800501e-14,0.00010000000003884679,0.0,0.0,0.0,-32.64549999999999,-6.8954999999988935,-7.105427357601002e-15,2.842170943040401e-14,20.208199999999977,-27.459500000000013,47.485100000000095,-39.54089999999857,40.23380000000006,0.6929000000019343
25,-2.3092638912203256e-14,-9.999999993226538e-05,1.1368683772161603e-13,0.0,0.0,0.0,-34.37139999999993,-12.819399999998897,-3.552713678800501e-15,-7.105427357601002e-14,19.264299999999878,-28.18229999999984,43.47409999999998,-47.190899999998564,34.55610000000013,-12.634799999998208
26,2.3092638912203256e-14,6.394884621840902e-14,9.99999999891088e-05,0.0,0.0,0.0,-35.28940000000002,-5.454000000000434,-2.842170943040401e-14,-3.268496584496461e-13,17.710299999999897,-29.16529999999983,45.657599999999945,-40.74330000000087,34.2025999999999,-6.540700000001429
27,2.1316282072803006e-14,-2.1316282072803006e-14,1.1368683772161603e-13,0.0,0.0,0.0,-33.44020000000001,-16.03020000000159,1.7763568394002505e-14,1.9895196601282805e-13,26.498600000000103,-28.442299999999854,47.67919999999997,-49.47040000000109,45.73550000000022,-3.7349000000004153
28,1.4210854715202004e-14,9.99999999109491e-05,-1.1368683772161603e-13,0.0,0.0,0.0,-37.40619999999998,-6.891200000001007,8.881784197001252e-15,-6.679101716144942e-13,19.94730000000006,-30.218899999999984,48.2291,-44.29730000000126,37.95749999999997,-6.339800000001063
29,-2.6645352591003757e-14,-3.552713678800501e-14,-0.00010000000010990107,0.0,0.0,0.0,-40.09859999999995,-10.862099999999835,9.999999994647624e-05,-2.4158453015843406e-13,23.938299999999963,-28.479999999999997,47.32419999999999,-50.960700000000756,42.78249999999984,-8.178200000000459
30,3.552713678800501e-15,-2.842170943040401e-14,-9.947598300641403e-14,0.0,0.0,0.0,-37.0601,-9.69660000000091,-9.99999999891088e-05,-1.7053025658242404e-13,21.98909999999994,-28.76360000000009,47.46630000000005,-46.75680000000091,40.691800000000015,-6.065000000000666
31,2.842170943040401e-14,-7.105427357601002e-15,9.999999993937081e-05,0.0,0.0,0.0,-32.486499999999964,-7.646300000000355,-1.0658141036401503e-14,4.973799150320701e-13,16.836900000000053,-27.10040000000008,44.961300000000044,-40.13270000000129,34.69780000000024,-5.434900000001953
32,-3.552713678800501e-14,-1.7053025658242404e-13,-3.552713678800501e-14,0.0,0.0,0.0,-38.23400000000004,-12.326799999999466,2.842170943040401e-14,0.00010000000031595846,19.40520000000017,-29.358999999999966,46.261600000000065,-50.56069999999946,36.30780000000016,-14.252899999998398
33,9.999999997312159e-05,7.105427357601002e-14,1.2789769243681803e-13,0.0,0.0,0.0,-37.07479999999999,-12.710200000000007,3.730349362740526e-14,-9.947598300641403e-14,23.991299999999935,-28.763500000000057,47.24660000000002,-49.78489999999972,42.4743999999999,-7.310499999999827
34,0.0001000000000139778,-2.1316282072803006e-14,4.973799150320701e-14,0.0,0.0,0.0,-33.47049999999996,-14.72399999999838,-0.00010000000000864873,-9.999999964804829e-05,24.117100000000026,-29.496000000000095,46.76989999999999,-48.19459999999923,41.39099999999992,-6.803599999999534
35,3.019806626980426e-14,0.0,2.1316282072803006e-14,0.0,0.0,0.0,-37.843400000000095,-7.6274000000007085,5.329070518200751e-15,9.999999974752427e-05,22.511500000000098,-30.818999999999903,48.477100000000014,-45.470699999999965,40.16960000000032,-5.301099999999643
36,2.842170943040401e-14,-4.973799150320701e-14,-0.00010000000009569021,0.0,0.0,0.0,-37.84219999999998,-7.012200000000277,-5.329070518200751e-15,0.00010000000031595846,19.49550000000007,-29.916600000000074,47.978600000000014,-44.854400000000055,37.55750000000001,-7.296900000000036
37,-2.6645352591003757e-14,9.947598300641403e-14,1.1368683772161603e-13,0.0,0.0,0.0,-34.532199999999975,-11.380100000001129,1.9539925233402755e-14,4.405364961712621e-13,21.16829999999984,-28.52260000000004,47.40600000000006,-45.91230000000046,40.05169999999986,-5.860600000000595
38,-1.4210854715202004e-14,-9.947598300641403e-14,-1.8474111129762605e-13,0.0,0.0,0.0,-34.6903,-10.634199999998739,4.973799150320701e-14,3.979039320256561e-13,19.78099999999992,-29.07069999999991,46.1379,-45.32449999999875,36.848200000000126,-8.476299999998623
39,-3.552713678800501e-14,1.4921397450962104e-13,4.263256414560601e-14,0.0,0.0,0.0,-35.294199999999904,-12.457299999998487,9.99999999642398e-05,1.9895196601282805e-13,22.72150000000008,-29.122599999999935,47.869200000000035,-47.75139999999891,41.46810000000018,-6.283299999998505
40,9.99999999891088e-05,1.1368683772161603e-13,1.2789769243681803e-13,0.0,0.0,0.0,-34.06419999999991,-11.55599999999992,4.263256414560601e-14,-9.999999971910256e-05,20.220400000000122,-27.511500000000126,46.13559999999997,-45.62019999999947,38.84450000000008,-6.775699999999617
41,1.9539925233402755e-14,9.999999985410568e-05,-2.1316282072803006e-14,0.0,0.0,0.0,-35.30620000000001,-2.606699999998515,-7.105427357601002e-15,-4.973799150320701e-13,12.875000000000068,-29.746300000000055,45.14109999999999,-37.912799999998825,28.269799999999886,-9.642999999998942
42,-1.5987211554602254e-14,-1.2789769243681803e-13,4.263256414560601e-14,0.0,0.0,0.0,-34.60039999999996,-2.7816999999993577,1.9539925233402755e-14,-9.999999949172889e-05,15.254399999999823,-28.281599999999933,44.48069999999991,-37.38219999999879,31.453499999999803,-5.9286999999992105
43,2.6645352591003757e-14,2.1316282072803006e-14,-1.4210854715202004e-14,0.0,0.0,0.0,-34.31039999999999,-3.893600000000003,3.552713678800501e-15,-5.542233338928781e-13,13.82700000000019,-27.879999999999875,46.04690000000003,-38.20400000000012,31.993900000000345,-6.210099999999777
44,-4.085620730620576e-14,-3.552713678800501e-14,-7.105427357601002e-15,0.0,0.0,0.0,-36.82919999999997,-10.159500000000534,-4.263256414560601e-14,-5.684341886080801e-13,18.15239999999993,-27.837500000000006,46.09100000000001,-46.988700000001316,36.405900000000045,-10.58280000000127
45,-2.842170943040401e-14,4.263256414560601e-14,-0.00010000000001042508,0.0,0.0,0.0,-35.530499999999975,-15.588399999999918,0.0,-7.105427357601002e-14,23.37050000000001,-29.160599999999782,46.620300000000064,-51.118999999999346,40.83020000000052,-10.288799999998822
46,-7.105427357601002e-15,-1.2079226507921703e-13,-0.0001000000001454282,0.0,0.0,0.0,-34.03870000000004,-12.085799999998692,8.881784197001252e-15,-2.5579538487363607e-13,20.97760000000001,-28.957300000000195,45.98700000000003,-46.124599999999774,38.007299999999844,-8.11729999999993
47,-1.2434497875801753e-14,7.105427357601002e-15,-9.947598300641403e-14,0.0,0.0,0.0,-33.761700000000054,-4.021599999999346,1.7763568394002505e-15,-1.8474111129762605e-13,18.281099999999963,-26.731799999999907,44.82969999999997,-37.78330000000106,36.378999999999905,-1.4043000000004682
48,-2.1316282072803006e-14,7.105427357601002e-15,7.105427357601002e-15,0.0,0.0,0.0,-31.758500000000023,-2.8761000000011947,-5.329070518200751e-15,-2.842170943040401e-14,16.728700000000078,-27.988700000000073,46.60119999999996,-34.634600000000745,35.341200000000086,0.7065999999993409
49,3.019806626980426e-14,4.263256414560601e-14,-1.0658141036401503e-13,0.0,0.0,0.0,-37.02370000000001,-9.6186000000002,-1.0658141036401503e-14,-1.4210854715202004e-14,21.776599999999945,-28.059500000000064,46.93979999999992,-46.64230000000002,40.656899999999915,-5.98540000000078
50,-1.2434497875801753e-14,2.1316282072803006e-14,-9.999999997489795e-05,0.0,0.0,0.0,-32.93800000000006,-10.834999999999681,-2.4868995751603507e-14,-0.0001000000002733259,23.593299999999946,-28.224999999999902,47.80500000000001,-43.773200000000756,43.173300000000054,-0.5999000000007015
51,-5.3290705182007514e-14,-2.1316282072803006e-14,9.999999998200337e-05,0.0,0.0,0.0,-36.136399999999966,-8.024000000000036,0.00010000000000509601,1.8474111129762605e-13,21.616000000000085,-28.744599999999814,47.15829999999998,-44.160199999998994,40.029700000000254,-4.13049999999874
52,9.999999999799059e-05,-7.815970093361102e-14,4.263256414560601e-14,0.0,0.0,0.0,-34.56500000000004,-6.599299999999719,1.7763568394002505e-14,3.694822225952521e-13,15.847800000000003,-28.711499999999866,45.021699999999974,-41.16419999999985,32.158,-9.006199999999403
53,0.00010000000002463594,-1.7053025658242404e-13,-1.4921397450962104e-13,0.0,0.0,0.0,-33.594599999999964,-2.7681000000005476,-5.329070518200751e-15,5.826450433232822e-13,12.130399999999835,-28.432900000000018,45.71560000000004,-36.36260000000016,29.413099999999627,-6.9495000000000715
54,-2.6645352591003757e-14,-6.394884621840902e-14,0.00010000000001042508,0.0,0.0,0.0,-33.78369999999993,-12.426699999999446,0.0,5.542233338928781e-13,25.34790000000006,-29.55730000000007,49.76959999999999,-46.210299999999236,45.56019999999987,-0.6500999999989077
55,8.881784197001252e-15,8.526512829121202e-14,1.4210854715202004e-14,0.0,0.0,0.0,-34.572700000000026,-14.708699999999165,1.7763568394002505e-14,1.4210854715202004e-13,25.62250000000004,-27.99809999999995,45.36259999999992,-49.2813999999979,42.98700000000012,-6.294399999997772
56,0.00010000000002285958,-1.4210854715202004e-14,-4.263256414560601e-14,0.0,0.0,0.0,-31.692599999999995,-6.974500000000933,0.0001000000000015433,7.105427357601002e-13,14.885000000000058,-26.453000000000074,44.12019999999999,-38.66689999999916,32.552200000000084,-6.114699999999296
57,-1.0658141036401503e-14,8.526512829121202e-14,-7.105427357601002e-14,0.0,0.0,0.0,-33.423800000000014,-2.6975000000003426,0.00010000000001220144,3.836930773104541e-13,14.426699999999958,-27.086199999999927,45.13580000000002,-36.12119999999996,32.47630000000005,-3.6448999999999074
58,8.881784197001252e-15,1.4210854715202004e-14,-3.552713678800501e-14,0.0,0.0,0.0,-34.90490000000001,-2.1362999999994656,9.99999999766743e-05,-9.999999950593974e-05,14.226999999999908,-27.79490000000014,45.8216,-37.041199999999364,32.25369999999977,-4.7874999999996035
59,7.105427357601002e-15,1.4210854715202004e-14,1.3500311979441904e-13,0.0,0.0,0.0,-33.931900000000056,-3.575800000000651,1.0658141036401503e-14,-4.263256414560601e-14,15.903199999999785,-28.144600000000025,44.64500000000002,-37.50770000000121,32.40359999999989,-5.104100000001317
60,0.00010000000002996501,-7.105427357601002e-14,2.1316282072803006e-14,0.0,0.0,0.0,-35.157800000000016,4.771500000000529,-1.7763568394002505e-14,1.7053025658242404e-13,8.249099999999956,-28.801300000000076,44.17050000000009,-30.386199999999064,23.618299999999856,-6.767899999998747
61,7.105427357601002e-15,-0.00010000000004595222,-1.2789769243681803e-13,0.0,0.0,0.0,-37.63900000000009,-7.632399999999674,-9.999999997489795e-05,0.0,18.03069999999997,-28.70220000000006,45.715999999999916,-45.27159999999975,35.04449999999983,-10.227099999999929
62,5.329070518200751e-15,-1.1368683772161603e-13,0.0,0.0,0.0,0.0,-34.798599999999986,-2.556799999999889,0.0,3.410605131648481e-13,15.113199999999825,-27.294100000000057,44.40219999999997,-37.3554000000004,32.221299999999744,-5.1341000000006645
63,-3.552713678800501e-15,4.973799150320701e-14,0.00010000000003174137,0.0,0.0,0.0,-36.86369999999992,-3.0451000000007085,3.730349362740526e-14,-3.552713678800501e-13,20.745599999999953,-27.59659999999994,46.25789999999997,-39.90870000000058,39.406899999999986,-0.5018000000005927
64,-4.440892098500626e-14,4.973799150320701e-14,9.999999994647624e-05,0.0,0.0,0.0,-37.105099999999986,-6.624099999999071,0.00010000000003351772,1.4210854715202004e-13,21.894100000000133,-28.664400000000043,45.94419999999994,-43.728999999998365,39.173900000000145,-4.555099999998902
65,1.7763568394002505e-14,5.684341886080802e-14,-8.526512829121202e-14,0.0,0.0,0.0,-30.060400000000037,-6.117200000001102,9.999999998733244e-05,1.8474111129762605e-13,17.503199999999968,-24.392999999999944,44.40369999999999,-36.17750000000065,37.513900000000135,1.3363999999992515
66,3.197442310920451e-14,-7.105427357601002e-15,-2.1316282072803006e-14,0.0,0.0,0.0,-34.53629999999998,-9.582699999998244,9.999999997845066e-05,-3.979039320256561e-13,17.558200000000088,-27.577600000000018,44.28470000000006,-44.11889999999836,34.26530000000001,-9.85359999999767
67,-1.7763568394002505e-14,-1.0658141036401503e-13,2.1316282072803006e-14,0.0,0.0,0.0,-35.38190000000003,-11.329499999999477,1.9539925233402755e-14,9.947598300641403e-14,21.43639999999995,-28.61710000000012,48.50780000000001,-46.711399999998946,41.32709999999984,-5.384299999999563
68,-0.00010000000001575415,9.999999994647624e-05,-5.684341886080802e-14,0.0,0.0,0.0,-36.58999999999994,-14.7657999999995,8.881784197001252e-15,2.2737367544323206e-13,24.361800000000155,-27.459500000000133,46.04950000000005,-51.35579999999909,42.951800000000304,-8.403999999999243
69,1.5987211554602254e-14,-1.2789769243681803e-13,-9.237055564881302e-14,0.0,0.0,0.0,-36.80969999999999,-13.296699999999802,-5.329070518200751e-15,9.947598300641403e-14,23.045600000000206,-28.05960000000003,47.07039999999999,-50.106400000000065,42.05640000000028,-8.050000000000011
70,-1.0658141036401503e-14,1.4210854715202004e-14,-5.684341886080802e-14,0.0,0.0,0.0,-35.87,-7.244799999999742,-7.105427357601002e-15,-7.105427357601002e-14,19.80199999999995,-28.451700000000145,46.566499999999934,-43.11479999999976,37.916799999999625,-5.198000000000363
71,1.7763568394002505e-14,0.0,1.8474111129762605e-13,0.0,0.0,0.0,-34.92019999999999,-1.4651000000003123,0.00010000000002285958,6.821210263296962e-13,13.024900000000024,-28.087900000000168,44.827800000000046,-36.38519999999842,29.7647999999999,-6.620399999998064
72,-9.999999999088516e-05,9.999999999621423e-05,-0.00010000000010279564,0.0,0.0,0.0,-37.16670000000005,-6.41489999999963,9.769962616701378e-15,9.999999946330718e-05,18.567999999999863,-28.333600000000118,46.47220000000005,-43.581599999999725,36.70660000000002,-6.874999999999709
73,-7.105427357601002e-15,0.00010000000008147936,9.237055564881302e-14,0.0,0.0,0.0,-35.357899999999965,-12.211600000000757,1.7763568394002505e-14,9.999999950593974e-05,20.736299999999844,-28.097399999999887,45.49990000000001,-47.5693000000003,38.13879999999997,-9.430500000000322
74,-9.999999999621423e-05,9.999999998200337e-05,9.999999986121111e-05,0.0,0.0,0.0,-33.93500000000003,-7.069500000000126,-1.4210854715202004e-14,-5.542233338928781e-13,17.2204,-26.15539999999998,42.7179999999999,-41.004400000001056,33.78300000000003,-7.221400000000791
75,-8.881784197001252e-15,-9.237055564881302e-14,-9.99999998327894e-05,0.0,0.0,0.0,-40.79889999999995,-9.734999999999996,-1.0658141036401503e-14,-1.7053025658242404e-13,19.43039999999989,-30.856700000000068,46.914900000000024,-50.533999999999324,35.488599999999735,-15.045399999999368
76,5.329070518200751e-15,-1.7053025658242404e-13,-2.1316282072803006e-14,0.0,0.0,0.0,-31.32550000000001,-22.5626999999998,9.999999996956888e-05,8.668621376273222e-13,27.666999999999916,-29.684899999999935,48.63859999999995,-53.8880999999988,46.62069999999993,-7.26739999999932
77,0.00010000000002285958,-7.105427357601002e-14,-1.5631940186722204e-13,0.0,0.0,0.0,-32.58509999999999,-10.523000000000394,-0.00010000000002285958,9.999999927856607e-05,20.534399999999916,-28.69280000000014,46.1466,-43.108000000001326,37.988199999999665,-5.119800000000986
78,1.7763568394002505e-15,-2.842170943040401e-14,-2.842170943040401e-14,0.0,0.0,0.0,-35.373099999999965,-9.973300000000208,-2.6645352591003757e-14,-3.552713678800501e-13,19.32840000000006,-28.02650000000005,44.15960000000001,-45.34640000000158,35.46149999999991,-9.884900000001217
79,-0.00010000000002463594,-6.394884621840902e-14,-9.237055564881302e-14,0.0,0.0,0.0,-36.36330000000003,-3.159700000000626,-1.4210854715202004e-14,-2.5579538487363607e-13,15.983700000000187,-29.434500000000064,44.994499999999945,-39.523100000001335,31.54370000000007,-7.97940000000149
80,-4.796163466380676e-14,4.263256414560601e-14,-7.105427357601002e-15,0.0,0.0,0.0,-34.52870000000003,-9.367900000000223,-0.00010000000001930687,9.999999963383743e-05,24.90019999999993,-28.905299999999954,48.50070000000004,-43.89660000000059,44.49560000000001,0.5989999999994211
81,-1.0658141036401503e-14,-9.999999991805453e-05,1.2079226507921703e-13,0.0,0.0,0.0,-36.1173,-4.174900000000161,1.5987211554602254e-14,-9.99999995201506e-05,19.45990000000001,-28.10219999999989,45.52630000000004,-40.29239999999942,36.88400000000028,-3.4083999999995953
82,1.9539925233402755e-14,2.842170943040401e-14,-9.237055564881302e-14,0.0,0.0,0.0,-34.0751,-13.298599999999759,-7.105427357601002e-15,9.999999991805453e-05,23.042299999999905,-27.99819999999987,44.45210000000004,-47.37360000000061,39.49620000000007,-7.877400000000989
83,2.4868995751603507e-14,-1.8474111129762605e-13,7.815970093361102e-14,0.0,0.0,0.0,-34.36509999999997,-8.948699999999569,5.329070518200751e-15,-4.121147867408581e-13,21.01340000000013,-27.46430000000003,44.68460000000002,-43.31379999999935,38.233700000000226,-5.080099999998893
84,-3.552713678800501e-15,-4.263256414560601e-14,2.842170943040401e-14,0.0,0.0,0.0,-37.89309999999997,-11.068500000000277,-1.4210854715202004e-14,2.1316282072803006e-13,19.6738,-29.8266,48.63289999999996,-48.9616000000005,38.48009999999973,-10.481500000000771
85,4.263256414560601e-14,9.999999994647624e-05,-3.552713678800501e-14,0.0,0.0,0.0,-37.54099999999998,-2.6063999999997414,9.999999996601616e-05,2.842170943040401e-14,15.258999999999855,-30.57330000000004,47.346399999999946,-40.1471999999996,32.032099999999986,-8.115099999999615
86,5.329070518200751e-15,-9.999999998200337e-05,0.00010000000009569021,0.0,0.0,0.0,-34.95060000000001,-8.703799999999742,-5.329070518200751e-15,-9.99999997048917e-05,18.687999999999874,-28.3903999999999,46.42070000000001,-43.654499999999686,36.71829999999987,-6.93619999999936
87,0.0001000000000139778,-2.1316282072803006e-14,0.00010000000004595222,0.0,0.0,0.0,-34.627099999999984,-1.9110000000000191,-1.7763568394002505e-14,-0.00010000000004595222,14.909999999999982,-28.494300000000003,47.71510000000002,-36.53800000000071,34.1308,-2.4072000000007066
88,-5.329070518200751e-15,9.999999997489795e-05,1.0658141036401503e-13,0.0,0.0,0.0,-36.56259999999994,-11.39629999999947,9.999999999799059e-05,-8.526512829121202e-14,21.35890000000003,-28.62179999999998,45.770300000000034,-47.95870000000011,38.50740000000009,-9.451299999999563
89,-2.842170943040401e-14,5.684341886080802e-14,9.999999992515995e-05,0.0,0.0,0.0,-36.903499999999994,-3.002200000000812,3.019806626980426e-14,0.00010000000013121735,16.256500000000052,-29.061300000000067,47.89559999999997,-39.905499999999606,35.090799999999845,-4.81469999999976
90,2.4868995751603507e-14,0.00010000000012411192,-2.842170943040401e-14,0.0,0.0,0.0,-24.36880000000005,-18.73150000000044,2.1316282072803006e-14,9.999999959120487e-05,25.015799999999814,-27.157100000000014,45.29250000000001,-43.10010000000058,43.1511999999997,0.05109999999934445
91,-1.0658141036401503e-14,8.526512829121202e-14,4.263256414560601e-14,0.0,0.0,0.0,-36.618800000000036,-8.73350000000066,-9.769962616701378e-15,-7.673861546209082e-13,22.83579999999983,-29.42989999999994,48.695100000000004,-45.35230000000169,42.10099999999978,-3.2513000000021393
92,9.999999999976694e-05,-8.526512829121202e-14,-1.4210854715202004e-13,0.0,0.0,0.0,-35.39330000000002,-10.307700000000828,-3.552713678800501e-15,-9.947598300641403e-14,20.94750000000014,-27.346100000000078,46.052800000000055,-45.700900000000885,39.65420000000023,-6.0467000000008895
93,8.881784197001252e-15,-9.999999993937081e-05,2.1316282072803006e-14,0.0,0.0,0.0,-38.513900000000085,-5.448099999998508,-4.440892098500626e-14,4.547473508864641e-13,18.984199999999994,-29.344799999999886,46.340300000000006,-43.96209999999817,35.97970000000023,-7.9823999999984
94,1.0658141036401503e-14,-1.2789769243681803e-13,-1.1368683772161603e-13,0.0,0.0,0.0,-35.854800000000026,-8.884300000000216,1.2434497875801753e-14,3.836930773104541e-13,23.36120000000006,-28.532099999999943,47.608899999999984,-44.73909999999917,42.4380000000001,-2.3010999999990673
95,2.6645352591003757e-14,5.684341886080802e-14,1.3500311979441904e-13,0.0,0.0,0.0,-39.36500000000009,-14.20079999999945,3.730349362740526e-14,1.4210854715202004e-14,30.654099999999847,-31.178099999999844,49.19260000000005,-53.56579999999913,48.66860000000028,-4.897199999998854
96,-1.7763568394002505e-14,1.2789769243681803e-13,7.105427357601002e-15,0.0,0.0,0.0,-33.68980000000005,0.955500000000427,1.9539925233402755e-14,3.410605131648481e-13,14.371400000000104,-26.693999999999953,46.00649999999995,-32.73429999999921,33.683899999999994,0.9496000000005509
97,2.6645352591003757e-14,-2.1316282072803006e-14,-1.3500311979441904e-13,0.0,0.0,0.0,-37.71009999999999,-13.720199999999032,4.796163466380676e-14,4.547473508864641e-13,28.666699999999985,-29.675500000000007,50.34910000000003,-51.43029999999909,49.340300000000006,-2.089999999998632
98,-9.769962616701378e-15,1.2789769243681803e-13,-1.4210854715202004e-13,0.0,0.0,0.0,-34.96279999999996,-11.724300000001424,3.552713678800501e-15,-9.99999999891088e-05,20.11169999999982,-28.281599999999884,45.95749999999998,-46.68720000000174,37.787599999999806,-8.899600000001932
99,0.00010000000002108322,-3.552713678800501e-15,5.684341886080802e-14,0.0,0.0,0.0,-32.65100000000001,-11.27020000000071,-2.1316282072803006e-14,7.105427357601002e-14,21.230099999999965,-27.969799999999907,45.76239999999995,-43.92110000000072,39.022699999999894,-4.898400000001054
100,3.375077994860476e-14,0.0001000000001170065,-3.552713678800501e-14,0.0,0.0,0.0,-38.12100000000005,-8.119400000000152,0.00010000000002108322,0.00010000000024490419,20.009000000000118,-28.395100000000078,45.434999999999995,-46.24009999999977,37.04889999999992,-9.191199999999164
101,-7.105427357601002e-15,7.105427357601002e-15,-4.263256414560601e-14,0.0,0.0,0.0,-37.56249999999995,-18.231500000000523,-0.00010000000004595222,-9.947598300641403e-14,30.14389999999991,-28.31939999999991,47.76439999999999,-55.794100000000824,49.588899999999875,-6.20520000000095
102,3.019806626980426e-14,1.2789769243681803e-13,2.1316282072803006e-14,0.0,0.0,0.0,-36.79299999999994,-11.77450000000087,-3.907985046680551e-14,-8.100187187665142e-13,19.470700000000107,-28.343100000000078,46.553399999999925,-48.567500000001374,37.68100000000018,-10.886500000001192
103,-2.1316282072803006e-14,-7.105427357601002e-14,9.999999993937081e-05,0.0,0.0,0.0,-37.26169999999997,-3.9322000000007584,3.019806626980426e-14,-5.684341886080801e-13,14.830900000000092,-28.621900000000032,45.55269999999999,-41.19380000000149,31.761700000000047,-9.432100000001896
104,-9.999999999088516e-05,9.999999997489795e-05,-9.999999998200337e-05,0.0,0.0,0.0,-31.90480000000005,-7.729600000000968,-1.5987211554602254e-14,4.121147867408581e-13,20.915500000000115,-27.402799999999957,44.937999999999974,-39.63450000000137,38.45070000000013,-1.183800000001007
105,-2.6645352591003757e-14,1.9184653865522705e-13,-9.999999996068709e-05,0.0,0.0,0.0,-39.29399999999996,-16.940499999999446,-2.6645352591003757e-14,-9.947598300641403e-14,31.279099999999964,-30.05349999999988,49.59150000000004,-56.23459999999848,50.817100000000124,-5.41749999999881
106,1.4210854715202004e-14,-1.1368683772161603e-13,1.3500311979441904e-13,0.0,0.0,0.0,-33.1308,-11.4435,-0.00010000000000864873,7.105427357601002e-13,22.24820000000012,-27.275199999999842,47.3512,-44.574399999999486,42.324200000000275,-2.2501999999992037
107,-1.7763568394002505e-14,-7.815970093361102e-14,4.263256414560601e-14,0.0,0.0,0.0,-35.44170000000005,-14.81370000000009,0.00010000000000687237,-2.842170943040401e-14,28.321100000000097,-28.56990000000002,48.38940000000001,-50.25530000000069,48.140600000000205,-2.1147000000004823
108,-2.3092638912203256e-14,-3.552713678800501e-14,-1.4921397450962104e-13,0.0,0.0,0.0,-39.31890000000006,-10.434100000000495,0.0,9.999999979015683e-05,25.079599999999843,-30.8945000000001,48.84930000000002,-49.75290000000017,43.03439999999976,-6.718499999999956
109,9.999999999621423e-05,-9.237055564881302e-14,-9.999999986121111e-05,0.0,0.0,0.0,-32.297099999999915,-10.64719999999977,7.105427357601002e-15,-6.252776074688882e-13,23.09169999999993,-27.672100000000114,45.631299999999975,-42.94430000000034,41.050899999999785,-1.8934000000005469
110,-1.7763568394002505e-14,1.4210854715202004e-13,0.0001000000000672685,0.0,0.0,0.0,-34.14949999999997,-4.168199999998226,-1.9539925233402755e-14,5.115907697472721e-13,14.753399999999981,-26.783900000000173,44.37809999999997,-38.31759999999902,32.34759999999966,-5.96999999999867
111,-2.1316282072803006e-14,-1.2789769243681803e-13,-1.1368683772161603e-13,0.0,0.0,0.0,-38.48560000000003,-7.52099999999993,4.263256414560601e-14,7.105427357601002e-14,17.79090000000011,-28.777799999999992,45.87019999999993,-46.006599999998784,34.883299999999934,-11.123299999998842
112,-2.4868995751603507e-14,-5.684341886080802e-14,-3.552713678800501e-14,0.0,0.0,0.0,-31.76349999999997,-10.013400000000544,9.999999997489795e-05,0.0,19.23650000000009,-29.236100000000185,46.03919999999997,-41.776799999999184,36.03959999999988,-5.737199999999085
113,7.105427357601002e-15,2.4868995751603507e-14,-9.999999996779252e-05,0.0,0.0,0.0,-31.381000000000036,-6.62110000000003,-2.842170943040401e-14,-0.00010000000044385615,19.737799999999964,-27.865799999999872,44.52620000000004,-38.00230000000123,36.39820000000013,-1.6041000000008694
114,-9.999999994647624e-05,3.552713678800501e-14,-0.00010000000002463594,0.0,0.0,0.0,-34.35179999999995,-5.0209000000006405,-1.7763568394002505e-14,-7.247535904753022e-13,16.92389999999997,-27.639000000000067,46.457799999999956,-39.37290000000132,35.74269999999997,-3.630200000001345
115,-2.4868995751603507e-14,-2.842170943040401e-14,7.105427357601002e-15,0.0,0.0,0.0,-40.81290000000002,-9.366300000000496,3.907985046680551e-14,2.984279490192421e-13,19.385299999999834,-30.804799999999993,48.734100000000026,-50.17920000000025,37.31459999999976,-12.864600000000493
116,3.8191672047105385e-14,-9.947598300641403e-14,-8.526512829121202e-14,0.0,0.0,0.0,-38.579199999999965,-13.652699999999271,-4.440892098500626e-14,5.258016244624741e-13,23.523999999999877,-29.103799999999907,47.80730000000005,-52.23189999999947,42.22749999999991,-10.004399999999798
117,1.9539925233402755e-14,6.394884621840902e-14,-2.1316282072803006e-14,0.0,0.0,0.0,-40.14819999999999,-14.131999999999469,1.0658141036401503e-14,-2.5579538487363607e-13,25.451000000000075,-30.38910000000007,48.224700000000084,-54.280200000000605,43.28660000000009,-10.993600000000967
118,-0.00010000000000687237,1.7053025658242404e-13,5.684341886080802e-14,0.0,0.0,0.0,-37.38520000000005,-7.433099999999477,-8.881784197001252e-15,4.121147867408581e-13,21.962099999999943,-30.209400000000016,48.13579999999994,-44.818399999997936,39.88849999999998,-4.929899999998177
119,-9.999999999621423e-05,-7.815970093361102e-14,-7.815970093361102e-14,0.0,0.0,0.0,-34.93410000000004,-11.43689999999992,-8.881784197001252e-15,1.1368683772161603e-13,19.648499999999927,-29.302200000000006,47.84959999999999,-46.37110000000081,38.19589999999991,-8.175200000001354
120,-3.552713678800501e-15,9.999999996779252e-05,4.973799150320701e-14,0.0,0.0,0.0,-37.23820000000001,-12.630899999999599,-9.999999995180531e-05,-1.7053025658242404e-13,22.6562999999999,-28.98089999999997,47.59680000000006,-49.869099999999946,41.27219999999987,-8.596900000000304
121,4.440892098500626e-14,0.00010000000004595222,7.105427357601002e-14,0.0,0.0,0.0,-32.69659999999997,-12.540500000000211,-0.00010000000003529408,1.7053025658242404e-13,19.910999999999895,-27.341300000000224,45.3554,-45.237099999999884,37.925099999999674,-7.3120000000006655
122,1.0658141036401503e-14,4.263256414560601e-14,-0.00010000000003174137,0.0,0.0,0.0,-39.316699999999955,-16.156000000001043,7.105427357601002e-15,-3.268496584496461e-13,26.682699999999965,-28.796699999999895,49.072899999999954,-55.47280000000153,46.958900000000256,-8.513900000001279
123,0.0,9.999999994647624e-05,1.0658141036401503e-13,0.0,0.0,0.0,-37.18570000000003,-11.140600000000259,-1.4210854715202004e-14,-6.252776074688882e-13,21.240000000000087,-28.64559999999998,47.35609999999999,-48.32620000000037,39.95050000000021,-8.375700000000158
124,-0.00010000000002907683,0.0,-6.394884621840902e-14,0.0,0.0,0.0,-36.69910000000002,-12.243400000000921,-1.5987211554602254e-14,4.263256414560601e-13,27.93759999999986,-29.949599999999975,48.65320000000002,-48.9426000000004,46.641199999999905,-2.3014000000007186
125,3.375077994860476e-14,-0.00010000000010279564,1.9184653865522705e-13,0.0,0.0,0.0,-32.01959999999991,1.2502999999993776,-2.842170943040401e-14,2.5579538487363607e-13,11.206999999999997,-29.316500000000083,45.48239999999992,-30.769399999999223,27.372899999999834,-3.396499999999385
126,-0.00010000000001220144,8.526512829121202e-14,9.999999993937081e-05,0.0,0.0,0.0,-33.02479999999999,-3.6450000000004117,3.375077994860476e-14,-4.405364961712621e-13,16.50620000000003,-28.796699999999994,46.27570000000001,-36.66980000000051,33.98520000000005,-2.6846000000006924
127,5.329070518200751e-15,-7.105427357601002e-15,7.105427357601002e-15,0.0,0.0,0.0,-40.741100000000024,-17.1774000000003,8.881784197001252e-15,5.684341886080802e-14,32.83139999999996,-30.497700000000073,49.39119999999995,-57.91850000000116,51.72489999999972,-6.193600000001446
128,-1.7763568394002505e-15,9.999999986831654e-05,-1.6342482922482304e-13,0.0,0.0,0.0,-35.94310000000001,-15.553900000001484,-1.7763568394002505e-14,2.984279490192421e-13,24.963099999999944,-29.448799999999913,47.571799999999946,-51.49690000000011,43.08610000000009,-8.410800000000016
129,-0.00010000000002463594,-0.00010000000008858478,0.00010000000009569021,0.0,0.0,0.0,-37.3831,-7.941799999999038,8.881784197001252e-15,3.410605131648481e-13,16.353899999999843,-28.673799999999915,45.9013,-45.32499999999915,33.581400000000045,-11.743599999999795
130,9.99999999766743e-05,-7.105427357601002e-14,-1.0658141036401503e-13,0.0,0.0,0.0,-36.06480000000001,-12.286200000000708,-9.999999998022702e-05,-2.4158453015843406e-13,25.219999999999875,-28.324199999999955,48.209299999999956,-48.351000000000795,45.10509999999988,-3.2459000000004608
131,-3.730349362740526e-14,9.237055564881302e-14,4.263256414560601e-14,0.0,0.0,0.0,-40.27730000000006,-13.594799999999672,2.1316282072803006e-14,2.1316282072803006e-13,38.35270000000001,-31.30099999999996,51.392799999999994,-53.872099999999946,58.444499999999934,4.572399999999988
132,-0.0001000000000264123,9.999999999621423e-05,9.999999990384367e-05,0.0,0.0,0.0,-36.3376,-16.668699999999156,-1.9539925233402755e-14,-0.00010000000018806077,28.22940000000007,-27.747799999999884,47.60089999999998,-53.006299999998774,48.08250000000017,-4.923799999998607
133,2.3092638912203256e-14,3.552713678800501e-14,1.9184653865522705e-13,0.0,0.0,0.0,-34.252000000000024,-8.432499999999205,1.5987211554602254e-14,9.947598300641403e-14,19.301899999999875,-27.610699999999945,46.66280000000001,-42.68449999999932,38.354000000000056,-4.330499999999944
134,1.2434497875801753e-14,-9.999999986831654e-05,9.947598300641403e-14,0.0,0.0,0.0,-36.02760000000004,-11.69670000000023,-0.00010000000003884679,3.979039320256561e-13,22.803899999999977,-29.325799999999916,45.98479999999998,-47.72450000000006,39.462900000000154,-8.261600000000584
135,0.0001000000000139778,9.947598300641403e-14,-9.947598300641403e-14,0.0,0.0,0.0,-34.06760000000001,-20.997999999999863,-0.00010000000002996501,-0.00010000000015963906,34.38460000000011,-30.672499999999978,47.45619999999997,-55.06570000000039,51.1683000000001,-3.8974000000007436
136,9.999999999621423e-05,-1.1368683772161603e-13,0.00010000000001753051,0.0,0.0,0.0,-39.54789999999998,-12.486899999999935,1.7763568394002505e-15,0.0001000000002733259,31.35009999999989,-30.2519,50.72889999999996,-52.03450000000048,51.82709999999985,-0.20740000000062508
137,2.6645352591003757e-14,-9.99999999891088e-05,3.552713678800501e-14,0.0,0.0,0.0,-33.28549999999997,-6.461599999999265,0.0001000000000015433,7.105427357601002e-14,16.258400000000076,-27.05320000000016,45.891900000000035,-39.74709999999881,35.097099999999955,-4.649999999998855
138,7.105427357601002e-15,9.237055564881302e-14,-7.105427357601002e-14,0.0,0.0,0.0,-34.74580000000004,-14.090800000000645,-9.999999998555609e-05,0.0,25.137800000000034,-29.87879999999982,45.721100000000035,-48.83670000000052,40.980100000000135,-7.856599999999929
139,2.1316282072803006e-14,0.0001000000000672685,-1.4921397450962104e-13,0.0,0.0,0.0,-34.658000000000015,-4.371400000000747,7.105427357601002e-15,7.247535904753022e-13,19.808400000000116,-28.32419999999997,47.617399999999996,-39.029300000001214,39.10160000000003,0.07229999999903924
140,-3.197442310920451e-14,-9.999999987542196e-05,7.815970093361102e-14,0.0,0.0,0.0,-34.695100000000025,-7.571700000000316,1.5987211554602254e-14,-1.7053025658242404e-13,19.717200000000165,-28.976300000000073,44.690199999999955,-42.266899999999936,35.43110000000027,-6.835799999999658
141,5.329070518200751e-15,-9.999999999621423e-05,9.99999999891088e-05,0.0,0.0,0.0,-35.935999999999986,-13.30679999999905,-2.4868995751603507e-14,1.4210854715202004e-13,21.795600000000025,-29.25019999999985,46.87810000000002,-49.24279999999868,39.4235000000003,-9.819299999998833
142,-0.00010000000001753051,9.237055564881302e-14,-4.263256414560601e-14,0.0,0.0,0.0,-36.21429999999992,-12.551000000000016,-2.6645352591003757e-14,-0.00010000000035859102,20.062399999999993,-27.256399999999992,43.41329999999999,-48.765500000000756,36.21929999999999,-12.546200000000994
143,3.019806626980426e-14,-9.999999987542196e-05,-7.105427357601002e-14,0.0,0.0,0.0,-33.046199999999956,-10.727999999999067,-5.062616992290714e-14,1.7053025658242404e-13,21.095900000000192,-27.572900000000033,45.654399999999946,-43.7742999999995,39.177400000000105,-4.596899999998705
144,-7.105427357601002e-15,-4.973799150320701e-14,-9.947598300641403e-14,0.0,0.0,0.0,-35.193500000000064,-7.906100000000386,2.1316282072803006e-14,1.9895196601282805e-13,20.993999999999932,-28.919499999999935,47.775899999999965,-43.099600000000606,39.85039999999985,-3.2492000000009824
145,1.9539925233402755e-14,0.00010000000001042508,1.4210854715202004e-13,0.0,0.0,0.0,-40.383699999999976,-11.505300000001142,-0.0001000000000139778,0.00010000000015963906,25.76319999999998,-29.958999999999968,50.20920000000002,-51.88890000000012,46.01340000000026,-5.875500000000322
146,0.00010000000002285958,1.1368683772161603e-13,-7.105427357601002e-15,0.0,0.0,0.0,-33.88160000000001,-12.25009999999892,1.9539925233402755e-14,-1.2789769243681803e-13,22.215099999999968,-28.52740000000002,47.00489999999997,-46.13159999999844,40.69259999999991,-5.438999999998522
147,-2.1316282072803006e-14,4.263256414560601e-14,-7.105427357601002e-14,0.0,0.0,0.0,-39.50459999999999,-8.408000000000147,-1.0658141036401503e-14,1.7053025658242404e-13,23.320200000000025,-29.45349999999989,49.874500000000054,-47.91259999999963,43.74120000000019,-4.171399999999437
148,-7.105427357601002e-15,2.1316282072803006e-14,-0.00010000000009569021,0.0,0.0,0.0,-35.637999999999955,-11.489300000000291,7.105427357601002e-15,1.2789769243681803e-13,21.1276000000001,-27.610699999999888,45.73479999999997,-47.127400000000435,39.2517000000003,-7.875700000000371
149,-0.00010000000002108322,6.394884621840902e-14,9.999999996779252e-05,0.0,0.0,0.0,-39.44840000000002,-9.729399999999252,-0.00010000000000509601,5.115907697472721e-13,25.57639999999982,-29.099099999999915,49.099700000000034,-49.17790000000025,45.577000000000055,-3.600900000000884
150,4.263256414560601e-14,-5.684341886080802e-14,-6.394884621840902e-14,0.0,0.0,0.0,-34.725399999999965,-11.184499999999364,-5.329070518200751e-15,2.8421709430404007e-13,19.347600000000195,-27.204299999999968,46.19959999999997,-45.909899999998686,38.3429000000002,-7.56699999999848
151,3.552713678800501e-15,-7.815970093361102e-14,-1.2789769243681803e-13,0.0,0.0,0.0,-33.73349999999997,-9.853299999999678,9.999999999621423e-05,0.00010000000052912128,20.717899999999965,-26.65619999999982,45.286700000000074,-43.58659999999951,39.34840000000033,-4.23819999999872
152,3.197442310920451e-14,9.947598300641403e-14,-1.5631940186722204e-13,0.0,0.0,0.0,-37.24739999999989,-15.609100000000929,-9.999999997312159e-05,-2.842170943040401e-14,25.82679999999997,-27.875399999999978,46.97180000000011,-52.856600000000384,44.9232000000001,-7.933400000000056
153,-1.7763568394002505e-15,1.3500311979441904e-13,-7.105427357601002e-15,0.0,0.0,0.0,-36.503300000000074,-7.297499999999864,9.999999997489795e-05,1.1368683772161603e-13,21.02900000000009,-27.700499999999835,44.88350000000004,-43.800700000000006,38.21200000000041,-5.588699999999605
154,2.3092638912203256e-14,-3.552713678800501e-14,-6.394884621840902e-14,0.0,0.0,0.0,-35.2624,-5.492099999998789,5.329070518200751e-15,-0.00010000000065701897,17.09510000000009,-28.00759999999999,45.50779999999999,-40.75459999999987,34.595300000000094,-6.159299999999547
155,1.2434497875801753e-14,1.7763568394002505e-13,-0.00010000000002463594,0.0,0.0,0.0,-34.201200000000064,-20.193099999998836,-2.4868995751603507e-14,9.999999986121111e-05,31.678799999999875,-27.605899999999785,47.62409999999996,-54.39429999999831,51.697000000000166,-2.697299999998144
156,3.375077994860476e-14,1.0658141036401503e-13,6.394884621840902e-14,0.0,0.0,0.0,-34.42620000000004,-18.687999999999693,-1.5987211554602254e-14,4.689582056016661e-13,29.454299999999982,-26.911399999999965,45.484700000000004,-53.11419999999926,48.02759999999991,-5.086599999999578
157,1.0658141036401503e-14,-2.1316282072803006e-14,-3.552713678800501e-14,0.0,0.0,0.0,-37.252899999999954,-11.092699999999965,-2.842170943040401e-14,-9.999999990384367e-05,22.87290000000008,-27.865900000000074,46.94479999999994,-48.34570000000008,41.95179999999994,-6.393900000000137
158,1.5987211554602254e-14,-4.973799150320701e-14,-4.263256414560601e-14,0.0,0.0,0.0,-40.7209,-14.00330000000108,1.4210854715202004e-14,-0.00010000000013121735,26.678299999999908,-30.31810000000017,49.0025,-54.724300000000696,45.36269999999985,-9.361600000000621
159,3.197442310920451e-14,1.8474111129762605e-13,-0.00010000000003174137,0.0,0.0,0.0,-33.85420000000002,-10.18870000000027,-1.7763568394002505e-14,-4.973799150320701e-13,25.33070000000003,-27.672199999999904,48.05669999999996,-44.04300000000096,45.71520000000008,1.6721999999988952
160,-4.263256414560601e-14,3.552713678800501e-14,-2.842170943040401e-14,0.0,0.0,0.0,-37.08050000000007,-15.199600000000213,7.105427357601002e-15,-4.263256414560601e-13,26.32099999999991,-27.979199999999942,46.30280000000005,-52.28010000000114,44.644600000000125,-7.635500000000789
161,-1.4210854715202004e-14,-3.552713678800501e-14,-3.552713678800501e-14,0.0,0.0,0.0,-33.46549999999992,-10.049099999999314,9.99999999891088e-05,-4.689582056016661e-13,22.202999999999886,-27.464299999999895,44.8032,-43.514500000000254,39.5419000000001,-3.9725999999996944
162,5.3290705182007514e-14,-9.999999992515995e-05,-1.9895196601282805e-13,0.0,0.0,0.0,-35.34229999999997,-15.065200000000406,-1.9539925233402755e-14,-4.973799150320701e-13,25.58549999999999,-27.82799999999991,45.72329999999995,-50.407600000000386,43.480800000000144,-6.926800000000014
163,-2.1316282072803006e-14,-9.999999988963282e-05,9.999999996779252e-05,0.0,0.0,0.0,-37.450999999999965,-12.886700000000697,-5.329070518200751e-15,-9.947598300641403e-14,22.043399999999973,-29.46290000000002,47.62950000000004,-50.337700000000936,40.20999999999988,-10.127700000001276
164,-7.105427357601002e-15,0.0,-9.237055564881302e-14,0.0,0.0,0.0,-36.96280000000007,-11.046000000000955,-3.197442310920451e-14,-9.947598300641403e-14,24.70649999999994,-28.721000000000174,47.32739999999993,-48.00880000000258,43.312899999999814,-4.695900000002773
165,5.329070518200751e-15,-7.105427357601002e-15,-7.105427357601002e-15,0.0,0.0,0.0,-35.81609999999999,-14.683400000000137,-1.9539925233402755e-14,9.999999997489795e-05,28.320499999999896,-30.313399999999874,50.47850000000005,-50.49940000000018,48.48560000000007,-2.013799999999655
166,8.881784197001252e-15,-1.4210854715202004e-14,9.947598300641403e-14,0.0,0.0,0.0,-36.17909999999999,-5.172999999998947,-0.0001000000000264123,-0.00010000000048648872,15.926199999999998,-27.936800000000133,45.94799999999997,-41.35229999999993,33.937399999999954,-7.414899999999754
167,-3.730349362740526e-14,-0.00010000000008147936,-1.7763568394002505e-13,0.0,0.0,0.0,-33.18949999999996,-14.779300000000447,1.2434497875801753e-14,-4.405364961712621e-13,23.615599999999993,-26.25930000000004,45.11829999999997,-47.96890000000141,42.474599999999924,-5.494300000001715
168,8.881784197001252e-16,3.552713678800501e-14,-1.4210854715202004e-14,0.0,0.0,0.0,-34.159499999999966,-11.87280000000116,3.730349362740526e-14,-6.536993168992922e-13,22.4717999999999,-30.47400000000014,47.6495999999999,-46.032300000001555,39.647399999999664,-6.384900000001444
169,-9.999999998377973e-05,-8.526512829121202e-14,1.5631940186722204e-13,0.0,0.0,0.0,-33.240899999999954,-8.513500000000011,9.999999998466791e-05,4.689582056016661e-13,18.725499999999926,-27.96030000000013,43.52830000000001,-41.75439999999834,34.29349999999969,-7.460899999998652
170,-1.0658141036401503e-14,-4.263256414560601e-14,-5.684341886080802e-14,0.0,0.0,0.0,-37.69599999999999,-8.068900000000212,2.1316282072803006e-14,9.999999969068085e-05,15.527300000000125,-28.352499999999964,44.80180000000002,-45.764800000000776,31.976600000000296,-13.78820000000048
171,-2.4868995751603507e-14,-1.2789769243681803e-13,-0.00010000000006016307,0.0,0.0,0.0,-33.427200000000056,-5.365900000000362,-1.9539925233402755e-14,-5.684341886080801e-13,18.1925000000001,-30.648899999999976,44.3583000000001,-38.793199999999516,31.90190000000022,-6.8912999999992905
172,-8.881784197001252e-15,-2.842170943040401e-14,-4.973799150320701e-14,0.0,0.0,0.0,-29.995800000000052,-12.39030000000071,1.7763568394002505e-14,-4.831690603168681e-13,21.035999999999905,-26.854700000000122,42.162100000000045,-42.38610000000092,36.34339999999983,-6.0427000000015525
173,0.00010000000001753051,0.0,1.2789769243681803e-13,0.0,0.0,0.0,-35.598800000000004,-5.3774999999993085,4.3520742565306136e-14,-4.973799150320701e-13,21.47610000000012,-26.850000000000158,43.828099999999935,-40.97619999999995,38.45419999999979,-2.5219999999999345
174,3.552713678800501e-14,1.1368683772161603e-13,-1.1368683772161603e-13,0.0,0.0,0.0,-33.281400000000005,-13.078900000000111,-0.00010000000001220144,9.99999992359335e-05,21.91039999999996,-27.60129999999988,43.95229999999999,-46.360299999999256,38.26139999999995,-8.09889999999885
175,7.105427357601002e-15,-7.105427357601002e-14,9.999999995358166e-05,0.0,0.0,0.0,-35.87949999999997,-12.493000000001118,3.552713678800501e-15,-7.673861546209082e-13,20.507899999999836,-28.03599999999988,44.8983,-48.3724000000019,37.370199999999954,-11.002200000002638
176,-9.999999999621423e-05,4.263256414560601e-14,9.237055564881302e-14,0.0,0.0,0.0,-35.09089999999992,-14.400200000000446,-1.5987211554602254e-14,-9.999999974752427e-05,22.984200000000154,-27.28470000000015,46.49339999999994,-49.49129999999937,42.19290000000005,-7.298399999999546
177,4.085620730620576e-14,1.7763568394002505e-13,-3.552713678800501e-14,0.0,0.0,0.0,-35.66990000000001,-7.426699999999389,1.4210854715202004e-14,-3.694822225952521e-13,20.799199999999896,-28.432899999999947,46.69270000000005,-43.09659999999894,39.059,-4.037599999998939
178,-0.00010000000000687237,6.394884621840902e-14,-1.4210854715202004e-14,0.0,0.0,0.0,-39.5527,-7.023200000000799,-1.9539925233402755e-14,-2.2737367544323206e-13,23.884800000000013,-28.80619999999989,48.322799999999965,-46.57600000000089,43.40140000000009,-3.174600000000119
179,-1.9539925233402755e-14,-2.842170943040401e-14,-9.999999990384367e-05,0.0,0.0,0.0,-38.60369999999998,-13.39180000000022,0.00010000000001042508,-1.4210854715202004e-14,25.465399999999967,-29.269100000000023,48.367799999999995,-51.99550000000117,44.56410000000005,-7.431400000001119
180,9.999999997134523e-05,-0.00010000000002463594,-0.00010000000008147936,0.0,0.0,0.0,-36.30830000000008,-10.231199999999777,-4.263256414560601e-14,5.542233338928781e-13,21.357399999999878,-29.075400000000066,46.958299999999994,-46.539599999999965,39.24029999999992,-7.299300000000045
181,1.5987211554602254e-14,-0.00010000000016674448,-0.00010000000006016307,0.0,0.0,0.0,-37.02529999999997,-9.302500000000048,7.105427357601002e-15,1.4210854715202004e-14,22.03210000000004,-28.432799999999993,48.709499999999984,-46.32800000000118,42.30879999999992,-4.01920000000127
182,-1.0658141036401503e-14,0.00010000000004595222,-9.999999992515995e-05,0.0,0.0,0.0,-33.82539999999995,-18.227699999999853,0.0,2.842170943040401e-14,26.52719999999985,-28.716300000000132,47.59159999999997,-52.0531,45.40249999999958,-6.6506000000004235
183,-9.999999999088516e-05,6.394884621840902e-14,0.0,0.0,0.0,0.0,-38.68199999999993,-19.9840000000001,-0.00010000000001042508,9.999999947751803e-05,32.94360000000009,-32.16549999999989,50.265999999999906,-58.66610000000138,51.0441000000001,-7.622000000001279
184,2.842170943040401e-14,-2.842170943040401e-14,-7.105427357601002e-14,0.0,0.0,0.0,-34.05229999999999,-15.261900000000619,-9.999999997489795e-05,9.999999959120487e-05,24.948700000000034,-29.547999999999888,47.42600000000001,-49.314200000001065,42.82669999999993,-6.487500000000686
185,9.999999999088516e-05,6.394884621840902e-14,-0.00010000000000331966,0.0,0.0,0.0,-33.169400000000024,-5.960799999998734,-1.5987211554602254e-14,-0.00010000000055754299,15.952300000000033,-27.903600000000033,45.89079999999992,-39.13029999999961,33.9394999999997,-5.190799999999918
186,-1.4210854715202004e-14,-3.552713678800501e-14,7.815970093361102e-14,0.0,0.0,0.0,-35.128499999999995,-11.719099999999216,1.5987211554602254e-14,-2.2737367544323206e-13,22.099099999999947,-28.962000000000003,48.60910000000004,-46.84759999999889,41.74619999999999,-5.101399999999131
187,0.00010000000003351772,0.0001000000000672685,-3.552713678800501e-14,0.0,0.0,0.0,-33.2583,-9.398199999999228,0.00010000000003174137,-6.821210263296962e-13,18.425000000000004,-27.31769999999989,47.80260000000009,-42.65619999999987,38.90990000000032,-3.746299999999316
188,-1.0658141036401503e-14,0.00010000000002463594,-0.00010000000001753051,0.0,0.0,0.0,-36.6052,-14.30810000000034,1.7763568394002505e-14,-2.842170943040401e-14,26.95260000000006,-29.146300000000117,48.77099999999997,-50.91329999999948,46.577299999999916,-4.335999999999572
189,-3.375077994860476e-14,0.00010000000008858478,-9.237055564881302e-14,0.0,0.0,0.0,-35.45420000000003,-17.013999999999008,3.552713678800501e-15,-1.2789769243681803e-13,33.102900000000176,-29.642500000000084,47.967599999999976,-52.46809999999796,51.42800000000018,-1.0400999999980058
190,-3.552713678800501e-15,-0.00010000000002463594,-1.7053025658242404e-13,0.0,0.0,0.0,-36.15259999999999,-6.693900000000188,-5.329070518200751e-15,-3.552713678800501e-13,21.03299999999989,-27.256299999999953,46.0864,-42.846600000000066,39.86309999999993,-2.983499999999907
191,-4.085620730620576e-14,-4.973799150320701e-14,-3.552713678800501e-14,0.0,0.0,0.0,-38.47960000000007,-8.937799999999932,2.3092638912203256e-14,3.126388037344441e-13,21.769400000000008,-29.529100000000035,48.4305,-47.4173999999995,40.67079999999997,-6.746599999999297
192,-0.00010000000001930687,0.00010000000012411192,6.394884621840902e-14,0.0,0.0,0.0,-36.986,-12.925100000000377,-9.999999998022702e-05,-1.5631940186722204e-13,26.241400000000084,-27.47839999999998,47.45319999999993,-49.91120000000039,46.21620000000015,-3.695000000000242
193,-1.2434497875801753e-14,9.237055564881302e-14,-8.526512829121202e-14,0.0,0.0,0.0,-31.37789999999991,-12.052400000000095,1.7763568394002505e-15,9.947598300641403e-14,19.140300000000064,-27.142899999999912,42.51680000000003,-43.430299999999775,34.5142000000003,-8.916100000000156
194,-3.907985046680551e-14,-6.394884621840902e-14,3.552713678800501e-14,0.0,0.0,0.0,-36.07000000000006,-12.21229999999996,0.0,3.552713678800501e-13,21.192200000000096,-28.007500000000142,44.63569999999993,-48.28230000000046,37.82039999999999,-10.461900000000696
195,1.4210854715202004e-14,1.4210854715202004e-14,9.237055564881302e-14,0.0,0.0,0.0,-34.10019999999997,-8.365199999999398,3.552713678800501e-15,0.00010000000048648872,18.622800000000034,-28.782500000000006,46.04110000000001,-42.46529999999967,35.88140000000015,-6.583899999999751
196,4.085620730620576e-14,1.7053025658242404e-13,1.3500311979441904e-13,0.0,0.0,0.0,-31.07199999999999,-9.476500000001046,-3.019806626980426e-14,-0.0001000000001170065,20.111999999999963,-24.53940000000012,43.64179999999999,-40.5486000000009,39.21439999999983,-1.3342000000017578
197,2.6645352591003757e-14,-2.842170943040401e-14,9.947598300641403e-14,0.0,0.0,0.0,-36.216800000000106,-8.017600000000453,1.9539925233402755e-14,-7.815970093361102e-13,22.255699999999962,-29.20770000000003,47.17780000000005,-44.23440000000117,40.225799999999865,-4.008600000000854
198,2.3092638912203256e-14,1.4921397450962104e-13,9.947598300641403e-14,0.0,0.0,0.0,-39.15850000000002,-15.17099999999883,3.730349362740526e-14,-1.9895196601282805e-13,29.215000000000224,-31.12609999999985,51.48939999999997,-54.329499999998006,49.57830000000045,-4.751199999997787
199,-2.4868995751603507e-14,-1.4210854715202004e-14,-3.552713678800501e-14,0.0,0.0,0.0,-39.955900000000035,-12.242999999999938,8.881784197001252e-15,5.684341886080802e-14,23.496500000000044,-29.13219999999989,49.77919999999998,-52.19889999999941,44.14350000000013,-8.055399999999274
200,1.7763568394002505e-15,-9.947598300641403e-14,-7.105427357601002e-14,0.0,0.0,0.0,-33.96510000000002,-14.938000000001246,4.085620730620576e-14,4.831690603168681e-13,23.659600000000026,-26.24979999999993,43.64109999999996,-48.90310000000082,41.050900000000055,-7.852200000000764
201,5.329070518200751e-15,-1.2079226507921703e-13,-9.947598300641403e-14,0.0,0.0,0.0,-36.35410000000002,-11.811100000000355,3.552713678800501e-14,-7.105427357601002e-14,21.82720000000011,-29.940099999999987,47.18260000000002,-48.16519999999987,39.06970000000003,-9.09549999999983
202,0.00010000000003351772,-2.1316282072803006e-14,9.999999984700025e-05,0.0,0.0,0.0,-34.38989999999996,-14.614800000000255,-5.329070518200751e-15,-9.999999966225914e-05,25.613499999999856,-30.743300000000048,47.83840000000005,-49.0045999999999,42.70859999999975,-6.296000000000149
203,-2.3092638912203256e-14,-0.00010000000008858478,-3.552713678800501e-14,0.0,0.0,0.0,-29.86750000000001,-14.87539999999948,1.9539925233402755e-14,-2.2737367544323206e-13,21.856199999999944,-23.15030000000005,41.52170000000006,-44.7429999999996,40.22759999999995,-4.515399999999644
204,1.5987211554602254e-14,-3.552713678800501e-14,4.973799150320701e-14,0.0,0.0,0.0,-33.86089999999997,-21.838999999999157,-0.00010000000000687237,1.4210854715202004e-14,30.596699999999984,-25.980600000000102,44.18539999999996,-55.69999999999847,48.801499999999955,-6.8984999999985135
205,4.263256414560601e-14,-2.1316282072803006e-14,-4.973799150320701e-14,0.0,0.0,0.0,-25.33150000000004,-18.979599999998456,4.263256414560601e-14,9.999999976173513e-05,29.722900000000138,-22.33290000000003,39.73809999999999,-44.31099999999866,47.12809999999998,2.8171000000010977
206,9.999999998022702e-05,-3.552713678800501e-14,1.0658141036401503e-13,0.0,0.0,0.0,-33.520499999999984,-12.247499999999668,5.329070518200751e-15,6.252776074688882e-13,30.072499999999923,-29.174700000000136,46.18160000000004,-45.767899999998576,47.07939999999971,1.3115000000009118
207,1.5987211554602254e-14,0.00010000000001753051,1.5631940186722204e-13,0.0,0.0,0.0,-29.02570000000008,-12.334399999998912,1.4210854715202004e-14,0.00010000000035859102,26.565199999999987,-23.02739999999993,42.149299999999975,-41.35989999999819,45.68710000000014,4.327200000001504
208,-2.6645352591003757e-14,-5.684341886080802e-14,1.2079226507921703e-13,0.0,0.0,0.0,-31.396900000000077,-16.907100000000263,1.2434497875801753e-14,9.999999969068085e-05,25.9402,-26.471900000000026,46.30160000000003,-48.30390000000038,45.76990000000001,-2.5340000000003826
209,-2.4868995751603507e-14,7.105427357601002e-15,2.0605739337042905e-13,0.0,0.0,0.0,-32.06520000000001,-13.925100000000274,0.0001000000000139778,-1.9895196601282805e-13,27.216400000000036,-25.63569999999993,44.166800000000045,-45.990200000000044,45.747499999999924,-0.24270000000012004
210,-7.105427357601002e-15,-9.999999997489795e-05,0.00010000000002463594,0.0,0.0,0.0,-28.614100000000033,-13.580900000001215,2.842170943040401e-14,7.105427357601002e-13,20.72060000000001,-23.30149999999982,40.79309999999998,-42.1950000000015,38.21220000000017,-3.982800000001326
211,-1.4210854715202004e-14,-9.999999985410568e-05,2.1316282072803006e-14,0.0,0.0,0.0,-30.10489999999993,-13.095199999999522,7.105427357601002e-15,-1.2789769243681803e-13,26.291199999999918,-25.129999999999995,40.6852000000001,-43.20019999999913,41.84640000000014,-1.3537999999989907
212,-1.7763568394002505e-15,1.1368683772161603e-13,-9.999999997489795e-05,0.0,0.0,0.0,-30.841400000000096,-18.88449999999884,0.00010000000001220144,-9.999999925014436e-05,28.706099999999978,-25.961600000000004,42.417199999999966,-49.72599999999768,45.16169999999971,-4.564299999997971
213,2.1316282072803006e-14,7.105427357601002e-14,-2.842170943040401e-14,0.0,0.0,0.0,-31.633000000000013,-13.529399999999654,-2.842170943040401e-14,4.831690603168681e-13,23.577700000000007,-26.22629999999998,43.933699999999966,-45.16239999999932,41.28509999999999,-3.877299999999785
214,-2.1316282072803006e-14,1.1368683772161603e-13,-2.1316282072803006e-14,0.0,0.0,0.0,-35.86309999999998,-7.673300000000683,-2.6645352591003757e-14,-2.5579538487363607e-13,18.115799999999936,-29.080100000000023,44.1932,-43.536400000000754,33.22890000000014,-10.307500000000623
215,-3.197442310920451e-14,3.552713678800501e-14,1.1368683772161603e-13,0.0,0.0,0.0,-36.78329999999989,1.611500000000575,-1.7763568394002505e-15,-0.00010000000004595222,11.439899999999884,-28.579299999999918,44.95419999999995,-35.17189999999978,27.814799999999803,-7.357100000000209
216,-0.00010000000000331966,0.00010000000018095534,1.4210854715202004e-14,0.0,0.0,0.0,-33.353299999999955,-7.847799999999577,1.2434497875801753e-14,2.842170943040401e-14,16.064299999999896,-26.81689999999994,43.330699999999965,-41.201099999999514,32.57809999999992,-8.62299999999982
217,-1.4210854715202004e-14,4.263256414560601e-14,-5.684341886080802e-14,0.0,0.0,0.0,-36.91989999999991,-8.064399999999306,2.1316282072803006e-14,2.7000623958883807e-13,24.180699999999913,-29.042399999999837,48.894999999999904,-44.98429999999907,44.03329999999987,-0.9509999999994321
218,-5.1514348342607263e-14,8.526512829121202e-14,-2.842170943040401e-14,0.0,0.0,0.0,-39.724000000000004,-8.99050000000031,7.105427357601002e-15,-1.4210854715202004e-14,22.107600000000023,-30.01100000000006,48.12650000000004,-48.71450000000054,40.223100000000116,-8.491400000000418
219,1.7763568394002505e-14,0.00010000000005305765,0.00010000000010990107,0.0,0.0,0.0,-32.37939999999995,-16.232999999999876,-1.2434497875801753e-14,4.547473508864641e-13,23.48609999999998,-24.48749999999996,42.134300000000025,-48.612200000000456,41.13290000000004,-7.479300000000194
220,-4.263256414560601e-14,0.00010000000008858478,-3.552713678800501e-14,0.0,0.0,0.0,-32.31649999999994,-12.538700000000595,1.7763568394002505e-15,3.410605131648481e-13,19.32480000000002,-26.95870000000013,42.12520000000004,-44.855100000000135,34.491300000000166,-10.363800000000886
221,-3.019806626980426e-14,4.973799150320701e-14,7.815970093361102e-14,0.0,0.0,0.0,-33.12870000000005,-12.433899999998989,0.00010000000000687237,-9.999999981857854e-05,23.63369999999999,-29.151000000000003,45.93760000000001,-45.562599999997786,40.42029999999977,-5.142299999997562
222,-1.4210854715202004e-14,1.4921397450962104e-13,-0.00010000000000331966,0.0,0.0,0.0,-32.25070000000004,-8.820099999999975,-3.730349362740526e-14,1.4210854715202004e-14,20.20549999999995,-26.391699999999794,43.94940000000001,-41.07089999999921,37.763200000000055,-3.307699999998931
223,-1.7763568394002505e-14,4.263256414560601e-14,2.1316282072803006e-14,0.0,0.0,0.0,-31.64579999999993,-13.617100000000363,-1.9539925233402755e-14,-4.973799150320701e-13,25.982400000000133,-26.03259999999983,43.24029999999991,-45.262900000001025,43.1901000000001,-2.072800000000697
224,1.2434497875801753e-14,2.842170943040401e-14,-2.842170943040401e-14,0.0,0.0,0.0,-33.66590000000003,-11.495099999999905,-0.00010000000001930687,5.968558980384842e-13,21.234399999999937,-26.098700000000157,44.28690000000002,-45.16109999999911,39.42259999999968,-5.738499999999426
225,-2.842170943040401e-14,2.1316282072803006e-14,-7.815970093361102e-14,0.0,0.0,0.0,-30.440400000000075,-3.8432999999992496,-9.999999996956888e-05,5.826450433232822e-13,14.225100000000182,-24.865399999999916,42.50530000000003,-34.28379999999915,31.865000000000293,-2.4187999999983987
226,-0.00010000000000687237,1.4921397450962104e-13,3.552713678800501e-14,0.0,0.0,0.0,-36.32580000000004,-9.12339999999993,-5.329070518200751e-15,-0.00010000000004595222,21.575499999999877,-26.977600000000116,44.8564,-45.449399999999414,39.454299999999876,-5.995099999999532
227,-8.881784197001252e-15,-1.4210854715202004e-13,2.842170943040401e-14,0.0,0.0,0.0,-35.45470000000003,-15.783000000000953,-4.440892098500626e-14,-6.394884621840902e-13,27.744799999999998,-27.733599999999953,45.91979999999995,-51.23770000000134,45.93100000000011,-5.306700000001001
228,-1.4210854715202004e-14,4.973799150320701e-14,8.526512829121202e-14,0.0,0.0,0.0,-35.05919999999992,-0.6444999999995211,1.2434497875801753e-14,2.1316282072803006e-13,13.420599999999787,-25.749000000000038,43.30919999999998,-35.703699999997966,30.980799999999846,-4.7228999999979
229,3.019806626980426e-14,-4.263256414560601e-14,7.815970093361102e-14,0.0,0.0,0.0,-34.29179999999997,-6.10590000000084,-3.552713678800501e-15,0.0001000000001170065,15.8564,-26.041999999999923,43.885100000000065,-40.39760000000052,33.69950000000003,-6.698100000000494
230,-1.7763568394002505e-15,-1.1368683772161603e-13,9.999999985410568e-05,0.0,0.0,0.0,-35.42150000000009,-9.677100000000841,-1.7763568394002505e-15,3.979039320256561e-13,20.27880000000007,-26.29720000000011,43.68299999999995,-45.09850000000097,37.66459999999968,-7.433900000001287
231,-9.99999999891088e-05,-9.999999998200337e-05,-7.105427357601002e-14,0.0,0.0,0.0,-34.23819999999999,-9.222400000001517,-3.552713678800501e-15,-1.4210854715202004e-14,22.287300000000144,-27.7855000000001,44.664900000000024,-43.46080000000275,39.16670000000007,-4.294100000002906
232,0.00010000000001042508,9.999999996068709e-05,4.263256414560601e-14,0.0,0.0,0.0,-35.607800000000054,-4.511400000000847,1.2434497875801753e-14,-2.2737367544323206e-13,16.774499999999954,-24.629199999999898,41.916299999999985,-40.11900000000122,34.06160000000004,-6.057400000000733
233,4.796163466380676e-14,-7.105427357601002e-14,9.999999999621423e-05,0.0,0.0,0.0,-30.415199999999942,-12.374899999999958,-2.6645352591003757e-14,9.999999947751803e-05,25.431900000000102,-25.919100000000036,44.26499999999998,-42.78990000000098,43.777800000000155,0.9878999999989517
234,-2.3092638912203256e-14,9.999999996068709e-05,9.999999993226538e-05,0.0,0.0,0.0,-31.405700000000074,-14.42209999999902,9.999999995535802e-05,1.1368683772161603e-13,23.64380000000018,-25.470299999999966,44.05960000000003,-45.82749999999854,42.23310000000025,-3.594399999997833
235,9.999999998555609e-05,-2.842170943040401e-14,7.815970093361102e-14,0.0,0.0,0.0,-38.14400000000001,-8.083000000000947,-2.4868995751603507e-14,5.684341886080802e-14,21.113100000000077,-26.83580000000004,45.91889999999992,-46.226900000001024,40.196200000000076,-6.03070000000163
236,7.105427357601002e-15,1.2079226507921703e-13,-4.973799150320701e-14,0.0,0.0,0.0,-33.06239999999999,-4.78849999999942,-3.730349362740526e-14,-3.836930773104541e-13,19.453600000000037,-26.183700000000023,46.70859999999994,-37.85089999999964,39.97850000000007,2.1275999999999797
237,1.4210854715202004e-14,-1.5631940186722204e-13,-8.526512829121202e-14,0.0,0.0,0.0,-31.8181,-10.848799999998878,-1.7763568394002505e-15,9.99999997048917e-05,25.980599999999917,-29.49129999999999,47.83280000000002,-42.6667999999997,44.32209999999995,1.6553000000000253
238,-9.999999999266151e-05,-9.237055564881302e-14,1.4210854715202004e-13,0.0,0.0,0.0,-35.452199999999976,-8.518099999999205,-0.00010000000001220144,-5.258016244624741e-13,17.716199999999866,-28.456500000000077,44.904799999999994,-43.97050000000034,34.16449999999967,-9.806000000000665
239,-0.00010000000000687237,9.999999990384367e-05,1.4921397450962104e-13,0.0,0.0,0.0,-37.55709999999997,-14.826700000000585,3.375077994860476e-14,2.2737367544323206e-13,24.962500000000144,-28.635900000000085,46.81680000000004,-52.383799999999724,43.1434000000001,-9.240399999999624
240,3.907985046680551e-14,7.105427357601002e-14,-0.00010000000000331966,0.0,0.0,0.0,-36.62140000000001,-10.491299999999587,-4.085620730620576e-14,2.2737367544323206e-13,22.501499999999854,-30.700900000000026,46.48309999999998,-47.11279999999991,38.28369999999981,-8.829099999999642
241,5.329070518200751e-15,-0.00010000000015963906,-7.105427357601002e-15,0.0,0.0,0.0,-37.17599999999994,-13.661800000000952,2.1316282072803006e-14,-8.526512829121202e-14,29.35239999999996,-31.986000000000125,47.901699999999984,-50.837900000000786,45.268099999999706,-5.569800000000399
242,1.7763568394002505e-14,-7.815970093361102e-14,-5.684341886080802e-14,0.0,0.0,0.0,-35.905000000000015,-0.5696999999990204,-9.999999998200337e-05,-6.110667527536862e-13,14.061700000000098,-28.50849999999985,43.76860000000007,-36.47479999999969,29.32180000000032,-7.152999999999601
243,-1.0658141036401503e-14,-6.394884621840902e-14,1.4210854715202004e-13,0.0,0.0,0.0,-34.626799999999974,-8.075099999999562,0.00010000000002996501,2.7000623958883807e-13,23.32299999999998,-29.96370000000004,49.05270000000001,-42.701799999999864,42.411999999999836,-0.2898000000002554
244,-3.552713678800501e-14,0.00010000000002463594,2.1316282072803006e-14,0.0,0.0,0.0,-35.630799999999994,-10.28439999999977,1.5987211554602254e-14,-2.984279490192421e-13,25.37670000000001,-29.708500000000065,47.437,-45.91510000000032,43.105199999999826,-2.8099000000000416
245,3.375077994860476e-14,-9.999999999621423e-05,-6.394884621840902e-14,0.0,0.0,0.0,-35.602999999999966,-13.284700000001465,-2.6645352591003757e-14,-0.00010000000006016307,25.906900000000036,-28.79200000000003,46.36239999999999,-48.887900000001764,43.47729999999988,-5.410600000001658
246,-4.263256414560601e-14,-2.842170943040401e-14,-0.00010000000006016307,0.0,0.0,0.0,-36.18760000000003,-10.350999999998912,0.00010000000001220144,-4.405364961712621e-13,20.124999999999996,-27.43579999999993,45.11650000000002,-46.53859999999899,37.80570000000009,-8.7328999999989
247,-3.197442310920451e-14,4.263256414560601e-14,9.947598300641403e-14,0.0,0.0,0.0,-39.34979999999998,-13.429999999999538,0.0,-8.526512829121202e-14,25.717700000000026,-28.976200000000077,47.72680000000005,-52.77979999999954,44.46830000000011,-8.31149999999898
248,0.00010000000000864873,-2.1316282072803006e-14,7.105427357601002e-15,0.0,0.0,0.0,-35.98470000000001,-13.472299999999994,4.618527782440651e-14,2.7000623958883807e-13,26.329099999999872,-30.389000000000067,48.47600000000005,-49.45690000000049,44.416099999999744,-5.040800000000978
249,-9.999999997489795e-05,4.263256414560601e-14,-1.7763568394002505e-13,0.0,0.0,0.0,-37.61650000000004,-12.401300000000823,-0.0001000000000015433,-3.410605131648481e-13,24.803600000000184,-28.305199999999942,47.16430000000001,-50.01800000000091,43.66270000000026,-6.355300000001108
250,3.019806626980426e-14,9.999999988963282e-05,0.00010000000000331966,0.0,0.0,0.0,-35.958200000000005,-10.346600000000915,1.0658141036401503e-14,-2.2737367544323206e-13,21.236200000000014,-28.32889999999989,47.535,-46.30460000000042,40.44229999999989,-5.862300000000076
251,0.0,7.105427357601002e-15,1.1368683772161603e-13,0.0,0.0,0.0,-31.25029999999999,-6.847200000000626,7.105427357601002e-15,1.9895196601282805e-13,19.330200000000072,-28.149299999999997,45.45080000000006,-38.09749999999974,36.63170000000014,-1.465799999999149
252,1.4210854715202004e-14,9.947598300641403e-14,-1.7053025658242404e-13,0.0,0.0,0.0,-34.37909999999994,-4.844000000000822,-1.7763568394002505e-14,-1.8474111129762605e-13,15.98390000000002,-28.257900000000085,45.148800000000044,-39.22310000000188,32.87479999999998,-6.348300000001906
253,2.042810365310288e-14,-4.973799150320701e-14,1.4210854715202004e-13,0.0,0.0,0.0,-33.047999999999924,-13.396399999999993,1.7763568394002505e-14,-2.842170943040401e-14,20.907099999999993,-28.6217999999998,45.53279999999992,-46.44439999999929,37.81810000000011,-8.626299999998956
254,-3.552713678800501e-15,-9.947598300641403e-14,-4.263256414560601e-14,0.0,0.0,0.0,-39.22720000000006,-10.181999999999565,-4.263256414560601e-14,-2.7000623958883807e-13,25.034000000000077,-31.593899999999977,47.6644,-49.40919999999953,41.104500000000215,-8.304699999999315
255,9.999999998200337e-05,-2.842170943040401e-14,4.973799150320701e-14,0.0,0.0,0.0,-37.76169999999997,-11.31019999999889,0.00010000000000687237,6.963318810448982e-13,20.398200000000013,-27.67680000000002,45.503499999999924,-49.071699999998415,38.22489999999992,-10.846799999998503
256,-5.329070518200751e-15,-0.00010000000003884679,-4.263256414560601e-14,0.0,0.0,0.0,-36.4603000000001,-11.08989999999893,7.105427357601002e-15,-9.999999913645752e-05,20.29209999999998,-28.191900000000075,46.015499999999996,-47.55039999999893,38.11569999999979,-9.434699999999147
257,5.329070518200751e-15,-9.99999999109491e-05,1.1368683772161603e-13,0.0,0.0,0.0,-34.24979999999998,-4.599099999999019,-3.019806626980426e-14,3.410605131648481e-13,15.53580000000009,-26.235700000000065,43.46120000000003,-38.848999999998426,32.761300000000276,-6.087699999998144
258,2.4868995751603507e-14,1.3500311979441904e-13,-5.684341886080802e-14,0.0,0.0,0.0,-32.620899999999935,-2.072900000000619,-1.5987211554602254e-14,-4.547473508864641e-13,16.969599999999996,-27.3554999999998,45.517599999999995,-34.6938000000016,35.131700000000194,0.4378999999985851
259,-0.00010000000000864873,9.999999995358166e-05,-1.5631940186722204e-13,0.0,0.0,0.0,-35.758300000000055,-9.392400000000134,9.999999999088516e-05,-9.999999917909008e-05,21.278000000000013,-28.97149999999992,46.611300000000035,-45.150699999999404,38.91780000000013,-6.2328999999995105
260,-9.99999999891088e-05,-8.526512829121202e-14,7.105427357601002e-15,0.0,0.0,0.0,-31.20190000000001,-9.81489999999988,-1.9539925233402755e-14,-2.5579538487363607e-13,16.51950000000007,-27.36970000000008,44.08079999999999,-41.016900000001186,33.23059999999987,-7.786300000001553
261,9.999999996956888e-05,0.00010000000008858478,0.00010000000004595222,0.0,0.0,0.0,-38.264999999999986,-8.645300000000045,1.9539925233402755e-14,2.2737367544323206e-13,20.953599999999913,-28.205899999999907,46.797799999999924,-46.90999999999957,39.54549999999993,-7.364499999999637
262,2.1316282072803006e-14,9.999999993226538e-05,-9.947598300641403e-14,0.0,0.0,0.0,-38.34279999999997,-10.522500000000928,-1.7763568394002505e-15,-9.999999980436769e-05,22.61590000000006,-29.70390000000002,45.683900000000015,-48.86530000000249,38.59590000000006,-10.269400000002435
263,1.2434497875801753e-14,0.00010000000006016307,-1.4210854715202004e-14,0.0,0.0,0.0,-35.70990000000005,-5.648599999999217,-1.9539925233402755e-14,3.552713678800501e-13,17.019099999999916,-28.272200000000147,41.91250000000003,-41.358399999998525,30.659400000000026,-10.698999999998954
264,-2.842170943040401e-14,7.105427357601002e-15,0.00010000000003174137,0.0,0.0,0.0,-35.34570000000002,-7.529199999999648,1.7763568394002505e-15,0.0001000000003017476,17.45030000000006,-28.8014,45.31059999999996,-42.87469999999935,33.95950000000002,-8.915199999998656
265,-2.3092638912203256e-14,1.3500311979441904e-13,9.947598300641403e-14,0.0,0.0,0.0,-32.055399999999956,-6.41140000000123,-1.9539925233402755e-14,9.999999974752427e-05,14.833600000000018,-27.913099999999844,43.105899999999934,-38.466700000001765,30.02640000000011,-8.440300000001656
266,-8.881784197001252e-15,-1.3500311979441904e-13,-9.999999989673825e-05,0.0,0.0,0.0,-35.15699999999997,-6.080300000001063,0.00010000000001220144,9.999999969068085e-05,16.480500000000013,-28.4518,45.075099999999956,-41.237200000001934,33.10379999999986,-8.133400000002304
267,2.1316282072803006e-14,-1.4210854715202004e-14,9.237055564881302e-14,0.0,0.0,0.0,-33.45039999999996,-8.018699999999882,1.7763568394002505e-14,-2.2737367544323206e-13,17.308700000000087,-27.672099999999965,44.28100000000005,-41.46909999999893,33.917600000000284,-7.551499999998192
268,1.0658141036401503e-14,-7.105427357601002e-15,8.526512829121202e-14,0.0,0.0,0.0,-37.733400000000046,-1.435700000000658,-5.329070518200751e-15,-9.999999964804829e-05,14.397099999999892,-30.006300000000046,44.83869999999999,-39.1692000000006,29.229499999999607,-9.939700000000997
269,2.3092638912203256e-14,4.263256414560601e-14,9.999999999621423e-05,0.0,0.0,0.0,-34.87330000000001,-8.382500000001539,-7.105427357601002e-15,-1.7053025658242404e-13,22.138300000000047,-29.29760000000003,44.463099999999955,-43.25570000000178,37.30379999999974,-5.951900000002041
270,0.00010000000002108322,-1.7763568394002505e-13,-9.999999986121111e-05,0.0,0.0,0.0,-32.1597000000001,-2.8436000000003716,-1.9539925233402755e-14,2.842170943040401e-14,14.784500000000147,-26.79330000000001,43.18290000000009,-35.00330000000035,31.174100000000113,-3.8292000000002417
271,-1.7763568394002505e-15,1.0658141036401503e-13,-8.526512829121202e-14,0.0,0.0,0.0,-30.6117,-4.153000000000134,-1.5987211554602254e-14,-3.836930773104541e-13,14.546899999999809,-27.05309999999988,42.83069999999998,-34.76469999999976,30.32450000000002,-4.440199999999514
272,2.6645352591003757e-14,0.00010000000006016307,9.999999999621423e-05,0.0,0.0,0.0,-30.19210000000007,-7.906499999999173,-1.7763568394002505e-14,0.0001000000007422841,16.065900000000063,-26.018400000000128,40.75750000000003,-38.098299999998076,30.804999999999964,-7.293299999997885
273,-2.842170943040401e-14,2.842170943040401e-14,-9.947598300641403e-14,0.0,0.0,0.0,-33.64859999999998,-5.71849999999872,-1.4210854715202004e-14,9.947598300641403e-14,19.82639999999994,-28.068999999999967,43.04429999999996,-39.36709999999866,34.80170000000004,-4.565399999998384
274,-0.0001000000000015433,-3.552713678800501e-14,9.999999984700025e-05,0.0,0.0,0.0,-35.368499999999976,-1.2628000000009028,-5.329070518200751e-15,-9.999999996068709e-05,11.947500000000137,-28.10679999999983,43.71060000000001,-36.631400000001946,27.5513000000002,-9.080100000001515
275,-9.999999999976694e-05,-7.815970093361102e-14,-9.237055564881302e-14,0.0,0.0,0.0,-39.11310000000004,-3.9850999999989334,-4.440892098500626e-14,3.694822225952521e-13,15.214999999999876,-30.152799999999885,44.87979999999997,-43.09829999999813,29.94200000000007,-13.15629999999829
276,2.3092638912203256e-14,7.105427357601002e-14,0.00010000000020937705,0.0,0.0,0.0,-29.182700000000068,-2.2368000000012103,3.552713678800501e-15,-3.979039320256561e-13,11.160499999999935,-25.347400000000057,40.642699999999984,-31.419400000000806,26.455799999999975,-4.963600000000831
277,1.7763568394002505e-14,1.4210854715202004e-14,0.0,0.0,0.0,0.0,-33.88250000000002,-2.604599999999582,2.5757174171303632e-14,5.684341886080802e-14,15.783999999999942,-28.333600000000217,45.19000000000005,-36.48709999999869,32.64039999999977,-3.8466999999989255
278,-1.0658141036401503e-14,-7.105427357601002e-15,-1.2789769243681803e-13,0.0,0.0,0.0,-32.66139999999996,-3.2117000000002065,-0.0001000000000264123,-7.105427357601002e-14,17.201099999999933,-25.40409999999998,42.57399999999995,-35.873200000000466,34.3709999999999,-1.502200000001018
279,-5.329070518200751e-15,-6.394884621840902e-14,7.105427357601002e-15,0.0,0.0,0.0,-32.08549999999992,-6.473000000000493,0.00010000000004417586,3.979039320256561e-13,18.895999999999983,-28.72580000000014,41.80530000000001,-38.55840000000076,31.975499999999624,-6.582900000001139
280,-4.263256414560601e-14,1.0658141036401503e-13,-4.263256414560601e-14,0.0,0.0,0.0,-32.88100000000006,-5.220999999999606,3.730349362740526e-14,-3.126388037344441e-13,16.70869999999998,-26.19319999999994,42.54890000000001,-38.10200000000013,33.064399999999935,-5.037599999999507
281,1.0658141036401503e-14,-9.999999986831654e-05,7.815970093361102e-14,0.0,0.0,0.0,-36.716699999999975,-8.889399999999707,-0.00010000000001042508,-1.2789769243681803e-13,24.365000000000098,-28.413999999999845,44.874800000000015,-45.606300000000104,40.825800000000385,-4.780499999999726
282,9.999999998022702e-05,-1.4921397450962104e-13,0.00010000000009569021,0.0,0.0,0.0,-33.39580000000003,-8.707599999999246,-3.552713678800501e-14,4.973799150320701e-13,20.565200000000072,-27.105100000000135,43.99599999999997,-42.103199999998495,37.45609999999979,-4.647099999998019
283,-9.999999996779252e-05,1.9184653865522705e-13,-0.00010000000004595222,0.0,0.0,0.0,-36.099200000000025,-8.000200000000131,-1.5987211554602254e-14,9.999999934962034e-05,22.909099999999906,-28.29110000000003,45.42219999999993,-44.099500000000646,40.0401999999997,-4.059300000000491
284,-3.375077994860476e-14,6.394884621840902e-14,-9.999999994647624e-05,0.0,0.0,0.0,-38.15810000000003,-8.584199999999395,3.730349362740526e-14,-9.999999981857854e-05,25.68440000000001,-30.33700000000009,46.57560000000001,-46.74249999999856,41.92299999999993,-4.8194999999986265
285,9.999999997312159e-05,-1.0658141036401503e-13,-7.815970093361102e-14,0.0,0.0,0.0,-36.83130000000008,-7.247900000001007,-1.7763568394002505e-14,-2.4158453015843406e-13,22.079400000000017,-28.763599999999904,44.6482,-44.079100000002285,37.96400000000011,-6.1151000000021725
286,3.197442310920451e-14,1.5631940186722204e-13,7.105427357601002e-14,0.0,0.0,0.0,-33.72239999999996,-6.162199999999977,-2.6645352591003757e-14,9.999999943488547e-05,17.843500000000084,-27.33190000000011,44.05170000000002,-39.88449999999989,34.563300000000105,-5.321199999999557
287,1.7763568394002505e-14,9.237055564881302e-14,9.999999992515995e-05,0.0,0.0,0.0,-31.304199999999994,-5.582300000000362,-4.796163466380676e-14,-0.0001000000004296453,16.01959999999989,-27.440600000000046,44.38390000000008,-36.886500000001135,32.96289999999993,-3.9236000000012083
288,1.0658141036401503e-14,-1.5631940186722204e-13,1.0658141036401503e-13,0.0,0.0,0.0,-37.0257,-1.9907000000012296,-0.00010000000003174137,2.842170943040401e-14,14.858299999999922,-29.420399999999937,45.18859999999999,-39.01650000000137,30.626500000000085,-8.390000000001287
289,5.329070518200751e-15,9.237055564881302e-14,-1.4210854715202004e-14,0.0,0.0,0.0,-36.99909999999999,-8.77940000000061,-1.4210854715202004e-14,3.552713678800501e-13,20.7007999999999,-30.852100000000164,43.598800000000004,-45.77850000000079,33.44749999999974,-12.331000000001275
290,3.019806626980426e-14,-2.1316282072803006e-14,-8.526512829121202e-14,0.0,0.0,0.0,-34.54589999999994,-8.186400000000617,-9.999999998555609e-05,4.263256414560601e-14,20.316700000000097,-27.45949999999997,44.70339999999991,-42.73240000000082,37.56060000000015,-5.171800000000893
291,0.0,3.552713678800501e-14,-9.999999986831654e-05,0.0,0.0,0.0,-34.71000000000005,-7.211300000000644,2.6645352591003757e-15,-0.00010000000035859102,16.605600000000063,-27.861100000000057,44.628600000000034,-41.921500000000435,33.373100000000264,-8.548400000000171
292,-1.0658141036401503e-14,4.263256414560601e-14,-9.999999992515995e-05,0.0,0.0,0.0,-33.433799999999984,-5.286099999998772,-9.999999999266151e-05,-9.999999997489795e-05,18.934199999999986,-29.023500000000006,45.327100000000094,-38.72019999999837,35.23780000000008,-3.4823999999985276
293,-2.6645352591003757e-14,9.999999991805453e-05,9.999999995358166e-05,0.0,0.0,0.0,-33.177799999999955,-1.026900000000282,8.881784197001252e-15,-9.999999994647624e-05,17.369500000000087,-27.90840000000003,43.72050000000002,-34.204599999999886,33.18159999999997,-1.0229999999996906
294,-4.618527782440651e-14,-0.00010000000017384991,0.00010000000010990107,0.0,0.0,0.0,-36.24840000000002,-8.671500000000034,-1.0658141036401503e-14,2.1316282072803006e-13,20.864799999999917,-28.62660000000009,45.771100000000004,-44.91990000000054,38.009299999999946,-6.910600000000599
295,-9.999999997845066e-05,9.999999979015683e-05,1.2079226507921703e-13,0.0,0.0,0.0,-37.17190000000012,-9.386800000000132,-4.440892098500626e-14,2.5579538487363607e-13,22.501499999999883,-29.599999999999973,46.28329999999999,-46.55869999999982,39.184799999999896,-7.373899999999686
296,-3.552713678800501e-14,4.973799150320701e-14,1.9184653865522705e-13,0.0,0.0,0.0,-32.994599999999906,-6.601999999999439,1.0658141036401503e-14,0.0,22.337899999999895,-27.313100000000198,42.62759999999994,-39.59659999999941,37.65239999999952,-1.9441999999994337
297,9.999999996068709e-05,4.973799150320701e-14,-6.394884621840902e-14,0.0,0.0,0.0,-34.76819999999998,-5.179699999998519,1.4210854715202004e-14,-0.0001000000001170065,17.481000000000144,-27.65319999999994,45.02749999999992,-39.947899999998555,34.85529999999989,-5.092599999998669
298,2.6645352591003757e-14,7.105427357601002e-15,0.00010000000008147936,0.0,0.0,0.0,-36.38230000000003,1.3271000000003745,-0.0001000000000015433,2.2737367544323206e-13,13.027799999999992,-28.390400000000177,45.11939999999998,-35.055200000000056,29.75679999999968,-5.29840000000015
299,-2.6645352591003757e-14,-1.4210854715202004e-14,-8.526512829121202e-14,0.0,0.0,0.0,-32.973099999999995,-3.859699999999524,-9.999999999088516e-05,-0.00010000000020227162,18.526099999999843,-28.697499999999913,44.60290000000001,-36.83299999999893,34.43150000000006,-2.4014999999991105
300,0.0,3.552713678800501e-14,1.4210854715202004e-14,0.0,0.0,0.0,-35.20289999999999,-6.251300000000747,-9.999999999976694e-05,-2.8421709430404007e-13,19.040899999999986,-29.274000000000065,44.321300000000015,-41.45430000000076,34.08819999999982,-7.366100000000706
301,1.7763568394002505e-15,0.00010000000004595222,-2.1316282072803006e-14,0.0,0.0,0.0,-32.98180000000003,-6.15180000000089,-1.5987211554602254e-14,-5.968558980384842e-13,19.84809999999986,-28.343099999999936,44.256600000000006,-39.13350000000139,35.76159999999993,-3.371900000001233
302,-1.2434497875801753e-14,-1.1368683772161603e-13,-2.842170943040401e-14,0.0,0.0,0.0,-37.69040000000004,-6.9444000000010675,3.375077994860476e-14,-4.263256414560601e-14,20.094799999999932,-31.300900000000055,45.79839999999998,-44.634800000001846,34.592299999999966,-10.0425000000021
303,-7.105427357601002e-15,-8.526512829121202e-14,0.00010000000006016307,0.0,0.0,0.0,-33.811699999999966,-13.058200000001115,1.7763568394002505e-15,0.00010000000015963906,25.02459999999996,-29.184099999999923,47.587599999999966,-46.86969999999992,43.42809999999989,-3.4416000000000366
304,0.00010000000001042508,9.999999989673825e-05,1.4210854715202004e-14,0.0,0.0,0.0,-36.92790000000001,-16.12980000000037,0.0,-3.268496584496461e-13,27.14939999999987,-30.119699999999973,49.49009999999992,-53.05750000000101,46.519799999999705,-6.537700000001543
305,0.0001000000000139778,-2.842170943040401e-14,-5.684341886080802e-14,0.0,0.0,0.0,-33.588800000000035,-11.510900000001056,-3.019806626980426e-14,3.268496584496461e-13,22.094199999999944,-25.503299999999925,44.49059999999998,-45.09959999999985,41.081499999999885,-4.018099999999059
306,-3.552713678800501e-14,-1.7053025658242404e-13,4.263256414560601e-14,0.0,0.0,0.0,-32.652499999999975,-14.502199999999693,1.687538997430238e-14,5.400124791776761e-13,23.644199999999923,-27.001200000000054,45.902899999999924,-47.15469999999965,42.545899999999904,-4.608799999999739
307,-0.00010000000002463594,-9.999999990384367e-05,-9.947598300641403e-14,0.0,0.0,0.0,-33.99000000000002,-6.001000000000932,-2.6645352591003757e-14,4.547473508864641e-13,20.176700000000068,-28.045400000000143,45.40219999999996,-39.991200000001186,37.5335,-2.4577000000011893
308,3.552713678800501e-15,1.5631940186722204e-13,2.1316282072803006e-14,0.0,0.0,0.0,-31.52219999999998,-13.781999999999766,-0.00010000000003174137,2.4158453015843406e-13,24.001099999999962,-26.613699999999923,44.54569999999995,-45.304299999999714,41.93309999999987,-3.3712000000000657
309,-3.552713678800501e-15,-8.526512829121202e-14,0.00010000000001753051,0.0,0.0,0.0,-36.699099999999916,-12.064700000001064,9.999999997845066e-05,1.5631940186722204e-13,24.91820000000002,-29.28340000000005,47.27259999999996,-48.7636000000016,42.90739999999993,-5.856200000002126
310,-9.999999997312159e-05,-1.2079226507921703e-13,1.4210854715202004e-13,0.0,0.0,0.0,-36.2973,-16.844699999999033,-8.881784197001252e-15,2.2737367544323206e-13,26.27360000000004,-28.319499999999934,47.80589999999996,-53.14209999999801,45.76000000000006,-7.382099999997941
311,3.552713678800501e-15,0.00010000000003884679,-1.2789769243681803e-13,0.0,0.0,0.0,-34.5624,-13.163200000000131,1.0658141036401503e-14,4.547473508864641e-13,23.76939999999992,-26.93029999999998,46.109199999999916,-47.72550000000078,42.94829999999974,-4.777200000000811
312,1.0658141036401503e-14,-9.237055564881302e-14,1.4210854715202004e-14,0.0,0.0,0.0,-34.43509999999999,-12.971100000000298,-0.00010000000000509601,-9.999999949172889e-05,26.747099999999882,-28.357300000000023,47.24779999999993,-47.40639999999996,45.63760000000001,-1.768799999999942
313,8.881784197001252e-15,-0.00010000000006016307,-3.552713678800501e-14,0.0,0.0,0.0,-36.26220000000005,-13.538199999999762,3.375077994860476e-14,1.8474111129762605e-13,24.556899999999917,-29.325799999999944,46.88770000000002,-49.80049999999865,42.11879999999988,-7.68169999999855
314,1.5987211554602254e-14,-2.1316282072803006e-14,6.394884621840902e-14,0.0,0.0,0.0,-37.544900000000034,-8.767799999999173,1.0658141036401503e-14,-4.263256414560601e-14,20.231100000000023,-29.103800000000042,47.643899999999924,-46.31269999999883,38.77119999999991,-7.541499999999154
315,9.999999998022702e-05,-9.237055564881302e-14,1.9895196601282805e-13,0.0,0.0,0.0,-35.472300000000075,-11.463499999999861,1.9539925233402755e-14,-0.00010000000006016307,23.856800000000128,-26.438900000000032,46.37970000000001,-46.9358000000003,43.797600000000216,-3.1381999999998555
316,0.00010000000000864873,-2.842170943040401e-14,-2.842170943040401e-14,0.0,0.0,0.0,-39.062699999999964,-10.792100000000712,1.5987211554602254e-14,-2.984279490192421e-13,23.32839999999988,-29.959099999999886,47.321200000000026,-49.854700000001415,40.690500000000135,-9.16420000000128
317,-8.881784197001252e-15,-0.0001000000001170065,2.1316282072803006e-14,0.0,0.0,0.0,-34.58389999999999,-6.068600000000227,9.99999999891088e-05,-0.0001000000008986035,17.956299999999988,-28.37620000000004,44.24730000000001,-40.65260000000244,33.82739999999984,-6.825200000002596
318,-2.1316282072803006e-14,-1.4210854715202004e-14,7.815970093361102e-14,0.0,0.0,0.0,-35.29510000000001,-10.058899999999955,-5.1514348342607263e-14,0.00010000000035859102,21.872199999999985,-28.669099999999993,45.91000000000008,-45.35390000000096,39.11310000000019,-6.240800000001002
319,-1.0658141036401503e-14,-1.3500311979441904e-13,-7.105427357601002e-15,0.0,0.0,0.0,-31.44190000000001,-5.228000000000851,0.00010000000001575415,-2.4158453015843406e-13,20.007199999999916,-25.498600000000067,42.79899999999994,-36.669800000000365,37.30760000000002,0.6377999999996504
320,-1.7763568394002505e-15,-9.999999998200337e-05,-0.00010000000009569021,0.0,0.0,0.0,-30.647599999999944,1.7928999999993351,3.552713678800501e-15,8.526512829121202e-14,11.196400000000018,-25.375800000000062,41.834599999999966,-28.85490000000138,27.65519999999981,-1.1997000000011155
321,-1.2434497875801753e-14,-4.263256414560601e-14,-0.00010000000005305765,0.0,0.0,0.0,-31.684199999999915,-8.398899999999578,-7.105427357601002e-15,9.947598300641403e-14,17.48630000000014,-27.227999999999952,43.61120000000011,-40.083199999998314,33.869500000000414,-6.2136999999979
322,3.552713678800501e-14,8.526512829121202e-14,-7.105427357601002e-15,0.0,0.0,0.0,-34.94790000000008,-0.05429999999992319,3.375077994860476e-14,-7.531752999057062e-13,12.119000000000042,-29.557399999999973,44.80700000000001,-35.00220000000094,27.368600000000306,-7.633600000001088
323,0.0,-0.0001000000000672685,-1.0658141036401503e-13,0.0,0.0,0.0,-34.60350000000004,-2.460900000000997,1.4210854715202004e-14,4.689582056016661e-13,12.520899999999894,-30.417400000000164,45.83170000000001,-37.06450000000153,27.93519999999963,-9.129300000001678
324,9.999999999799059e-05,-4.973799150320701e-14,4.973799150320701e-14,0.0,0.0,0.0,-37.57800000000002,-3.5702000000002947,1.7763568394002505e-15,-6.394884621840902e-13,14.467499999999863,-28.76369999999997,45.6009,-41.14810000000078,31.304699999999666,-9.843400000000663
325,0.00010000000000864873,-8.526512829121202e-14,4.973799150320701e-14,0.0,0.0,0.0,-34.67150000000007,-5.126200000000338,-0.00010000000003174137,-7.105427357601002e-14,19.734400000000058,-28.7494000000001,44.456900000000005,-39.79769999999935,35.44189999999996,-4.355799999999391
326,0.0001000000000139778,-4.973799150320701e-14,9.999999991805453e-05,0.0,0.0,0.0,-34.1861,1.041700000000425,-2.4868995751603507e-14,-0.00010000000034438017,10.113200000000102,-26.73190000000006,43.95190000000008,-33.14430000000041,27.33320000000001,-5.811100000000408
327,9.999999999443787e-05,2.842170943040401e-14,0.00010000000009569021,0.0,0.0,0.0,-32.45950000000004,-18.681200000000015,-2.842170943040401e-14,-7.815970093361102e-13,24.45489999999981,-29.28810000000003,45.719500000000004,-51.140499999999946,40.886299999999785,-10.25420000000016
328,-1.7763568394002505e-14,-5.684341886080802e-14,-1.4210854715202004e-14,0.0,0.0,0.0,-33.6934,-10.328800000001419,-2.6645352591003757e-14,7.958078640513122e-13,20.96260000000017,-27.92260000000008,45.61219999999996,-44.02220000000034,38.65219999999994,-5.3700000000004025
329,-0.00010000000002108322,1.4210854715202004e-14,3.552713678800501e-14,0.0,0.0,0.0,-34.87120000000001,-8.164599999998558,9.99999999642398e-05,0.00010000000061438641,17.94059999999994,-28.39029999999994,44.56959999999996,-43.0356999999979,34.11990000000007,-8.91579999999805
330,4.440892098500626e-14,-5.684341886080802e-14,-0.00010000000010279564,0.0,0.0,0.0,-32.52379999999998,-12.063499999999468,-2.6645352591003757e-14,0.000100000000458067,20.794499999999804,-26.538099999999964,45.57489999999997,-44.58729999999838,39.83130000000004,-4.755999999998338
331,9.999999997134523e-05,-1.4210854715202004e-14,0.00010000000020227162,0.0,0.0,0.0,-37.102299999999985,-8.485600000000936,3.552713678800501e-15,-7.105427357601002e-14,21.11040000000004,-28.33830000000006,46.12459999999999,-45.58770000000173,38.89669999999985,-6.691000000001878
332,-7.105427357601002e-15,8.526512829121202e-14,1.3500311979441904e-13,0.0,0.0,0.0,-39.40970000000005,-4.375300000000777,-5.1514348342607263e-14,-4.121147867408581e-13,21.923600000000018,-31.310300000000005,48.79829999999999,-43.784999999999954,39.411600000000234,-4.373399999999727
333,-4.440892098500626e-15,-0.00010000000001753051,-0.00010000000005305765,0.0,0.0,0.0,-35.88859999999995,-8.967399999999227,-1.0658141036401503e-14,3.836930773104541e-13,18.427000000000074,-28.36189999999999,46.28540000000001,-44.85619999999906,36.350500000000096,-8.505699999998967
334,3.019806626980426e-14,1.4921397450962104e-13,-7.815970093361102e-14,0.0,0.0,0.0,-36.39660000000006,-6.963099999999304,1.7763568394002505e-15,-2.7000623958883807e-13,19.337100000000046,-30.096100000000007,46.01819999999998,-43.35969999999891,35.259200000000135,-8.10049999999832
335,4.618527782440651e-14,0.00010000000010279564,-9.999999996779252e-05,0.0,0.0,0.0,-34.35670000000009,-8.801600000000683,0.0,-2.1316282072803006e-13,20.387499999999953,-27.544500000000028,45.12980000000004,-43.15830000000069,37.97279999999985,-5.185500000000388
336,0.00010000000003529408,-7.105427357601002e-15,-0.00010000000001753051,0.0,0.0,0.0,-37.930499999999945,-8.280600000000959,9.999999998200337e-05,-3.552713678800501e-13,20.29159999999996,-28.527299999999975,47.15780000000006,-46.211000000001164,38.92210000000027,-7.288900000001348
337,-0.00010000000003351772,-6.394884621840902e-14,9.999999997489795e-05,0.0,0.0,0.0,-37.08110000000004,-2.469999999999434,-1.2434497875801753e-14,5.684341886080802e-14,13.453899999999994,-29.60470000000003,48.49649999999993,-39.55109999999857,32.34570000000012,-7.205399999998441
338,-0.00010000000003351772,-8.526512829121202e-14,-7.815970093361102e-14,0.0,0.0,0.0,-32.09540000000003,-4.1318000000013235,-5.329070518200751e-15,-4.263256414560601e-13,18.19779999999997,-26.722400000000142,45.493599999999994,-36.22730000000159,36.968999999999824,0.7416999999991347
339,-4.263256414560601e-14,9.999999994647624e-05,9.237055564881302e-14,0.0,0.0,0.0,-36.34380000000003,-7.576300000000252,-9.999999999266151e-05,5.115907697472721e-13,18.891200000000033,-29.221899999999984,45.6218,-43.92009999999863,35.29110000000005,-8.628999999998122
340,1.0658141036401503e-14,-1.4210854715202004e-13,6.394884621840902e-14,0.0,0.0,0.0,-30.809699999999964,-6.181299999999961,-5.329070518200751e-15,-4.831690603168681e-13,13.801600000000171,-25.52700000000008,42.19489999999992,-36.99099999999922,30.469499999999897,-6.521499999999321
341,-0.00010000000000687237,2.1316282072803006e-14,-2.1316282072803006e-14,0.0,0.0,0.0,-31.508000000000038,-8.680799999999842,-9.999999999799059e-05,-3.836930773104541e-13,20.893699999999953,-27.275199999999955,45.371699999999926,-40.18900000000151,38.99019999999981,-1.1988000000017038
342,-4.263256414560601e-14,-2.1316282072803006e-14,1.2079226507921703e-13,0.0,0.0,0.0,-28.21249999999993,-14.3158999999998,1.7763568394002505e-15,9.947598300641403e-14,22.398200000000017,-26.254700000000057,43.73510000000007,-42.528399999999806,39.87860000000014,-2.649799999999665
343,-1.9539925233402755e-14,2.1316282072803006e-14,-9.237055564881302e-14,0.0,0.0,0.0,-37.89920000000006,-7.649899999999688,-3.552713678800501e-15,9.999999997489795e-05,21.120600000000127,-29.354099999999903,45.15599999999999,-45.54899999999935,36.92250000000021,-8.626499999998686
344,1.7763568394002505e-14,1.1368683772161603e-13,-1.1368683772161603e-13,0.0,0.0,0.0,-35.555200000000006,-8.386999999999077,0.00010000000003351772,-1.4210854715202004e-14,23.253400000000067,-27.932000000000194,46.545200000000065,-43.94209999999971,41.866599999999934,-2.0755000000000052
345,-0.0001000000000015433,-0.00010000000008147936,-1.2789769243681803e-13,0.0,0.0,0.0,-38.13240000000003,-12.085699999998642,-1.9539925233402755e-14,4.973799150320701e-13,21.05880000000014,-29.037600000000133,45.52029999999996,-50.21829999999822,37.54149999999986,-12.676799999997911
346,-2.3092638912203256e-14,0.00010000000003174137,-1.2789769243681803e-13,0.0,0.0,0.0,-33.091499999999975,-5.022699999999393,1.7763568394002505e-15,-3.979039320256561e-13,15.904500000000105,-27.82339999999995,45.20310000000001,-38.114100000001,33.28419999999994,-4.829900000001054
347,3.552713678800501e-15,3.552713678800501e-14,0.0,0.0,0.0,0.0,-30.695499999999914,-17.761500000000417,0.00010000000000687237,1.8474111129762605e-13,24.906500000000072,-28.749299999999963,45.30799999999993,-48.45690000000026,41.46520000000015,-6.991699999999874
348,-9.999999999088516e-05,-2.1316282072803006e-14,-1.5631940186722204e-13,0.0,0.0,0.0,-33.32569999999996,-14.973900000000224,2.1316282072803006e-14,2.5579538487363607e-13,21.291300000000128,-29.05660000000001,44.7049,-48.29969999999963,36.93960000000023,-11.360099999999399
349,-3.197442310920451e-14,1.4210854715202004e-14,-1.2789769243681803e-13,0.0,0.0,0.0,-34.86709999999997,-8.221300000000163,-9.99999999642398e-05,1.4210854715202004e-14,18.971199999999943,-27.549199999999963,45.03649999999999,-43.08850000000004,36.45849999999986,-6.629999999999953
350,-2.4868995751603507e-14,-7.815970093361102e-14,5.684341886080802e-14,0.0,0.0,0.0,-33.482900000000015,-3.0628000000016016,2.3092638912203256e-14,9.999999960541572e-05,13.779299999999932,-27.691000000000095,43.641099999999966,-36.54560000000117,29.729399999999803,-6.816200000001828
351,-2.3092638912203256e-14,-4.263256414560601e-14,2.842170943040401e-14,0.0,0.0,0.0,-32.93979999999998,-11.036799999998497,0.00010000000001220144,-2.1316282072803006e-13,23.416700000000027,-28.527400000000114,45.8813,-43.97649999999824,40.77059999999992,-3.205899999997861
352,-2.4868995751603507e-14,-6.394884621840902e-14,1.4921397450962104e-13,0.0,0.0,0.0,-31.343100000000028,-3.021599999999946,-3.197442310920451e-14,5.968558980384842e-13,15.889299999999874,-27.988800000000012,43.16529999999996,-34.36469999999946,31.065799999999935,-3.29889999999952
353,9.999999996779252e-05,6.394884621840902e-14,6.394884621840902e-14,0.0,0.0,0.0,-31.79300000000005,-9.18220000000068,0.0001000000000264123,1.1368683772161603e-13,17.555700000000144,-26.434100000000015,42.72520000000001,-40.97500000000106,33.84680000000025,-7.12820000000081
354,9.999999997489795e-05,-0.00010000000003174137,-2.842170943040401e-14,0.0,0.0,0.0,-34.35099999999995,-8.038599999999192,0.00010000000001042508,-1.7053025658242404e-13,18.504800000000067,-27.04839999999998,42.825199999999924,-42.38949999999866,34.2815999999999,-8.107899999998764
355,-1.1546319456101628e-14,7.815970093361102e-14,-4.973799150320701e-14,0.0,0.0,0.0,-33.370199999999976,-8.802199999999996,-0.00010000000000864873,-8.810729923425242e-13,16.513000000000005,-27.610699999999994,43.91050000000002,-42.17250000000085,32.81280000000003,-9.35970000000082
356,2.6645352591003757e-14,-4.973799150320701e-14,9.999999989673825e-05,0.0,0.0,0.0,-37.07580000000001,-5.662500000000801,4.263256414560601e-14,-3.979039320256561e-13,19.798499999999933,-29.22669999999993,46.16039999999994,-42.73820000000123,36.732200000000056,-6.006000000000945
357,9.999999998377973e-05,-0.00010000000016674448,2.842170943040401e-14,0.0,0.0,0.0,-28.528499999999855,-2.6762000000007653,5.329070518200751e-15,1.8474111129762605e-13,11.63699999999993,-24.340899999999984,39.59949999999999,-31.20470000000087,26.895599999999824,-4.309100000001038
358,1.5987211554602254e-14,0.00010000000002818865,1.2789769243681803e-13,0.0,0.0,0.0,-35.301599999999986,-11.641400000000509,-1.7763568394002505e-15,-1.2789769243681803e-13,20.54220000000005,-28.546200000000127,45.01099999999997,-46.94290000000062,37.007000000000005,-9.935900000000387
359,1.7763568394002505e-15,-1.4210854715202004e-14,-9.947598300641403e-14,0.0,0.0,0.0,-31.501299999999933,-9.637000000000864,-0.00010000000004417586,-3.979039320256561e-13,17.97200000000003,-26.249899999999954,43.88889999999999,-41.13840000000124,35.61100000000007,-5.5274000000011725
360,-9.99999999766743e-05,-0.00010000000012411192,7.815970093361102e-14,0.0,0.0,0.0,-33.828299999999984,-8.857299999999817,-2.3092638912203256e-14,-9.947598300641403e-14,22.832199999999833,-29.41090000000004,44.64230000000002,-42.685800000000185,38.06359999999992,-4.622200000000262
361,0.00010000000001042508,-1.4210854715202004e-14,9.999999986831654e-05,0.0,0.0,0.0,-34.753399999999914,-8.765300000000515,-8.881784197001252e-15,-7.105427357601002e-14,18.30830000000016,-27.525599999999926,45.826499999999996,-43.51849999999966,36.60920000000023,-6.909299999999433
362,-0.00010000000001753051,-3.197442310920451e-14,-9.999999998200337e-05,0.0,0.0,0.0,-35.26629999999996,-2.0913000000005226,1.9539925233402755e-14,-2.1316282072803006e-13,14.805000000000003,-27.317800000000105,46.45469999999999,-37.35780000000143,33.94189999999989,-3.415900000001315
363,5.329070518200751e-15,-2.842170943040401e-14,5.684341886080802e-14,0.0,0.0,0.0,-30.097600000000003,-10.42960000000016,-9.999999997845066e-05,4.689582056016661e-13,18.68879999999993,-25.40879999999992,44.17170000000004,-40.52729999999964,37.451700000000045,-3.0755999999991417
364,9.999999997489795e-05,1.4210854715202004e-14,1.1368683772161603e-13,0.0,0.0,0.0,-38.2179,-6.582600000000614,4.796163466380676e-14,-3.694822225952521e-13,17.762200000000103,-26.141099999999973,44.68039999999998,-44.800400000000536,36.301500000000104,-8.498900000000432
365,-4.085620730620576e-14,6.394884621840902e-14,-9.999999996779252e-05,0.0,0.0,0.0,-31.57960000000006,-3.699299999998729,-0.00010000000000687237,1.1368683772161603e-13,13.42930000000013,-24.487500000000104,42.73989999999996,-35.27909999999903,31.68169999999999,-3.597399999999041
366,-9.999999997845066e-05,9.999999991805453e-05,-8.526512829121202e-14,0.0,0.0,0.0,-37.93819999999995,-8.877900000001045,-2.4868995751603507e-14,-4.263256414560601e-13,23.724400000000013,-27.431099999999923,47.06060000000001,-46.8161000000008,43.35390000000032,-3.462200000000479
367,3.019806626980426e-14,-0.00010000000002463594,-9.999999989673825e-05,0.0,0.0,0.0,-33.79310000000001,-2.542200000000104,1.4210854715202004e-14,-3.410605131648481e-13,14.023099999999992,-26.802699999999952,42.36370000000006,-36.33549999999971,29.584099999999985,-6.751399999999727
368,-1.2434497875801753e-14,0.00010000000015253363,-7.105427357601002e-15,0.0,0.0,0.0,-29.186499999999967,3.6446999999997267,1.0658141036401503e-14,-6.252776074688882e-13,6.667999999999868,-25.12529999999999,42.12010000000004,-25.541700000001455,23.662799999999923,-1.8789000000017566
369,-3.907985046680551e-14,-0.00010000000010279564,1.0658141036401503e-13,0.0,0.0,0.0,-34.83640000000001,4.966800000001605,-4.796163466380676e-14,-4.547473508864641e-13,8.79399999999999,-26.774400000000107,43.22379999999995,-29.869699999998588,25.243400000000058,-4.62629999999853
370,8.881784197001252e-15,2.1316282072803006e-14,1.4210854715202004e-13,0.0,0.0,0.0,-36.319499999999934,-8.349500000001154,1.7763568394002505e-14,9.947598300641403e-14,21.099000000000018,-26.760200000000147,45.4534,-44.66900000000052,39.79219999999987,-4.8768000000006495
371,-1.0658141036401503e-14,1.2079226507921703e-13,2.1316282072803006e-14,0.0,0.0,0.0,-29.118200000000012,-16.436200000000113,-1.4210854715202004e-14,7.673861546209082e-13,26.043500000000016,-26.368100000000062,42.93000000000003,-45.55439999999872,42.60539999999987,-2.9489999999983993
372,-7.105427357601002e-15,-4.973799150320701e-14,7.105427357601002e-15,0.0,0.0,0.0,-29.585299999999997,-6.933300000001044,9.999999999621423e-05,-3.410605131648481e-13,16.987600000000135,-24.799299999999874,40.72980000000006,-36.51850000000246,32.91810000000032,-3.6004000000021392
373,-0.00010000000002374776,-9.947598300641403e-14,5.684341886080802e-14,0.0,0.0,0.0,-33.72979999999996,-10.774200000000008,-7.105427357601002e-15,-1.7053025658242404e-13,19.45669999999992,-24.74260000000009,43.64610000000005,-44.504100000000136,38.36019999999988,-6.143900000000258
374,1.4210854715202004e-14,1.1368683772161603e-13,-4.263256414560601e-14,0.0,0.0,0.0,-31.659800000000036,-11.351300000001258,4.618527782440651e-14,2.5579538487363607e-13,19.036099999999966,-27.823300000000074,44.71850000000008,-43.01110000000091,35.93129999999985,-7.079800000000603
375,9.999999999799059e-05,1.4210854715202004e-13,-0.00010000000000331966,0.0,0.0,0.0,-31.139100000000035,-11.922699999999395,-1.0658141036401503e-14,-1.1368683772161603e-13,19.522300000000087,-25.81520000000011,43.247499999999974,-43.061799999999025,36.95459999999995,-6.107199999999068
376,-8.881784197001252e-15,-7.105427357601002e-15,-7.105427357601002e-15,0.0,0.0,0.0,-31.810599999999997,-3.134500000000699,9.999999999621423e-05,6.394884621840902e-13,15.193599999999936,-25.12539999999992,41.15030000000001,-34.944999999999354,31.218500000000137,-3.72649999999944
377,-2.4868995751603507e-14,2.842170943040401e-14,5.684341886080802e-14,0.0,0.0,0.0,-33.397499999999916,-4.290399999998563,-1.7763568394002505e-14,0.0,16.9241999999998,-27.242099999999972,45.45159999999998,-37.68789999999804,35.133699999999806,-2.5541999999982323
378,-3.552713678800501e-15,-9.999999992515995e-05,1.0658141036401503e-13,0.0,0.0,0.0,-37.061800000000005,-3.2989999999986566,0.0,1.7053025658242404e-13,16.069799999999965,-29.25499999999994,44.68490000000003,-40.360899999997926,31.499700000000168,-8.861199999997758
379,-3.552713678800501e-14,-6.394884621840902e-14,1.2789769243681803e-13,0.0,0.0,0.0,-32.96140000000004,-10.036799999999403,-1.0658141036401503e-14,-0.00010000000018806077,15.987099999999966,-27.232700000000058,44.33690000000003,-42.998299999999446,33.09129999999993,-9.906999999999286
380,1.2434497875801753e-14,2.842170943040401e-14,4.263256414560601e-14,0.0,0.0,0.0,-36.79889999999996,-9.117299999999766,-8.881784197001252e-15,1.9895196601282805e-13,20.695200000000156,-26.249800000000022,45.30789999999997,-45.91619999999966,39.753300000000216,-6.162899999999674
381,5.329070518200751e-15,9.237055564881302e-14,1.7053025658242404e-13,0.0,0.0,0.0,-34.04659999999995,-8.134299999999126,8.881784197001252e-15,-4.547473508864641e-13,19.308000000000053,-26.027800000000006,44.72269999999994,-42.18089999999964,38.00289999999998,-4.177999999999649
382,2.6645352591003757e-14,-1.2789769243681803e-13,1.1368683772161603e-13,0.0,0.0,0.0,-33.915799999999976,-6.210300000001212,3.552713678800501e-14,4.121147867408581e-13,18.237900000000074,-24.577200000000005,41.69730000000003,-40.12610000000096,35.3580000000001,-4.768100000000182
383,1.7763568394002505e-15,9.999999996779252e-05,0.0001000000001454282,0.0,0.0,0.0,-32.3732000000001,-9.059999999998766,-7.105427357601002e-15,2.8421709430404007e-13,15.920599999999837,-26.349099999999886,43.97390000000001,-41.4329999999984,33.54539999999996,-7.887599999998891
384,1.7763568394002505e-15,0.0,-1.4210854715202004e-13,0.0,0.0,0.0,-35.83430000000003,-5.217099999999903,5.329070518200751e-15,5.684341886080802e-14,14.617800000000052,-27.331899999999898,45.53469999999997,-41.05139999999898,32.82060000000024,-8.230799999998965
385,-3.552713678800501e-15,1.4921397450962104e-13,7.105427357601002e-15,0.0,0.0,0.0,-35.6825,-13.738500000000144,8.881784197001252e-15,9.999999994647624e-05,24.16890000000004,-26.826400000000014,44.91790000000011,-49.42090000000016,42.260399999999905,-7.160499999999793
386,9.999999999799059e-05,6.394884621840902e-14,-3.552713678800501e-14,0.0,0.0,0.0,-37.65930000000004,-7.63460000000029,-7.105427357601002e-15,-1.1368683772161603e-13,22.698199999999918,-26.34900000000004,45.872999999999905,-45.29380000000063,42.22219999999979,-3.071600000000842
387,-9.999999996601616e-05,7.105427357601002e-14,9.999999998200337e-05,0.0,0.0,0.0,-32.568899999999964,-8.011099999999015,3.197442310920451e-14,-7.105427357601002e-14,23.144600000000157,-26.98229999999998,46.134000000000036,-40.57999999999846,42.296300000000215,1.7163000000017448
388,-9.999999999799059e-05,-4.973799150320701e-14,-0.00010000000018806077,0.0,0.0,0.0,-31.136700000000005,-5.903000000000407,-9.999999999621423e-05,8.526512829121202e-14,17.30390000000013,-26.193199999999962,45.46890000000002,-37.0400000000009,36.579600000000184,-0.46040000000071757
389,1.0658141036401503e-14,-9.99999999891088e-05,5.684341886080802e-14,0.0,0.0,0.0,-33.892199999999946,-10.231800000000352,3.552713678800501e-15,2.1316282072803006e-13,21.521800000000127,-25.52700000000008,43.68300000000004,-44.12410000000028,39.67780000000009,-4.446300000000193
390,-1.5987211554602254e-14,0.00010000000004595222,4.263256414560601e-14,0.0,0.0,0.0,-34.73779999999992,-8.997199999999328,-2.842170943040401e-14,-0.00010000000015963906,21.189299999999992,-26.02780000000005,44.828200000000024,-43.73499999999919,39.98969999999997,-3.7452999999992187
391,9.999999998555609e-05,-9.999999994647624e-05,0.0,0.0,0.0,0.0,-31.572899999999972,-8.247499999998887,-1.7763568394002505e-15,0.00010000000004595222,20.960099999999944,-24.236999999999952,41.662700000000044,-39.82029999999894,38.38580000000003,-1.4344999999989057
392,1.9539925233402755e-14,-9.999999996068709e-05,-7.105427357601002e-15,0.0,0.0,0.0,-32.33270000000006,-4.397599999999201,-3.552713678800501e-14,3.836930773104541e-13,18.16760000000007,-26.13649999999987,45.30510000000006,-36.73039999999851,37.33620000000026,0.6058000000017429
393,-4.618527782440651e-14,9.999999995358166e-05,-7.815970093361102e-14,0.0,0.0,0.0,-32.666300000000035,-16.5381,-9.999999995713438e-05,-5.258016244624741e-13,27.106900000000135,-26.66090000000012,45.982400000000005,-49.20440000000086,46.42840000000014,-2.7760000000016376
394,-1.7763568394002505e-15,-0.00010000000004595222,4.973799150320701e-14,0.0,0.0,0.0,-29.94189999999998,-10.921700000001241,3.552713678800501e-15,6.821210263296962e-13,17.575999999999866,-24.251199999999912,41.58509999999996,-40.863700000000364,34.9098999999998,-5.95380000000079
395,-2.1316282072803006e-14,-0.00010000000003884679,-3.552713678800501e-14,0.0,0.0,0.0,-32.847900000000095,-5.688600000001475,9.999999999088516e-05,4.263256414560601e-14,19.02010000000007,-25.843599999999938,42.78660000000001,-38.53650000000202,35.96310000000037,-2.5734000000021098
396,2.4868995751603507e-14,3.552713678800501e-14,0.0001000000000672685,0.0,0.0,0.0,-34.85990000000003,-10.119599999998478,2.6645352591003757e-14,-3.836930773104541e-13,21.5445,-28.333599999999898,45.53550000000008,-44.97939999999933,38.746400000000065,-6.232999999998356
397,-0.00010000000001220144,-2.842170943040401e-14,-7.105427357601002e-15,0.0,0.0,0.0,-37.417099999999984,-6.489900000001267,-8.881784197001252e-15,-4.973799150320701e-13,16.636900000000075,-26.646800000000113,44.849599999999995,-43.907100000000284,34.839699999999844,-9.06740000000066
398,9.999999996068709e-05,3.552713678800501e-14,7.105427357601002e-14,0.0,0.0,0.0,-32.3502,-13.450900000000331,-1.7763568394002505e-15,-9.999999988963282e-05,23.144800000000018,-25.626099999999916,43.20379999999996,-45.80110000000067,40.72249999999995,-5.078600000000947
399,0.0,4.973799150320701e-14,0.0,0.0,0.0,0.0,-34.39900000000006,-14.680800000000794,9.99999999891088e-05,-9.947598300641403e-14,23.472400000000054,-25.323700000000002,41.75169999999999,-49.079700000001864,39.90040000000005,-9.179300000001597
400,-7.105427357601002e-15,-9.999999991805453e-05,-1.3500311979441904e-13,0.0,0.0,0.0,-29.341399999999965,-5.80810000000022,0.0001000000000015433,-9.999999961962658e-05,16.90590000000003,-24.61979999999987,39.915000000000035,-35.14960000000049,32.20110000000031,-2.948500000000408
401,-0.00010000000000687237,2.1316282072803006e-14,9.999999994647624e-05,0.0,0.0,0.0,-28.035599999999988,-2.787599999999337,9.999999999976694e-05,7.531752999057062e-13,11.841199999999976,-24.005499999999905,40.5825,-30.82309999999883,28.418200000000073,-2.4048999999982996
402,-2.042810365310288e-14,8.526512829121202e-14,-1.4921397450962104e-13,0.0,0.0,0.0,-31.945499999999956,-5.426500000000047,4.440892098500626e-14,0.00010000000000331966,16.99720000000006,-24.49689999999991,39.31769999999997,-37.37189999999987,31.818000000000115,-5.553899999999295
403,3.552713678800501e-15,-1.1368683772161603e-13,-4.973799150320701e-14,0.0,0.0,0.0,-35.21750000000001,-13.752199999999998,9.999999996068709e-05,2.5579538487363607e-13,25.502400000000016,-27.13350000000012,44.095699999999894,-48.96960000000041,42.464599999999905,-6.505000000000507
404,-9.999999996956888e-05,1.7763568394002505e-13,-7.105427357601002e-15,0.0,0.0,0.0,-31.15380000000004,-10.279199999999221,-1.7763568394002505e-15,0.00010000000051491043,15.997600000000055,-27.13819999999997,42.64120000000008,-41.43299999999874,31.50059999999994,-9.932399999998808
405,1.7763568394002505e-14,-2.1316282072803006e-14,6.394884621840902e-14,0.0,0.0,0.0,-30.20629999999998,-4.484599999998611,1.9539925233402755e-14,-9.99999997048917e-05,14.959299999999892,-23.797599999999896,43.39850000000003,-34.69099999999737,34.56019999999991,-0.13079999999723668
406,-4.440892098500626e-14,1.2079226507921703e-13,1.2789769243681803e-13,0.0,0.0,0.0,-34.43510000000001,-10.386799999999557,3.907985046680551e-14,2.1316282072803006e-13,22.861300000000142,-26.821599999999847,44.824500000000064,-44.82189999999885,40.86420000000036,-3.9576999999987166
407,0.00010000000003884679,7.105427357601002e-15,-7.105427357601002e-15,0.0,0.0,0.0,-33.73319999999996,-5.021899999999388,-2.6645352591003757e-14,6.394884621840902e-13,15.457100000000118,-25.172600000000124,43.10360000000001,-38.75499999999791,33.38810000000023,-5.366899999998132
408,-0.00010000000000509601,0.00010000000000331966,-1.7053025658242404e-13,0.0,0.0,0.0,-32.92659999999997,-4.771300000000359,1.7763568394002505e-15,3.979039320256561e-13,19.603299999999994,-26.571199999999955,45.464000000000084,-37.697899999999635,38.496100000000126,0.7982000000002643
409,-0.00010000000002552412,7.105427357601002e-15,4.263256414560601e-14,0.0,0.0,0.0,-27.649400000000014,-7.676399999999138,7.105427357601002e-15,0.00010000000001753051,19.536900000000124,-25.498599999999875,42.080900000000064,-35.325799999998125,36.119200000000426,0.7934000000023005
410,9.99999999891088e-05,7.105427357601002e-14,-4.263256414560601e-14,0.0,0.0,0.0,-28.00779999999993,0.17989999999942796,3.552713678800501e-15,6.963318810448982e-13,7.512500000000024,-23.95350000000002,40.45309999999998,-27.827800000000295,24.012099999999982,-3.815700000000078
411,-1.4210854715202004e-14,0.00010000000006016307,-1.8474111129762605e-13,0.0,0.0,0.0,-34.33030000000001,-2.16450000000172,-3.730349362740526e-14,1.8474111129762605e-13,14.79380000000003,-26.127099999999928,43.670099999999984,-36.49470000000245,32.33680000000008,-4.157900000002364
412,5.329070518200751e-15,-5.684341886080802e-14,1.7053025658242404e-13,0.0,0.0,0.0,-34.022199999999955,-7.307000000000468,0.0,1.2789769243681803e-13,17.69849999999983,-27.119300000000166,45.43310000000007,-41.32919999999966,36.01229999999984,-5.316899999999819
413,3.552713678800501e-15,-9.999999999621423e-05,-2.842170943040401e-14,0.0,0.0,0.0,-30.59620000000006,-12.14509999999991,6.039613253960852e-14,-7.389644451905042e-13,20.26970000000003,-23.277900000000116,42.42910000000004,-42.74140000000162,39.42090000000007,-3.3205000000013243
414,8.881784197001252e-15,-1.1368683772161603e-13,-9.999999983989483e-05,0.0,0.0,0.0,-31.285800000000037,-3.498400000000977,1.7763568394002505e-15,2.8421709430404007e-13,16.74510000000007,-25.389900000000175,44.72720000000004,-34.78430000000023,36.082399999999936,1.2981000000001615
415,-1.9539925233402755e-14,-4.263256414560601e-14,1.2789769243681803e-13,0.0,0.0,0.0,-31.213299999999933,-12.177199999998916,4.796163466380676e-14,-3.694822225952521e-13,25.72749999999991,-26.48150000000004,47.50530000000009,-43.39049999999918,46.751300000000185,3.3608000000010065
416,5.329070518200751e-15,-0.00010000000001753051,0.00010000000016674448,0.0,0.0,0.0,-33.667099999999955,-16.10209999999996,-3.019806626980426e-14,2.842170943040401e-14,23.889699999999976,-24.733199999999982,43.05590000000003,-49.7692000000001,42.212400000000024,-7.556800000000528
417,-3.552713678800501e-14,-4.973799150320701e-14,-7.105427357601002e-15,0.0,0.0,0.0,-32.86290000000005,-3.1003000000003524,1.9539925233402755e-14,-0.00010000000000331966,14.838399999999922,-27.19960000000004,40.76439999999992,-35.96329999999939,28.4031999999998,-7.5600999999995935
418,-7.105427357601002e-15,6.394884621840902e-14,4.263256414560601e-14,0.0,0.0,0.0,-36.17480000000001,-7.044499999999854,2.3092638912203256e-14,-7.105427357601002e-14,22.315700000000035,-29.45820000000004,47.49710000000008,-43.21929999999897,40.35459999999996,-2.8646999999992246
419,3.907985046680551e-14,1.4210854715202004e-14,4.973799150320701e-14,0.0,0.0,0.0,-38.15240000000002,-8.235100000000866,2.842170943040401e-14,-9.999999929277692e-05,21.364300000000114,-29.434499999999915,47.16440000000004,-46.38759999999928,39.09420000000013,-7.29339999999938
420,5.329070518200751e-15,0.0,4.263256414560601e-14,0.0,0.0,0.0,-36.27090000000001,-17.49920000000103,3.730349362740526e-14,-8.526512829121202e-14,28.655800000000152,-27.922599999999974,48.492699999999964,-53.77010000000098,49.22590000000025,-4.544200000000949
421,-5.329070518200751e-15,7.815970093361102e-14,0.00010000000008858478,0.0,0.0,0.0,-36.835300000000046,-8.893600000000358,-0.00010000000001575415,-0.00010000000004595222,28.23600000000014,-28.310000000000002,48.5488,-45.72900000000014,48.47480000000002,2.745799999999427
422,-2.1316282072803006e-14,0.00010000000003884679,9.99999998327894e-05,0.0,0.0,0.0,-37.007900000000056,-4.735700000000154,-0.00010000000000509601,-4.831690603168681e-13,21.65110000000001,-27.908400000000007,46.388000000000005,-41.74350000000243,40.13070000000012,-1.6128000000025366
423,1.7763568394002505e-15,-4.263256414560601e-14,-7.815970093361102e-14,0.0,0.0,0.0,-32.82110000000001,-14.456300000000898,9.999999999266151e-05,7.958078640513122e-13,26.903600000000107,-29.009200000000185,48.564899999999966,-47.27729999999971,46.45929999999966,-0.8179999999995999
424,-3.552713678800501e-14,-9.947598300641403e-14,-9.999999997489795e-05,0.0,0.0,0.0,-36.57279999999994,-4.61410000000064,1.4210854715202004e-14,-5.400124791776761e-13,16.37990000000002,-26.665700000000022,45.501800000000024,-41.18700000000118,35.21600000000002,-5.9710000000007
425,3.375077994860476e-14,-2.842170943040401e-14,-1.4921397450962104e-13,0.0,0.0,0.0,-35.94219999999996,-6.350200000000257,-9.999999998555609e-05,-9.99999999891088e-05,23.22229999999989,-29.292799999999993,49.08929999999999,-42.292600000000434,43.018799999999885,0.7261999999996718
426,1.7763568394002505e-15,5.684341886080802e-14,5.684341886080802e-14,0.0,0.0,0.0,-31.48220000000003,-4.686399999999967,4.263256414560601e-14,-9.947598300641403e-14,15.898599999999995,-25.85299999999996,44.038699999999984,-36.168599999999486,34.084300000000134,-2.084299999999125
427,3.019806626980426e-14,7.105427357601002e-14,-7.105427357601002e-14,0.0,0.0,0.0,-35.1403,-8.605799999999942,1.7763568394002505e-14,-7.389644451905042e-13,22.92570000000015,-26.023000000000167,46.561599999999984,-43.746100000000354,43.464299999999966,-0.28180000000038774
428,5.329070518200751e-15,1.5631940186722204e-13,3.552713678800501e-14,0.0,0.0,0.0,-32.17059999999995,-12.028199999998712,9.99999999766743e-05,1.7053025658242404e-13,20.904799999999888,-25.35699999999985,45.24420000000005,-44.198699999998894,40.79200000000009,-3.4066999999992618
429,-9.999999997134523e-05,4.973799150320701e-14,1.2789769243681803e-13,0.0,0.0,0.0,-34.74009999999996,-6.968299999998635,9.999999999799059e-05,6.394884621840902e-13,28.01750000000001,-26.788499999999985,46.558399999999985,-41.708399999996615,47.78739999999978,6.07900000000317
430,-9.999999999621423e-05,-7.105427357601002e-15,1.1368683772161603e-13,0.0,0.0,0.0,-33.08839999999993,-10.217400000000467,1.4210854715202004e-14,-1.7053025658242404e-13,20.7072999999999,-26.87359999999989,47.00909999999997,-43.305900000000435,40.84279999999998,-2.4631000000006864
431,3.552713678800501e-14,0.00010000000012411192,-1.1368683772161603e-13,0.0,0.0,0.0,-35.29319999999997,-16.095199999999693,-1.7763568394002505e-15,-8.526512829121202e-14,31.927800000000115,-31.499399999999902,48.238799999999934,-51.3883000000005,48.66720000000015,-2.7210999999999004
432,-1.2434497875801753e-14,7.815970093361102e-14,0.0,0.0,0.0,0.0,-35.06949999999995,-12.17100000000065,-3.552713678800501e-14,7.105427357601002e-14,33.61919999999994,-28.41389999999987,48.15650000000002,-47.24050000000095,53.361800000000095,6.121299999999138
433,-5.329070518200751e-15,-7.105427357601002e-14,7.815970093361102e-14,0.0,0.0,0.0,-37.62549999999998,-9.85299999999975,3.552713678800501e-15,-4.121147867408581e-13,22.270999999999976,-30.204700000000038,47.98430000000002,-47.47849999999947,40.05059999999985,-7.427899999999397
434,3.730349362740526e-14,-3.907985046680551e-14,9.999999994647624e-05,0.0,0.0,0.0,-36.216899999999974,-9.070099999998884,8.881784197001252e-15,-0.00010000000017384991,19.61900000000014,-29.02339999999996,47.73279999999994,-45.286999999998685,38.328400000000116,-6.9585999999983414
435,9.999999999088516e-05,2.842170943040401e-14,9.999999984700025e-05,0.0,0.0,0.0,-36.6562,-7.426300000000378,0.00010000000000509601,0.00010000000041543444,21.337099999999896,-28.640799999999885,46.683400000000056,-44.08210000000027,39.379700000000184,-4.702400000000317
436,-1.0658141036401503e-14,9.237055564881302e-14,-1.2789769243681803e-13,0.0,0.0,0.0,-38.09499999999993,-5.631899999999639,-5.329070518200751e-15,-7.105427357601002e-14,24.067300000000028,-28.220199999999885,46.668199999999956,-43.726899999999446,42.51530000000021,-1.2115999999994642
437,-2.3092638912203256e-14,-7.815970093361102e-14,-9.999999987542196e-05,0.0,0.0,0.0,-31.081599999999927,1.3674999999995272,0.00010000000003529408,-1.4210854715202004e-14,13.33399999999996,-27.086099999999966,43.00830000000003,-29.71409999999996,29.256200000000135,-0.4579000000002722
438,-0.0001000000000139778,-1.0658141036401503e-13,9.999999989673825e-05,0.0,0.0,0.0,-34.456799999999966,-11.642200000001221,-3.907985046680551e-14,-0.00010000000069965154,23.512700000000017,-28.74939999999996,47.32559999999996,-46.099100000002935,42.088900000000244,-4.010200000003145
439,9.999999999266151e-05,-9.947598300641403e-14,3.552713678800501e-14,0.0,0.0,0.0,-35.387599999999985,-10.110000000001289,-2.1316282072803006e-14,-9.999999987542196e-05,21.387900000000105,-28.89579999999991,45.06829999999997,-45.4976000000007,37.56040000000017,-7.9372000000007645
440,9.999999998555609e-05,-9.999999993226538e-05,-9.999999992515995e-05,0.0,0.0,0.0,-37.948999999999955,-13.083600000000406,2.1316282072803006e-14,-1.5631940186722204e-13,28.669099999999982,-29.6047000000001,48.56400000000001,-51.03270000000008,47.628399999999885,-3.4042999999999637
441,9.769962616701378e-15,-1.6342482922482304e-13,1.4210854715202004e-14,0.0,0.0,0.0,-38.39790000000001,-16.036900000000838,-0.00010000000002818865,4.263256414560601e-13,23.89030000000007,-28.820300000000074,46.675099999999965,-54.43490000000156,41.74510000000008,-12.68980000000149
442,-3.730349362740526e-14,-4.973799150320701e-14,-2.842170943040401e-14,0.0,0.0,0.0,-35.120200000000025,-13.430899999999419,-3.019806626980426e-14,-4.263256414560601e-14,29.189999999999948,-29.50069999999991,47.54220000000002,-48.55109999999918,47.23149999999995,-1.319599999998779
443,2.1316282072803006e-14,-9.999999996779252e-05,9.947598300641403e-14,0.0,0.0,0.0,-38.20910000000003,-11.204100000000299,3.730349362740526e-14,-8.384404281969182e-13,26.483700000000002,-30.781200000000084,47.92050000000001,-49.41329999999978,43.622999999999934,-5.790299999999398
444,-5.329070518200751e-15,7.815970093361102e-14,7.105427357601002e-14,0.0,0.0,0.0,-35.55099999999994,-11.234300000000076,1.7763568394002505e-15,1.8474111129762605e-13,23.57200000000006,-28.258000000000123,46.97279999999998,-46.78529999999843,42.286799999999914,-4.4984999999982875
445,3.197442310920451e-14,9.999999995358166e-05,7.105427357601002e-14,0.0,0.0,0.0,-36.38420000000006,-13.196699999999836,9.999999996246345e-05,0.00010000000001753051,23.459200000000173,-29.661300000000068,48.720199999999984,-49.58060000000066,42.51810000000032,-7.062500000000341
446,-9.99999999766743e-05,9.999999996779252e-05,-4.973799150320701e-14,0.0,0.0,0.0,-35.650999999999925,-12.051499999999066,9.999999999266151e-05,4.405364961712621e-13,20.02919999999995,-28.91479999999997,47.12119999999991,-47.702399999999,38.23559999999978,-9.466799999998322
447,2.6645352591003757e-14,1.0658141036401503e-13,0.00010000000013832278,0.0,0.0,0.0,-34.8915,-13.98810000000142,9.999999998200337e-05,-8.526512829121202e-14,24.278399999999955,-27.979200000000077,45.925500000000035,-48.879400000001425,42.22469999999991,-6.654700000001519
448,-4.263256414560601e-14,1.2789769243681803e-13,-9.999999997489795e-05,0.0,0.0,0.0,-34.31549999999993,-13.72210000000005,0.0,4.547473508864641e-13,22.266699999999954,-26.618299999999934,45.629200000000026,-48.037699999998836,41.277599999999936,-6.7600999999989
449,7.105427357601002e-15,6.394884621840902e-14,-2.1316282072803006e-13,0.0,0.0,0.0,-36.31139999999999,-5.418500000000769,1.5987211554602254e-14,1.2789769243681803e-13,20.23620000000009,-29.599899999999934,47.164200000000065,-41.7299000000004,37.80050000000022,-3.929400000000399
450,-9.999999997845066e-05,2.1316282072803006e-14,3.552713678800501e-14,0.0,0.0,0.0,-38.14329999999997,-8.036499999999954,-8.881784197001252e-15,-3.552713678800501e-13,22.384099999999933,-29.949499999999787,47.05319999999998,-46.17990000000081,39.48780000000013,-6.692100000000686
451,5.329070518200751e-15,1.4921397450962104e-13,-7.105427357601002e-14,0.0,0.0,0.0,-35.64040000000008,-3.6457999999989745,-9.999999998555609e-05,-4.973799150320701e-13,15.102599999999914,-29.05189999999994,44.59920000000001,-39.28630000000008,30.6499000000001,-8.636399999999753
452,8.881784197001252e-15,9.999999998200337e-05,2.1316282072803006e-14,0.0,0.0,0.0,-34.45619999999998,-3.8272000000001505,-5.329070518200751e-15,-6.821210263296962e-13,19.819599999999827,-28.626599999999975,46.6119,-38.28330000000105,37.80489999999985,-0.47840000000073957
453,-4.618527782440651e-14,1.5631940186722204e-13,1.2789769243681803e-13,0.0,0.0,0.0,-36.45950000000004,-11.621700000000843,-9.99999999891088e-05,1.8474111129762605e-13,21.633300000000034,-27.728800000000007,46.24410000000002,-48.081300000000724,40.148600000000044,-7.932700000000679
454,9.99999999766743e-05,7.815970093361102e-14,-1.2079226507921703e-13,0.0,0.0,0.0,-33.42490000000001,-9.658199999998988,-2.4868995751603507e-14,0.0,20.444500000000097,-29.08009999999991,46.03599999999994,-43.082999999999544,37.400400000000126,-5.682599999999191
455,-9.999999998022702e-05,1.4210854715202004e-14,-7.105427357601002e-15,0.0,0.0,0.0,-33.78009999999999,-9.896999999999515,0.00010000000000687237,-9.999999947751803e-05,24.489099999999905,-28.286300000000082,48.189099999999996,-43.67719999999879,44.39189999999982,0.7147000000010308
456,4.263256414560601e-14,9.999999998200337e-05,-1.2789769243681803e-13,0.0,0.0,0.0,-34.1069999999999,-7.502099999999718,0.00010000000004772858,2.1316282072803006e-13,20.318200000000136,-29.2266999999999,44.41709999999996,-41.608899999999295,35.50859999999997,-6.100299999998867
457,-0.00010000000002108322,6.394884621840902e-14,-0.00010000000000331966,0.0,0.0,0.0,-35.73000000000002,-9.75729999999994,9.999999998022702e-05,-1.5631940186722204e-13,22.633500000000012,-27.894099999999973,46.17689999999998,-45.487400000000505,40.91630000000025,-4.571100000000257
458,1.7763568394002505e-15,-9.99999999109491e-05,-1.1368683772161603e-13,0.0,0.0,0.0,-36.60260000000005,-14.68460000000043,2.4868995751603507e-14,2.7000623958883807e-13,32.471600000000066,-29.08499999999991,49.48770000000007,-51.287300000000556,52.874300000000105,1.5869999999995557
459,-9.99999999891088e-05,2.1316282072803006e-14,-1.4210854715202004e-13,0.0,0.0,0.0,-37.56100000000008,-11.409999999999876,-5.329070518200751e-15,-2.1316282072803006e-13,22.07880000000008,-30.64889999999997,48.062700000000014,-48.971099999999595,39.49260000000001,-9.478499999999364
460,1.5987211554602254e-14,7.105427357601002e-14,9.999999984700025e-05,0.0,0.0,0.0,-34.77050000000001,-8.65130000000081,3.197442310920451e-14,-3.979039320256561e-13,20.889000000000102,-27.26100000000013,47.115599999999965,-43.42170000000064,40.74359999999994,-2.678100000000704
461,5.329070518200751e-15,-0.00010000000003174137,-7.815970093361102e-14,0.0,0.0,0.0,-35.84830000000001,-8.226600000000094,7.105427357601002e-15,-1.9895196601282805e-13,20.01040000000008,-29.12749999999984,47.5537,-44.075000000000955,38.436600000000354,-5.638400000000608
462,-1.5987211554602254e-14,9.999999992871267e-05,1.4210854715202004e-13,0.0,0.0,0.0,-34.82479999999995,-10.140700000000962,3.375077994860476e-14,-5.684341886080802e-14,18.180700000000186,-27.379099999999845,44.15379999999997,-44.96540000000037,34.95540000000031,-10.010000000000517
463,-1.9539925233402755e-14,7.105427357601002e-15,-9.999999999621423e-05,0.0,0.0,0.0,-33.26649999999995,-16.493200000000126,7.105427357601002e-15,-3.410605131648481e-13,23.017200000000166,-28.550999999999995,45.59440000000005,-49.759800000001206,40.06060000000011,-9.699200000000872
464,-2.3092638912203256e-14,9.999999997489795e-05,-0.00010000000002463594,0.0,0.0,0.0,-36.73429999999998,-13.512399999999147,1.7763568394002505e-14,5.542233338928781e-13,22.337700000000076,-28.07370000000013,46.48540000000004,-50.24669999999834,40.7494000000001,-9.49729999999824
465,1.5987211554602254e-14,9.237055564881302e-14,-2.842170943040401e-14,0.0,0.0,0.0,-35.823099999999954,-10.693699999999968,3.552713678800501e-15,-7.105427357601002e-14,23.035599999999903,-28.418699999999987,46.271600000000056,-46.51680000000046,40.88849999999997,-5.628300000000259
466,9.99999999642398e-05,-9.237055564881302e-14,4.973799150320701e-14,0.0,0.0,0.0,-36.12360000000009,-1.0505999999990259,9.999999996068709e-05,-5.684341886080802e-14,14.70889999999989,-27.908299999999983,44.586100000000016,-37.173999999998614,31.386699999999923,-5.7872999999986945
467,0.00010000000002108322,1.1368683772161603e-13,0.00010000000008147936,0.0,0.0,0.0,-29.58179999999999,2.358299999999211,9.99999999766743e-05,4.831690603168681e-13,13.93790000000006,-25.555200000000127,42.97889999999998,-27.223200000000332,31.361599999999687,4.138399999999351
468,-9.999999999621423e-05,7.105427357601002e-15,9.999999992515995e-05,0.0,0.0,0.0,-23.77559999999999,-5.674099999999063,-1.0658141036401503e-14,-4.973799150320701e-13,14.936999999999795,-27.790200000000006,41.851299999999995,-29.449699999999737,28.99809999999967,-0.4516000000005249
469,-5.329070518200751e-15,8.526512829121202e-14,-2.1316282072803006e-14,0.0,0.0,0.0,-23.226499999999973,0.21750000000175262,4.085620730620576e-14,1.5631940186722204e-13,7.757199999999955,-22.26670000000007,38.326900000000016,-23.008999999998196,23.8173999999999,0.8084000000017042
470,1.4210854715202004e-14,-1.4210854715202004e-14,1.4210854715202004e-13,0.0,0.0,0.0,-32.533099999999976,-0.8460000000004193,0.00010000000002285958,6.110667527536862e-13,15.730600000000006,-25.404199999999975,41.75560000000007,-33.37900000000042,32.08200000000011,-1.297000000000537
471,-1.7763568394002505e-15,1.4210854715202004e-14,-1.4210854715202004e-14,0.0,0.0,0.0,-36.89079999999996,-9.284899999999958,-2.4868995751603507e-14,-4.263256414560601e-13,21.090500000000073,-27.96980000000009,45.058999999999926,-46.17569999999998,38.17970000000014,-7.9960000000002935
472,-2.6645352591003757e-14,-1.8474111129762605e-13,-2.842170943040401e-14,0.0,0.0,0.0,-34.872800000000076,-1.3357000000000738,1.7763568394002505e-14,-3.268496584496461e-13,15.99600000000012,-26.963299999999933,44.809100000000036,-36.20850000000168,33.84180000000022,-2.366700000001451
473,0.00010000000001042508,0.0,2.1316282072803006e-14,0.0,0.0,0.0,-34.98850000000011,-2.0549000000003907,-4.263256414560601e-14,-6.110667527536862e-13,15.449699999999861,-27.185499999999983,42.73939999999992,-37.043300000000954,31.003599999999683,-6.039700000001503
474,-1.2434497875801753e-14,1.2079226507921703e-13,7.105427357601002e-14,0.0,0.0,0.0,-38.05529999999998,-4.417200000000527,-1.4210854715202004e-14,4.263256414560601e-14,20.83120000000012,-29.014099999999907,45.66429999999999,-42.47250000000014,37.48139999999998,-4.991099999999712
475,0.0,9.99999999109491e-05,7.105427357601002e-15,0.0,0.0,0.0,-35.21819999999998,-10.065700000001101,0.00010000000000687237,0.00010000000013121735,20.468700000000126,-28.347799999999857,46.79829999999994,-45.28360000000126,38.91920000000032,-6.364400000001162
476,-9.999999999799059e-05,-9.947598300641403e-14,9.999999989673825e-05,0.0,0.0,0.0,-34.16529999999994,-13.347000000000044,-1.9539925233402755e-14,-9.999999960541572e-05,22.972299999999862,-28.4471000000001,45.016300000000015,-47.512400000000085,39.541500000000006,-7.970900000000071
477,-3.907985046680551e-14,5.684341886080802e-14,9.947598300641403e-14,0.0,0.0,0.0,-34.854699999999994,-6.163299999999962,-1.0658141036401503e-14,-1.4210854715202004e-13,18.981999999999925,-28.418599999999913,46.28999999999997,-41.01799999999966,36.85339999999998,-4.164599999999673
478,-1.2434497875801753e-14,9.947598300641403e-14,4.973799150320701e-14,0.0,0.0,0.0,-35.013500000000015,-14.42150000000014,2.842170943040401e-14,4.689582056016661e-13,25.843799999999977,-27.36020000000002,45.8177,-49.43500000000007,44.30130000000018,-5.133700000000346
479,0.0,1.2789769243681803e-13,9.999999998200337e-05,0.0,0.0,0.0,-36.920799999999964,-8.928100000000143,-3.552713678800501e-15,6.394884621840902e-13,20.671799999999916,-28.40450000000005,44.403400000000005,-45.84879999999821,36.67069999999987,-9.178099999998338
480,-3.730349362740526e-14,-2.1316282072803006e-14,4.973799150320701e-14,0.0,0.0,0.0,-27.82529999999992,-13.26639999999966,1.4210854715202004e-14,-9.999999964804829e-05,19.928000000000043,-26.19320000000002,44.06879999999992,-41.09179999999989,37.803599999999946,-3.2882000000004084
481,3.375077994860476e-14,-1.4210854715202004e-13,-3.552713678800501e-14,0.0,0.0,0.0,-34.699100000000094,-2.1331999999990607,-0.00010000000000687237,5.400124791776761e-13,21.228200000000125,-28.593399999999903,45.64210000000008,-36.832399999999666,38.276900000000296,1.4445000000008648
482,-0.00010000000000864873,-9.237055564881302e-14,-2.1316282072803006e-14,0.0,0.0,0.0,-32.76199999999999,-8.53410000000138,2.1316282072803006e-14,3.410605131648481e-13,21.506599999999846,-27.799699999999895,43.25020000000002,-41.29620000000213,36.95709999999997,-4.339100000002389
483,0.00010000000005305765,7.815970093361102e-14,0.00010000000013121735,0.0,0.0,0.0,-36.56349999999998,-13.575699999999877,-1.5987211554602254e-14,3.410605131648481e-13,28.856100000000108,-30.748100000000115,47.985699999999966,-50.13899999999967,46.09369999999984,-4.045299999999585
484,3.019806626980426e-14,-0.00010000000001753051,2.842170943040401e-14,0.0,0.0,0.0,-32.229799999999976,-6.559499999998984,0.0001000000000139778,9.999999991805453e-05,19.807200000000137,-28.40439999999988,45.49390000000004,-38.78919999999995,36.89670000000052,-1.8924999999994299
485,0.00010000000001042508,-1.4210854715202004e-14,-0.00010000000001042508,0.0,0.0,0.0,-34.568999999999974,-8.05440000000138,-9.999999999443787e-05,1.8474111129762605e-13,18.219199999999994,-27.45950000000007,44.37579999999996,-42.623500000000035,35.13549999999977,-7.4880000000002624
486,-1.7763568394002505e-15,-1.2789769243681803e-13,-1.1368683772161603e-13,0.0,0.0,0.0,-33.649299999999926,-10.585599999999655,2.1316282072803006e-14,2.842170943040401e-14,20.759799999999956,-27.681600000000138,45.01,-44.234900000000636,38.08820000000004,-6.146700000001509
487,1.7763568394002505e-14,7.105427357601002e-15,-9.999999995358166e-05,0.0,0.0,0.0,-33.921399999999984,-13.675299999999268,-3.552713678800501e-15,-9.999999981857854e-05,19.603699999999872,-27.341499999999996,44.4613,-47.596899999998826,36.723499999999646,-10.873399999999172
488,2.1316282072803006e-14,-8.526512829121202e-14,-0.00010000000000331966,0.0,0.0,0.0,-38.027299999999975,-8.911400000000086,1.9539925233402755e-14,-1.2789769243681803e-13,20.880899999999972,-27.601199999999977,45.18270000000003,-46.93880000000057,38.46239999999992,-8.476400000000886
489,-1.7763568394002505e-14,-0.00010000000010279564,-7.105427357601002e-14,0.0,0.0,0.0,-34.867699999999914,-14.92370000000054,-4.973799150320701e-14,-1.4210854715202004e-14,21.702300000000076,-28.607700000000122,46.406600000000054,-49.79150000000145,39.50120000000001,-10.290300000001665
490,-3.019806626980426e-14,-1.1368683772161603e-13,-1.2789769243681803e-13,0.0,0.0,0.0,-38.79759999999995,-6.424200000000198,-4.440892098500626e-14,-5.115907697472721e-13,18.621200000000062,-30.025199999999828,46.785500000000006,-45.22180000000111,35.38150000000002,-9.8403000000011
491,-2.1316282072803006e-14,-1.4210854715202004e-14,4.263256414560601e-14,0.0,0.0,0.0,-37.208699999999936,-7.688499999999927,-1.0658141036401503e-14,-7.958078640513122e-13,23.00919999999998,-29.089600000000104,47.40380000000002,-44.89720000000054,41.32340000000001,-3.573800000000986
492,1.5987211554602254e-14,0.0001000000000672685,-1.4210854715202004e-14,0.0,0.0,0.0,-37.026300000000006,-10.673799999999382,2.4868995751603507e-14,-2.842170943040401e-14,23.794599999999917,-28.59339999999994,49.49869999999999,-47.69999999999882,44.69989999999986,-3.000099999998973
493,-3.907985046680551e-14,2.1316282072803006e-14,-1.7053025658242404e-13,0.0,0.0,0.0,-35.08090000000005,-11.775899999999414,1.2434497875801753e-14,4.973799150320701e-13,22.88610000000004,-29.01880000000007,46.76090000000006,-46.85679999999887,40.62820000000015,-6.228599999998494
494,2.1316282072803006e-14,1.0658141036401503e-13,-2.1316282072803006e-14,0.0,0.0,0.0,-33.15020000000007,-7.2637000000003376,1.7763568394002505e-15,-2.1316282072803006e-13,18.401600000000123,-26.023099999999964,46.031699999999915,-40.413899999999884,38.410200000000074,-2.0036999999993554
495,2.842170943040401e-14,5.684341886080802e-14,1.6342482922482304e-13,0.0,0.0,0.0,-38.369500000000144,-8.586300000000328,1.0658141036401503e-14,2.842170943040401e-14,22.74260000000005,-30.68669999999988,47.10129999999992,-46.955800000000394,39.1572000000002,-7.798600000000654
496,-2.1316282072803006e-14,-9.947598300641403e-14,6.394884621840902e-14,0.0,0.0,0.0,-38.04779999999997,-7.659699999999848,-0.00010000000004772858,-0.00010000000003174137,20.88370000000011,-27.86110000000007,48.31919999999992,-45.70769999999928,41.34179999999996,-4.365899999999321
497,-2.3092638912203256e-14,-9.999999996779252e-05,4.973799150320701e-14,0.0,0.0,0.0,-35.6921,-11.594599999999254,5.1514348342607263e-14,1.8474111129762605e-13,24.189000000000018,-27.6200999999999,46.791099999999936,-47.2868000000005,43.35999999999983,-3.926800000000675
498,7.105427357601002e-15,0.00010000000002463594,-1.2789769243681803e-13,0.0,0.0,0.0,-38.8668,-11.1315999999998,1.687538997430238e-14,-5.115907697472721e-13,24.94780000000003,-29.084800000000016,48.62439999999999,-49.99830000000071,44.48739999999989,-5.510900000000596
499,4.618527782440651e-14,0.00010000000007437393,8.526512829121202e-14,0.0,0.0,0.0,-37.76820000000004,-4.74090000000043,-2.1316282072803006e-14,2.984279490192421e-13,18.106699999999925,-28.6785,46.83810000000003,-42.50899999999977,36.266299999999845,-6.242699999999921
500,-2.1316282072803006e-14,9.999999988252739e-05,-9.999999993226538e-05,0.0,0.0,0.0,-37.02869999999996,-11.030700000000262,-2.842170943040401e-14,3.126388037344441e-13,24.13329999999986,-28.96680000000009,47.01579999999995,-48.05940000000052,42.18229999999983,-5.877100000000915
501,-1.5987211554602254e-14,-9.999999986831654e-05,-1.7053025658242404e-13,0.0,0.0,0.0,-34.99300000000006,-16.922599999999573,-5.329070518200751e-15,-2.8421709430404007e-13,22.497800000000062,-28.25800000000018,45.93290000000001,-51.91570000000061,40.17269999999989,-11.743000000001167
502,-9.999999999621423e-05,0.00010000000010279564,1.0658141036401503e-13,0.0,0.0,0.0,-36.932,-11.694599999999124,-2.4868995751603507e-14,1.8474111129762605e-13,21.034699999999937,-27.700499999999877,45.4295,-48.626599999999556,38.76369999999994,-9.862899999999613
503,-1.2434497875801753e-14,-0.00010000000002463594,9.999999996779252e-05,0.0,0.0,0.0,-36.40269999999993,-9.003700000000158,9.999999996779252e-05,-9.947598300641403e-14,17.26299999999993,-27.993400000000086,45.17530000000004,-45.406300000001366,34.44489999999989,-10.96140000000171
504,-3.197442310920451e-14,9.999999996068709e-05,0.00010000000003174137,0.0,0.0,0.0,-37.95709999999992,-7.545000000001391,-8.881784197001252e-15,-9.999999967647e-05,19.778699999999866,-28.258000000000017,46.372000000000064,-45.5020000000015,37.892699999999685,-7.6093000000018165
505,3.907985046680551e-14,-9.999999993226538e-05,2.1316282072803006e-14,0.0,0.0,0.0,-31.534800000000025,-4.866399999999352,3.019806626980426e-14,-6.536993168992922e-13,14.467300000000098,-27.634300000000103,44.79029999999999,-36.40130000000056,31.623299999999755,-4.778000000000802
506,-4.796163466380676e-14,-7.815970093361102e-14,-2.842170943040401e-14,0.0,0.0,0.0,-37.903800000000025,-10.941300000000403,9.999999996512798e-05,-1.5631940186722204e-13,19.237600000000057,-27.804400000000058,45.44509999999999,-48.845000000000596,36.878299999999875,-11.96670000000072
507,-0.0001000000000139778,-7.105427357601002e-14,7.815970093361102e-14,0.0,0.0,0.0,-34.914999999999964,-8.306200000001013,9.999999996601616e-05,0.00010000000007437393,19.30190000000005,-27.138200000000047,44.95920000000004,-43.22110000000072,37.12290000000016,-6.09820000000056
508,5.329070518200751e-15,-0.00010000000001753051,-2.0605739337042905e-13,0.0,0.0,0.0,-35.19890000000005,-3.3226999999984734,9.999999998377973e-05,5.258016244624741e-13,19.808900000000055,-27.941500000000005,45.395199999999996,-38.521599999998344,37.262599999999935,-1.2589999999981885
509,1.7763568394002505e-14,1.3500311979441904e-13,0.00010000000001042508,0.0,0.0,0.0,-31.75179999999998,-16.255100000000724,-5.3290705182007514e-14,6.110667527536862e-13,24.585399999999996,-27.109799999999964,43.29460000000002,-48.0068000000001,40.770200000000045,-7.236599999999598
510,1.4210854715202004e-14,-0.00010000000000331966,4.973799150320701e-14,0.0,0.0,0.0,-33.816100000000056,-11.100300000001262,-8.881784197001252e-15,0.0001000000002733259,21.736300000000004,-26.06550000000008,42.09549999999993,-44.91640000000156,37.76629999999986,-7.1501000000019275
511,9.999999999088516e-05,-3.552713678800501e-14,-5.684341886080802e-14,0.0,0.0,0.0,-32.27830000000002,-14.661900000000795,0.0,9.999999988963282e-05,23.584799999999973,-28.40439999999999,46.71890000000003,-46.940000000001675,41.89930000000013,-5.040700000001543
512,1.5987211554602254e-14,-9.999999990384367e-05,9.237055564881302e-14,0.0,0.0,0.0,-34.989800000000024,-9.706900000000807,-3.019806626980426e-14,-6.110667527536862e-13,20.64129999999987,-29.741700000000137,46.97340000000003,-44.69680000000129,37.872999999999536,-6.823800000001754
513,-3.552713678800501e-14,8.526512829121202e-14,1.2789769243681803e-13,0.0,0.0,0.0,-36.34860000000007,-13.816800000000455,-8.881784197001252e-15,-9.99999995485723e-05,25.323700000000173,-27.303600000000138,47.306999999999995,-50.16549999999995,45.327100000000144,-4.838400000000256
514,9.999999999088516e-05,-4.263256414560601e-14,-3.552713678800501e-14,0.0,0.0,0.0,-36.04730000000003,-11.248299999999453,-0.00010000000001220144,9.999999967647e-05,24.671600000000026,-29.897600000000004,46.3955,-47.29549999999968,41.16950000000002,-6.1260000000001185
515,-1.7763568394002505e-15,-2.842170943040401e-14,-1.1368683772161603e-13,0.0,0.0,0.0,-34.51450000000001,-12.938000000000155,-1.9539925233402755e-14,-6.679101716144942e-13,24.37939999999987,-27.6438,44.80839999999995,-47.45250000000151,41.543999999999706,-5.908500000001794
516,-0.00010000000002996501,0.0,3.552713678800501e-14,0.0,0.0,0.0,-33.30300000000001,-11.179699999999507,1.7763568394002505e-15,1.1368683772161603e-13,24.153599999999813,-26.202599999999975,45.90320000000001,-44.482799999999514,43.854199999999736,-0.6285999999997784
517,-8.881784197001252e-15,1.4210854715202004e-13,-7.815970093361102e-14,0.0,0.0,0.0,-35.373599999999946,-13.564600000000254,-0.00010000000000331966,-1.9895196601282805e-13,22.629400000000057,-26.297100000000043,45.31350000000005,-48.93830000000108,41.645800000000065,-7.292500000001468
518,2.842170943040401e-14,0.00010000000012411192,-7.105427357601002e-15,0.0,0.0,0.0,-30.34830000000003,-11.039000000000172,1.7763568394002505e-15,0.00010000000044385615,20.684599999999893,-25.687599999999982,43.62100000000004,-41.387099999999606,38.61799999999995,-2.7691000000001083
519,3.019806626980426e-14,1.4210854715202004e-14,-1.5631940186722204e-13,0.0,0.0,0.0,-38.31630000000002,-3.7947999999988724,0.00010000000000864873,-5.400124791776761e-13,16.669399999999957,-27.83280000000002,44.04079999999998,-42.110999999999876,32.87739999999992,-9.23359999999996
520,3.907985046680551e-14,9.947598300641403e-14,-2.1316282072803006e-14,0.0,0.0,0.0,-36.60909999999999,-15.530600000000582,-8.881784197001252e-16,1.1368683772161603e-13,20.531399999999937,-29.08009999999991,45.68000000000003,-52.13969999999949,37.13130000000005,-15.008399999999433
521,-1.4210854715202004e-14,8.526512829121202e-14,1.1368683772161603e-13,0.0,0.0,0.0,-35.60170000000002,-14.81349999999873,-2.220446049250313e-14,0.00010000000003174137,23.87250000000008,-28.399799999999814,45.040100000000024,-50.415099999998404,40.512800000000176,-9.902299999997553
522,-1.0658141036401503e-14,2.1316282072803006e-14,-4.973799150320701e-14,0.0,0.0,0.0,-34.22530000000008,-8.323099999999439,7.105427357601002e-15,-9.999999963383743e-05,22.382100000000015,-29.12270000000005,46.48069999999997,-42.548499999998825,39.740099999999934,-2.8083999999984357
523,1.4210854715202004e-14,-1.4210854715202004e-14,3.552713678800501e-14,0.0,0.0,0.0,-33.619900000000015,-0.4663999999999042,-3.552713678800501e-15,0.00010000000021648248,16.312000000000165,-27.015300000000124,42.80760000000003,-34.086199999999124,32.10429999999995,-1.98189999999871
524,-3.552713678800501e-15,-9.947598300641403e-14,-2.1316282072803006e-14,0.0,0.0,0.0,-31.671800000000033,-14.31899999999959,3.552713678800501e-15,-6.252776074688882e-13,25.222800000000134,-26.58550000000006,44.27309999999999,-45.99079999999985,42.91040000000007,-3.080399999999777
525,3.730349362740526e-14,3.552713678800501e-14,9.947598300641403e-14,0.0,0.0,0.0,-30.561000000000043,-19.745400000000398,1.7763568394002505e-15,7.105427357601002e-13,26.735700000000048,-26.91609999999995,44.626100000000015,-50.306399999998646,44.445700000000116,-5.860699999998083
526,-8.881784197001252e-15,0.0,-7.105427357601002e-15,0.0,0.0,0.0,-33.50570000000002,-12.455200000000794,-1.9539925233402755e-14,4.973799150320701e-13,21.820199999999875,-26.382199999999933,44.977800000000016,-45.96090000000059,40.41580000000019,-5.545100000000403
527,-7.105427357601002e-15,-3.552713678800501e-14,-1.0658141036401503e-13,0.0,0.0,0.0,-38.10379999999998,-11.636400000000403,2.6645352591003757e-14,1.1368683772161603e-13,19.767299999999963,-27.256300000000095,46.379200000000026,-49.74019999999993,38.89019999999989,-10.850000000000492
528,-2.6645352591003757e-14,2.842170943040401e-14,9.999999995358166e-05,0.0,0.0,0.0,-35.19799999999994,-15.414100000000463,-1.7763568394002505e-15,4.121147867408581e-13,26.251300000000086,-28.66910000000012,45.90769999999995,-50.6119999999989,43.48990000000003,-7.122099999998653
529,3.552713678800501e-15,3.552713678800501e-14,-1.1368683772161603e-13,0.0,0.0,0.0,-38.603200000000015,-3.6826000000006474,-9.999999999976694e-05,9.999999959120487e-05,15.588100000000132,-28.451799999999913,46.04050000000006,-42.285800000000236,33.176800000000505,-9.109000000000187
530,-1.2434497875801753e-14,4.973799150320701e-14,-6.394884621840902e-14,0.0,0.0,0.0,-35.18359999999994,-14.27380000000014,-2.6645352591003757e-14,-1.9895196601282805e-13,25.335000000000026,-29.566799999999915,47.11380000000005,-49.457400000000504,42.88200000000016,-6.5754000000005774
531,4.618527782440651e-14,1.1368683772161603e-13,-1.8474111129762605e-13,0.0,0.0,0.0,-38.34980000000009,-12.060399999999735,-3.552713678800501e-15,-4.973799150320701e-13,23.37499999999996,-29.023499999999878,47.01469999999994,-50.4102000000007,41.366200000000134,-9.044000000000558
532,-3.552713678800501e-14,9.999999990384367e-05,1.2789769243681803e-13,0.0,0.0,0.0,-34.63239999999999,-5.141900000000945,4.085620730620576e-14,-2.984279490192421e-13,14.864100000000136,-26.278200000000133,42.922700000000056,-39.774200000001926,31.508600000000285,-8.265600000002557
533,-3.907985046680551e-14,7.815970093361102e-14,-0.00010000000010279564,0.0,0.0,0.0,-30.920399999999994,-16.499899999999908,-3.019806626980426e-14,-6.252776074688882e-13,23.503100000000153,-29.49129999999986,47.03140000000001,-47.42039999999989,41.043200000000304,-6.377199999999583
534,3.019806626980426e-14,7.105427357601002e-15,1.4210854715202004e-14,0.0,0.0,0.0,-39.123599999999946,-9.853100000001145,-0.00010000000002108322,6.394884621840902e-13,22.977100000000064,-30.379599999999947,47.742699999999914,-48.97680000000055,40.340200000000145,-8.636600000000179
535,3.552713678800501e-15,5.684341886080802e-14,-3.552713678800501e-14,0.0,0.0,0.0,-32.98900000000011,-14.088700000000282,1.5987211554602254e-14,-7.958078640513122e-13,20.59619999999999,-27.21850000000005,43.99389999999994,-47.077700000001045,37.371599999999994,-9.70610000000105
536,1.0658141036401503e-14,0.00010000000018095534,1.4210854715202004e-14,0.0,0.0,0.0,-36.5665999999999,-12.300600000001154,1.4210854715202004e-14,8.526512829121202e-14,24.260300000000125,-29.0282,47.02290000000005,-48.8671000000019,42.25500000000018,-6.612100000001945
537,-0.00010000000000331966,-0.00010000000007437393,1.1368683772161603e-13,0.0,0.0,0.0,-34.26300000000008,-4.961000000000748,1.7763568394002505e-14,-2.4158453015843406e-13,15.779700000000041,-27.643800000000113,44.77169999999996,-39.22420000000183,32.907600000000116,-6.316600000002175
538,1.7763568394002505e-15,-5.684341886080802e-14,9.999999980436769e-05,0.0,0.0,0.0,-36.24479999999998,-10.598699999999603,-3.375077994860476e-14,1.1368683772161603e-13,20.97660000000014,-26.854700000000044,46.50259999999998,-46.84340000000003,40.6245000000003,-6.218900000000183
539,-4.085620730620576e-14,9.999999981857854e-05,-3.552713678800501e-14,0.0,0.0,0.0,-39.324899999999964,-11.869900000001195,7.105427357601002e-15,1.8474111129762605e-13,23.679000000000137,-29.188899999999855,47.111999999999945,-51.194700000001504,41.602100000000455,-9.592600000001049
540,-1.7763568394002505e-15,-7.815970093361102e-14,9.999999986121111e-05,0.0,0.0,0.0,-37.17410000000004,-14.258599999999149,9.999999999976694e-05,5.115907697472721e-13,27.695099999999957,-27.49740000000004,47.45740000000008,-51.43249999999935,47.65509999999988,-3.777399999999247
541,-2.4868995751603507e-14,8.526512829121202e-14,-3.552713678800501e-14,0.0,0.0,0.0,-41.09959999999994,-13.404499999999935,-5.1514348342607263e-14,-9.999999991805453e-05,27.289399999999926,-30.143399999999964,48.17729999999998,-54.504199999999656,45.32330000000006,-9.18089999999983
542,-0.00010000000002285958,7.105427357601002e-14,6.394884621840902e-14,0.0,0.0,0.0,-37.07709999999993,-11.374200000000535,-3.375077994860476e-14,-0.00010000000054333213,26.34410000000004,-30.029899999999955,46.435900000000004,-48.451500000001204,42.75010000000009,-5.701400000001115
543,9.999999997134523e-05,-1.4210854715202004e-14,0.00010000000003884679,0.0,0.0,0.0,-35.024499999999954,-7.053000000000509,0.00010000000002996501,2.7000623958883807e-13,20.66539999999995,-29.179400000000086,47.097099999999976,-42.077199999999365,38.58309999999984,-3.4940999999999818
544,-0.00010000000001220144,-1.5631940186722204e-13,1.4210854715202004e-14,0.0,0.0,0.0,-30.325300000000055,-15.54259999999951,0.00010000000001753051,-4.263256414560601e-13,26.165999999999947,-26.55230000000016,47.81039999999998,-45.86790000000069,47.424099999999655,1.5561999999989666
545,-7.105427357601002e-15,-7.105427357601002e-15,1.7763568394002505e-13,0.0,0.0,0.0,-38.279999999999944,-15.34489999999898,3.907985046680551e-14,0.00010000000015963906,26.477500000000145,-29.4724,48.1057999999999,-53.62479999999822,45.11089999999993,-8.513899999998287
546,9.999999998377973e-05,-6.394884621840902e-14,0.0,0.0,0.0,0.0,-41.82010000000007,-14.952599999999343,1.7763568394002505e-14,-2.1316282072803006e-13,28.704899999999927,-33.086899999999964,50.49170000000006,-56.77259999999896,46.109700000000245,-10.662899999999162
547,9.999999995713438e-05,-2.1316282072803006e-14,-4.973799150320701e-14,0.0,0.0,0.0,-40.700100000000035,-14.949000000001089,4.263256414560601e-14,-2.7000623958883807e-13,28.512599999999928,-30.02039999999993,50.41630000000001,-55.64900000000124,48.908499999999776,-6.740500000001461
548,-9.999999998022702e-05,-7.815970093361102e-14,4.263256414560601e-14,0.0,0.0,0.0,-38.50999999999996,-14.11100000000133,2.4868995751603507e-14,-4.263256414560601e-14,24.06439999999984,-30.40320000000007,50.44429999999997,-52.62110000000088,44.105499999999736,-8.515600000001143
549,1.5987211554602254e-14,1.4210854715202004e-13,-7.105427357601002e-15,0.0,0.0,0.0,-41.174499999999995,-12.944100000001285,-7.105427357601002e-15,6.821210263296962e-13,25.74409999999996,-30.762299999999968,50.92260000000005,-54.11859999999979,45.904400000000045,-8.214199999999515
550,-1.7763568394002505e-15,2.1316282072803006e-14,9.999999993226538e-05,0.0,0.0,0.0,-36.16739999999997,-16.208999999999218,-1.9539925233402755e-14,-1.7053025658242404e-13,25.908300000000057,-28.867600000000017,49.3801,-52.37629999999977,46.42079999999993,-5.955499999999617
551,0.00010000000004062315,-4.263256414560601e-14,2.842170943040401e-14,0.0,0.0,0.0,-38.538700000000084,-7.351500000000389,-1.7763568394002505e-14,0.00010000000057175384,21.533999999999864,-31.05999999999998,49.3492000000001,-45.889999999999674,39.82319999999987,-6.066800000000036
552,0.0,7.105427357601002e-14,7.105427357601002e-14,0.0,0.0,0.0,-34.168800000000054,-16.501600000000177,1.2434497875801753e-14,-3.979039320256561e-13,24.271000000000203,-28.966800000000113,49.0213,-50.67040000000014,44.32549999999998,-6.3449000000003934
553,-7.105427357601002e-15,-9.999999993226538e-05,4.973799150320701e-14,0.0,0.0,0.0,-41.81000000000003,-14.789099999998935,-9.99999999891088e-05,-9.999999976173513e-05,29.294499999999836,-32.453800000000086,51.52180000000004,-56.59939999999854,48.362499999999905,-8.236899999998855
554,-3.375077994860476e-14,-4.973799150320701e-14,-0.00010000000002463594,0.0,0.0,0.0,-43.37140000000006,-8.536799999999769,-9.999999999799059e-05,0.00010000000021648248,22.751900000000067,-31.504099999999994,51.520300000000056,-51.90829999999956,42.768100000000246,-9.140199999999773
555,-3.375077994860476e-14,-1.7053025658242404e-13,-2.842170943040401e-14,0.0,0.0,0.0,-35.18829999999992,-4.639200000000653,0.00010000000002818865,2.984279490192421e-13,20.306799999999978,-29.330600000000118,47.164799999999936,-39.827400000001106,38.14099999999968,-1.68640000000142
556,9.99999999642398e-05,-0.00010000000001753051,-9.237055564881302e-14,0.0,0.0,0.0,-34.17030000000002,-13.786399999999457,1.7763568394002505e-15,5.400124791776761e-13,22.730699999999977,-28.895899999999997,47.801200000000065,-47.956700000000154,41.636000000000045,-6.320700000000109
557,3.197442310920451e-14,4.973799150320701e-14,4.263256414560601e-14,0.0,0.0,0.0,-38.85569999999997,-18.426199999999632,-4.085620730620576e-14,9.999999960541572e-05,34.9462999999999,-30.743500000000132,51.167199999999944,-57.2818000000003,55.36999999999994,-1.9118000000008166
558,1.7763568394002505e-14,1.4210854715202004e-13,2.1316282072803006e-13,0.0,0.0,0.0,-38.5528,-10.04849999999962,3.019806626980426e-14,0.00010000000065701897,27.16579999999981,-28.281700000000058,48.86150000000006,-48.601199999998954,47.7455999999997,-0.8555999999992565
559,-2.3092638912203256e-14,-9.999999995358166e-05,-4.973799150320701e-14,0.0,0.0,0.0,-38.16050000000005,-15.507899999999445,-5.329070518200751e-15,9.999999953436145e-05,32.726099999999825,-30.1670000000001,49.75359999999998,-53.66839999999989,52.312699999999815,-1.3556999999998425
560,-2.842170943040401e-14,4.263256414560601e-14,9.999999998200337e-05,0.0,0.0,0.0,-38.07190000000003,-12.702599999999212,-1.9539925233402755e-14,-1.4210854715202004e-14,22.213699999999864,-28.55100000000006,48.6752,-50.77439999999875,42.33789999999969,-8.436499999999064
561,8.881784197001252e-15,-9.999999995358166e-05,2.1316282072803006e-14,0.0,0.0,0.0,-38.554500000000004,-4.321700000001684,-1.7763568394002505e-15,1.8474111129762605e-13,18.19370000000008,-30.29450000000009,48.534899999999936,-42.87630000000108,36.43410000000004,-6.442200000001037
562,3.907985046680551e-14,5.684341886080802e-14,-4.973799150320701e-14,0.0,0.0,0.0,-37.70299999999995,-8.856000000000673,8.881784197001252e-15,-2.7000623958883807e-13,18.07760000000017,-29.467599999999983,48.551000000000016,-46.558999999999415,37.161000000000314,-9.39800000000001
563,-0.00010000000002108322,-0.00010000000006016307,9.999999998200337e-05,0.0,0.0,0.0,-38.95130000000007,-6.006200000001037,1.9539925233402755e-14,-0.00010000000028753675,20.06740000000013,-28.139900000000146,48.382399999999926,-44.95770000000226,40.309899999999914,-4.647800000002583
564,9.999999998733244e-05,3.552713678800501e-14,-9.999999996068709e-05,0.0,0.0,0.0,-36.012799999999906,-9.323999999999828,1.7763568394002505e-15,2.842170943040401e-14,22.53510000000001,-28.673799999999943,47.74910000000003,-45.33680000000032,41.6104000000001,-3.7264000000002255
565,0.00010000000005128129,7.815970093361102e-14,-3.552713678800501e-14,0.0,0.0,0.0,-42.15440000000005,-14.284900000000746,7.105427357601002e-15,0.0001000000001454282,30.503899999999934,-30.800100000000114,50.45720000000001,-56.439100000001076,50.16099999999983,-6.278100000000798
566,-1.0658141036401503e-14,6.394884621840902e-14,7.105427357601002e-15,0.0,0.0,0.0,-38.86889999999994,-7.7230000000000345,0.00010000000002996501,7.105427357601002e-14,24.413500000000063,-29.146299999999968,47.30529999999995,-46.591799999999594,42.57250000000016,-4.019299999999198
567,2.6645352591003757e-14,-1.4210854715202004e-14,-7.105427357601002e-15,0.0,0.0,0.0,-39.42850000000005,-9.20860000000037,-9.999999999443787e-05,3.552713678800501e-13,24.938600000000026,-29.812599999999833,49.0398,-48.637200000001144,44.16580000000042,-4.4714000000007275
568,3.552713678800501e-15,-1.0658141036401503e-13,9.999999995358166e-05,0.0,0.0,0.0,-40.08669999999995,-7.37029999999946,1.5987211554602254e-14,5.258016244624741e-13,18.337600000000048,-30.682000000000116,48.171800000000005,-47.456899999999294,35.82739999999994,-11.629499999999354
569,9.999999998733244e-05,1.9895196601282805e-13,7.815970093361102e-14,0.0,0.0,0.0,-32.413,-13.008600000001039,-0.00010000000001575415,-0.00010000000038701273,23.719699999999833,-27.294100000000107,45.87830000000005,-45.42170000000158,42.303899999999665,-3.117800000001459
570,-8.881784197001252e-15,7.105427357601002e-15,-2.1316282072803006e-14,0.0,0.0,0.0,-35.35300000000009,-14.859600000000789,2.6645352591003757e-14,1.9895196601282805e-13,27.064099999999947,-29.581000000000003,47.95419999999998,-50.21259999999975,45.437300000000036,-4.775299999999717
571,7.105427357601002e-15,-5.684341886080802e-14,-9.237055564881302e-14,0.0,0.0,0.0,-43.546999999999905,-15.566899999999851,-2.6645352591003757e-14,-9.999999974752427e-05,30.20419999999994,-30.374799999999937,49.609000000000044,-59.113999999999265,49.438400000000044,-9.675599999998987
572,3.552713678800501e-14,-9.999999997489795e-05,-4.973799150320701e-14,0.0,0.0,0.0,-35.903400000000005,-8.293500000000012,1.2434497875801753e-14,4.689582056016661e-13,20.193599999999964,-29.094399999999986,44.42179999999995,-44.196999999999306,35.52099999999993,-8.675999999999377
573,3.375077994860476e-14,-4.973799150320701e-14,1.4210854715202004e-14,0.0,0.0,0.0,-35.49610000000001,-1.7159000000000901,-2.3092638912203256e-14,5.684341886080802e-14,15.820400000000177,-27.554000000000116,45.06090000000004,-37.21199999999894,33.327300000000214,-3.884699999999178
574,0.00010000000001930687,-4.263256414560601e-14,5.684341886080802e-14,0.0,0.0,0.0,-31.71390000000003,2.700700000000065,1.7763568394002505e-14,1.4210854715202004e-13,10.463500000000064,-27.20439999999992,44.902800000000056,-29.013099999999596,28.161900000000198,-0.8511999999993947
575,-2.4868995751603507e-14,0.00010000000015963906,6.394884621840902e-14,0.0,0.0,0.0,-34.21739999999989,-7.407999999999294,-1.4210854715202004e-14,-5.968558980384842e-13,20.945999999999955,-26.56170000000003,45.166700000000006,-41.62529999999887,39.55099999999982,-2.0742999999992833
576,-3.375077994860476e-14,-0.00010000000007437393,-5.684341886080802e-14,0.0,0.0,0.0,-38.30900000000005,-11.632800000000294,-2.842170943040401e-14,-9.999999961962658e-05,24.98209999999984,-28.919500000000113,48.15319999999991,-49.94199999999971,44.21579999999964,-5.72620000000007
577,-4.263256414560601e-14,-4.973799150320701e-14,-4.263256414560601e-14,0.0,0.0,0.0,-39.39020000000003,-12.986399999999374,9.999999995535802e-05,-9.999999987542196e-05,25.29359999999995,-28.92900000000001,49.071500000000086,-52.3765999999993,45.436100000000025,-6.940499999999048
578,1.0658141036401503e-14,9.237055564881302e-14,7.815970093361102e-14,0.0,0.0,0.0,-36.94429999999997,-5.361199999999435,1.4210854715202004e-14,0.0,20.868400000000058,-28.508399999999973,45.78219999999998,-42.30549999999795,38.14220000000007,-4.163299999998337
579,3.375077994860476e-14,-3.552713678800501e-14,-1.4210854715202004e-13,0.0,0.0,0.0,-37.11459999999998,-9.353099999999891,-9.999999999088516e-05,-7.105427357601002e-14,20.66939999999984,-28.98570000000001,46.18720000000002,-46.46780000000065,37.87089999999985,-8.596900000001256
580,1.2434497875801753e-14,-9.237055564881302e-14,-1.7053025658242404e-13,0.0,0.0,0.0,-31.745099999999926,-8.62310000000073,-5.1514348342607263e-14,4.689582056016661e-13,20.33999999999991,-26.315999999999946,44.407300000000056,-40.368200000000954,38.431300000000135,-1.9369000000008185
581,0.0,-4.263256414560601e-14,-5.684341886080802e-14,0.0,0.0,0.0,-36.358100000000064,-10.443199999999553,-3.552713678800501e-15,4.121147867408581e-13,22.62409999999997,-30.951199999999886,48.762699999999995,-46.801299999999245,40.43560000000008,-6.365699999999393
582,2.842170943040401e-14,-4.263256414560601e-14,-9.237055564881302e-14,0.0,0.0,0.0,-34.437499999999986,-12.252300000000666,0.0,-9.999999961962658e-05,22.525999999999975,-27.440500000000085,45.44080000000003,-46.6898999999989,40.526300000000035,-6.163599999998638
583,-9.999999996601616e-05,-1.4210854715202004e-14,0.0,0.0,0.0,0.0,-39.624200000000094,-5.74040000000009,0.00010000000002996501,-7.531752999057062e-13,19.535100000000064,-29.354299999999853,48.17329999999997,-45.36460000000112,38.354100000000294,-7.010500000000825
584,0.00010000000004417586,1.4210854715202004e-14,1.4210854715202004e-14,0.0,0.0,0.0,-29.81770000000008,-8.588099999999827,1.4210854715202004e-14,-3.836930773104541e-13,18.5349000000001,-24.756799999999934,43.06779999999997,-38.40570000000032,36.845900000000135,-1.5598000000004149
585,-1.5987211554602254e-14,-6.394884621840902e-14,-1.4210854715202004e-14,0.0,0.0,0.0,-35.278599999999926,-9.386000000001388,9.999999997312159e-05,-6.252776074688882e-13,24.502499999999966,-30.521300000000195,47.737599999999986,-44.664500000002505,41.718799999999874,-2.945700000002631
586,2.842170943040401e-14,-9.947598300641403e-14,1.7763568394002505e-13,0.0,0.0,0.0,-35.789799999999985,-11.216599999998689,1.7763568394002505e-14,0.00010000000052912128,23.46179999999994,-28.85339999999981,47.029700000000055,-47.006299999997964,41.6381000000003,-5.368199999997437
587,2.1316282072803006e-14,-9.999999986121111e-05,9.999999998200337e-05,0.0,0.0,0.0,-30.829200000000032,-3.2272999999995555,-3.552713678800501e-14,-3.410605131648481e-13,14.641599999999848,-28.182399999999824,43.76819999999996,-34.05649999999977,30.22739999999998,-3.829099999999791
588,9.999999999621423e-05,7.815970093361102e-14,7.105427357601002e-15,0.0,0.0,0.0,-30.777900000000017,-5.976499999998424,2.4868995751603507e-14,5.400124791776761e-13,17.450899999999816,-28.89119999999999,44.83009999999997,-36.75429999999835,33.389799999999795,-3.3644999999987846
589,3.019806626980426e-14,1.2079226507921703e-13,7.105427357601002e-14,0.0,0.0,0.0,-35.00200000000007,-6.124199999999458,-3.019806626980426e-14,2.1316282072803006e-13,17.807999999999893,-28.059600000000096,44.288199999999975,-41.126199999999415,34.03659999999977,-7.089599999999635
590,8.881784197001252e-15,9.947598300641403e-14,-4.263256414560601e-14,0.0,0.0,0.0,-35.0767,-9.730500000001129,2.842170943040401e-14,5.684341886080802e-14,18.521100000000107,-27.52560000000004,45.94679999999992,-44.807200000001615,36.94229999999976,-7.86490000000186
591,-2.4868995751603507e-14,1.4210854715202004e-14,2.842170943040401e-14,0.0,0.0,0.0,-33.45909999999997,-3.8727999999990423,-6.217248937900877e-15,-3.268496584496461e-13,17.885999999999978,-27.17130000000001,44.80589999999997,-37.33189999999894,35.52060000000006,-1.811299999999342
592,-1.4210854715202004e-14,0.00010000000000331966,2.842170943040401e-14,0.0,0.0,0.0,-34.411600000000064,-9.074799999999055,2.3092638912203256e-14,-1.7053025658242404e-13,19.847399999999897,-26.916099999999993,45.07309999999997,-43.48629999999909,38.00439999999999,-5.481899999999101
593,-1.2434497875801753e-14,1.0658141036401503e-13,-9.947598300641403e-14,0.0,0.0,0.0,-33.883499999999934,3.992900000001491,1.0658141036401503e-14,3.552713678800501e-13,12.399499999999968,-28.390199999999886,42.58580000000009,-29.890599999998983,26.595100000000173,-3.295499999998583
594,1.4210854715202004e-14,8.526512829121202e-14,1.4210854715202004e-14,0.0,0.0,0.0,-35.77459999999998,-6.199399999998359,9.999999999976694e-05,7.105427357601002e-14,20.70279999999999,-28.40919999999994,46.6107,-41.97389999999832,38.90430000000016,-3.069599999998168
595,-1.2434497875801753e-14,-0.00010000000002818865,-9.999999988963282e-05,0.0,0.0,0.0,-30.641599999999972,-9.12759999999977,1.2434497875801753e-14,-5.258016244624741e-13,20.657100000000035,-26.632699999999957,43.51619999999996,-39.769400000000346,37.54060000000004,-2.22880000000076
596,1.2434497875801753e-14,-9.999999992515995e-05,-1.2789769243681803e-13,0.0,0.0,0.0,-35.45509999999999,-21.074300000000665,-2.3092638912203256e-14,-6.963318810448982e-13,28.55300000000007,-28.243800000000007,46.131699999999974,-56.529500000001576,46.44090000000015,-10.088600000001883
597,9.99999999482526e-05,-7.105427357601002e-15,0.00010000000001042508,0.0,0.0,0.0,-34.88909999999991,-15.789699999998309,-0.00010000000003529408,-2.5579538487363607e-13,27.21360000000008,-28.6548999999999,46.04580000000005,-50.67869999999803,44.60450000000034,-6.074199999998136
598,-3.907985046680551e-14,-1.5631940186722204e-13,-2.1316282072803006e-14,0.0,0.0,0.0,-35.80230000000003,-5.146800000001157,-2.1316282072803006e-14,1.7053025658242404e-13,17.60350000000006,-28.234400000000072,45.89410000000005,-40.94910000000132,35.26320000000004,-5.685900000001055
599,-7.993605777301127e-15,4.973799150320701e-14,-4.263256414560601e-14,0.0,0.0,0.0,-35.93159999999993,-2.1179000000000947,0.00010000000002818865,7.105427357601002e-14,19.157900000000144,-27.96510000000012,46.94790000000003,-38.04939999999861,38.14070000000005,0.09130000000098448
600,1.2434497875801753e-14,5.684341886080802e-14,1.7053025658242404e-13,0.0,0.0,0.0,-34.43669999999994,-12.896500000000572,0.00010000000002552412,-7.105427357601002e-14,20.20049999999987,-28.3571999999999,45.345699999999944,-47.33309999999929,37.18900000000003,-10.144099999999263
601,5.329070518200751e-15,-4.618527782440651e-14,-0.00010000000001042508,0.0,0.0,0.0,-33.16300000000005,-8.63969999999912,2.1316282072803006e-14,2.4158453015843406e-13,20.49950000000011,-28.021799999999892,47.3639,-41.80279999999898,39.84160000000022,-1.961199999998989
602,2.3092638912203256e-14,3.552713678800501e-14,1.9184653865522705e-13,0.0,0.0,0.0,-33.610700000000016,-21.761699999999834,-5.329070518200751e-15,-3.268496584496461e-13,31.24419999999989,-28.27689999999994,46.33050000000007,-55.372399999999345,49.29779999999991,-6.074599999999208
603,0.0,-2.2026824808563106e-13,-0.00010000000002463594,0.0,0.0,0.0,-36.719499999999975,-12.835300000000021,1.7763568394002505e-14,1.2789769243681803e-13,29.98039999999989,-28.702199999999912,47.58620000000002,-49.554899999999705,48.86439999999988,-0.690499999999588
604,9.999999999443787e-05,1.8474111129762605e-13,-9.237055564881302e-14,0.0,0.0,0.0,-31.223300000000012,-16.663599999999537,3.552713678800501e-15,-2.7000623958883807e-13,24.988599999999803,-25.612000000000123,45.12539999999997,-47.88680000000001,44.50199999999977,-3.3848000000000127
605,0.00010000000002285958,-6.394884621840902e-14,-0.00010000000002463594,0.0,0.0,0.0,-37.21159999999999,-11.461500000000058,-2.220446049250313e-14,-3.836930773104541e-13,21.78129999999994,-27.91790000000004,45.65110000000007,-48.673100000000915,39.51449999999997,-9.158600000000945
606,-9.999999995713438e-05,-7.815970093361102e-14,-0.00010000000013121735,0.0,0.0,0.0,-38.92689999999994,-6.142500000000993,-3.552713678800501e-14,1.1368683772161603e-13,22.53420000000014,-29.642400000000023,49.00700000000001,-45.069600000000975,41.898800000000016,-3.1708000000011864
607,9.769962616701378e-15,-1.2079226507921703e-13,-0.00010000000003884679,0.0,0.0,0.0,-35.022300000000065,-9.266400000000104,-2.4868995751603507e-14,4.263256414560601e-14,19.16250000000007,-26.590099999999964,46.25980000000002,-44.28879999999988,38.832200000000014,-5.456599999999646
608,-9.999999998555609e-05,8.526512829121202e-14,-4.263256414560601e-14,0.0,0.0,0.0,-38.600100000000026,-9.862299999999816,9.999999998377973e-05,2.5579538487363607e-13,21.467700000000093,-30.8615,48.33839999999996,-48.46239999999847,38.944600000000165,-9.51779999999853
609,-1.9539925233402755e-14,-2.1316282072803006e-13,-0.00010000000005305765,0.0,0.0,0.0,-36.54919999999999,-13.517399999999618,-9.999999999976694e-05,-2.7000623958883807e-13,23.964000000000002,-29.051799999999936,47.49779999999997,-50.06680000000081,42.41000000000004,-7.656800000000999
610,3.197442310920451e-14,0.0,-4.263256414560601e-14,0.0,0.0,0.0,-35.9939,-4.247599999998549,-0.00010000000000331966,-0.00010000000037280188,21.625999999999948,-29.344800000000006,45.88450000000002,-40.24169999999859,38.165699999999845,-2.075999999998288
611,-3.019806626980426e-14,-2.842170943040401e-14,-2.1316282072803006e-14,0.0,0.0,0.0,-37.02869999999998,-11.60770000000073,1.0658141036401503e-14,-2.7000623958883807e-13,22.54820000000008,-28.05949999999988,46.75639999999997,-48.63640000000049,41.24510000000006,-7.391300000000662
612,-3.552713678800501e-15,9.999999989673825e-05,-6.394884621840902e-14,0.0,0.0,0.0,-30.134200000000035,-12.967400000000591,2.842170943040401e-14,-2.5579538487363607e-13,21.532400000000006,-28.36189999999999,45.05850000000008,-43.10150000000188,38.228999999999985,-4.872500000001665
613,1.1546319456101628e-14,-4.973799150320701e-14,-6.394884621840902e-14,0.0,0.0,0.0,-29.094200000000104,-9.305199999999306,3.907985046680551e-14,-9.999999980436769e-05,18.754099999999834,-27.298799999999915,42.616699999999994,-38.3995,34.07199999999992,-4.327500000000086
614,-2.1316282072803006e-14,7.105427357601002e-14,8.526512829121202e-14,0.0,0.0,0.0,-29.39749999999996,-9.294800000000151,1.7763568394002505e-14,1.2789769243681803e-13,25.27259999999991,-27.7524000000001,44.775000000000034,-38.69230000000023,42.29519999999995,3.6028999999994937
615,3.907985046680551e-14,1.1368683772161603e-13,0.00010000000006016307,0.0,0.0,0.0,-37.03559999999998,-2.834700000000982,-4.085620730620576e-14,-1.4210854715202004e-13,17.37859999999986,-27.124000000000002,45.404300000000056,-39.87020000000052,35.65889999999992,-4.211300000001067
616,7.105427357601002e-15,-0.00010000000001042508,-1.9895196601282805e-13,0.0,0.0,0.0,-34.60369999999995,-12.33299999999863,-1.4210854715202004e-14,7.105427357601002e-14,28.563800000000043,-29.065900000000035,49.883700000000026,-46.93679999999851,49.38159999999992,2.444800000001173
617,1.7763568394002505e-15,-9.947598300641403e-14,-9.999999994647624e-05,0.0,0.0,0.0,-36.3872000000001,-12.253599999999558,7.105427357601002e-15,2.1316282072803006e-13,25.675300000000014,-29.306999999999924,47.460000000000065,-48.640899999999434,43.82830000000004,-4.812599999999165
618,3.552713678800501e-15,9.999999987542196e-05,5.684341886080802e-14,0.0,0.0,0.0,-35.12689999999998,-9.144399999999784,4.263256414560601e-14,1.2789769243681803e-13,20.0634,-27.506699999999938,44.382699999999986,-44.271199999999496,36.939399999999935,-7.331799999999788
619,0.0,-1.6342482922482304e-13,9.237055564881302e-14,0.0,0.0,0.0,-33.685500000000076,-6.177800000000179,-3.552713678800501e-15,-5.684341886080802e-14,17.0786999999999,-27.596500000000006,46.759,-39.86330000000038,36.241200000000006,-3.6221000000001453
620,2.6645352591003757e-14,7.105427357601002e-15,-4.263256414560601e-14,0.0,0.0,0.0,-31.862600000000032,-9.721300000001143,-0.00010000000003174137,-8.100187187665142e-13,20.191100000000056,-26.887799999999935,44.89149999999994,-41.58400000000161,38.19480000000017,-3.389200000001665
621,1.5987211554602254e-14,5.684341886080802e-14,-1.5631940186722204e-13,0.0,0.0,0.0,-38.263600000000025,-11.137300000000472,-7.105427357601002e-15,-2.2737367544323206e-13,23.8217999999999,-29.751100000000207,48.88870000000006,-49.4009000000016,42.95939999999986,-6.441500000001966
622,-2.4868995751603507e-14,-3.552713678800501e-14,-7.105427357601002e-14,0.0,0.0,0.0,-32.85320000000004,-1.985500000000485,9.999999997312159e-05,-3.552713678800501e-13,17.729899999999944,-26.98700000000015,43.60959999999995,-34.8386000000003,34.35249999999986,-0.48610000000066833
623,-8.881784197001252e-15,1.4210854715202004e-14,1.4210854715202004e-14,0.0,0.0,0.0,-34.18620000000005,-15.523599999998936,-1.9539925233402755e-14,-0.00010000000004595222,27.27690000000002,-28.688000000000024,47.566000000000045,-49.70989999999959,46.15490000000004,-3.554999999999552
624,9.99999999891088e-05,-5.684341886080802e-14,7.815970093361102e-14,0.0,0.0,0.0,-40.215299999999985,-11.550599999999136,2.3092638912203256e-14,-5.115907697472721e-13,26.706199999999942,-30.76699999999998,49.50200000000002,-51.765799999998734,45.44119999999975,-6.324599999998988
625,-2.842170943040401e-14,-2.1316282072803006e-14,2.1316282072803006e-14,0.0,0.0,0.0,-38.377699999999976,-14.00990000000094,2.3092638912203256e-14,-9.947598300641403e-14,29.525899999999908,-29.458100000000165,49.06390000000007,-52.387600000000376,49.1316999999997,-3.2559000000009135
626,-0.00010000000002108322,-6.394884621840902e-14,-9.999999999621423e-05,0.0,0.0,0.0,-33.835200000000086,-14.82549999999953,1.7763568394002505e-15,-1.4210854715202004e-14,22.797700000000052,-26.883000000000116,46.667000000000044,-48.6608999999995,42.58170000000021,-6.079199999999744
627,-1.2434497875801753e-14,0.00010000000009569021,-1.0658141036401503e-13,0.0,0.0,0.0,-34.80930000000002,-10.231000000000996,3.375077994860476e-14,-1.4210854715202004e-14,24.618299999999987,-27.49260000000006,49.18960000000002,-45.04020000000234,46.31530000000018,1.2750999999978276
628,-1.0658141036401503e-14,-4.263256414560601e-14,8.526512829121202e-14,0.0,0.0,0.0,-36.11629999999993,-12.691799999999219,-1.7763568394002505e-15,-0.00010000000003174137,28.765800000000066,-27.228000000000094,49.0608,-48.80819999999878,50.59860000000009,1.790400000000858
629,3.2862601528904634e-14,8.526512829121202e-14,-7.105427357601002e-15,0.0,0.0,0.0,-37.404400000000074,-12.857999999999727,2.4868995751603507e-14,1.1368683772161603e-13,24.997700000000048,-30.030000000000015,48.026700000000055,-50.262399999998706,42.994400000000084,-7.2679999999988425
630,-0.00010000000002818865,-1.0658141036401503e-13,1.2079226507921703e-13,0.0,0.0,0.0,-38.951499999999946,-7.127599999999923,1.7763568394002505e-15,1.9895196601282805e-13,19.30790000000011,-29.916500000000084,47.18309999999996,-46.07919999999882,36.5745000000001,-9.50469999999872
631,1.0658141036401503e-14,5.684341886080802e-14,1.0658141036401503e-13,0.0,0.0,0.0,-41.6015,-12.908800000000767,-8.881784197001252e-15,-4.689582056016661e-13,29.509899999999973,-32.656999999999954,48.19310000000007,-54.51030000000186,45.04600000000009,-9.464300000001543
632,9.999999999088516e-05,4.263256414560601e-14,-1.0658141036401503e-13,0.0,0.0,0.0,-41.556200000000025,-19.294700000001683,-2.4868995751603507e-14,3.694822225952521e-13,32.40050000000012,-30.733999999999945,51.227299999999936,-60.85080000000181,52.89380000000011,-7.957000000001919
633,3.907985046680551e-14,-0.00010000000003884679,-7.105427357601002e-14,0.0,0.0,0.0,-37.371099999999984,-12.272000000000059,3.375077994860476e-14,-7.105427357601002e-14,22.695500000000052,-32.208099999999895,47.83409999999999,-49.643200000000675,38.321500000000036,-11.321700000000185
634,1.0658141036401503e-14,4.263256414560601e-14,3.552713678800501e-14,0.0,0.0,0.0,-38.01729999999996,-14.219099999999965,0.00010000000002108322,-9.999999994647624e-05,26.336400000000047,-28.834500000000034,46.93700000000004,-52.236399999999776,44.438900000000054,-7.797499999999722
635,2.3092638912203256e-14,1.4921397450962104e-13,0.00010000000009569021,0.0,0.0,0.0,-37.75200000000005,-9.779899999998932,4.263256414560601e-14,7.105427357601002e-13,20.29869999999989,-29.169900000000005,47.1858,-47.53179999999847,38.314599999999885,-9.21719999999813
636,-1.7763568394002505e-14,9.999999988252739e-05,2.842170943040401e-14,0.0,0.0,0.0,-34.023899999999976,-15.205500000001162,4.440892098500626e-14,-2.5579538487363607e-13,24.301800000000007,-27.51619999999987,46.081500000000055,-49.22930000000106,42.86710000000019,-6.3622000000004135
637,-0.00010000000001131326,-1.7053025658242404e-13,1.1368683772161603e-13,0.0,0.0,0.0,-35.774300000000004,-10.899600000000422,-9.999999999621423e-05,4.831690603168681e-13,22.02149999999996,-27.114600000000003,42.94649999999992,-46.67410000000038,37.85339999999988,-8.8207000000005
638,2.842170943040401e-14,9.999999996779252e-05,0.00010000000004595222,0.0,0.0,0.0,-34.18299999999996,-2.42039999999869,-3.552713678800501e-15,7.673861546209082e-13,18.55729999999988,-27.847000000000023,43.71350000000003,-36.60319999999706,34.4238,-2.1793999999970524
639,-1.2434497875801753e-14,0.00010000000003884679,-1.1368683772161603e-13,0.0,0.0,0.0,-36.129899999999935,-0.8475999999998223,-0.0001000000000015433,-2.1316282072803006e-13,16.73669999999986,-28.621900000000124,44.985000000000056,-36.97750000000029,33.0997999999999,-3.877700000000388
640,0.00010000000002108322,9.999999999621423e-05,7.815970093361102e-14,0.0,0.0,0.0,-36.05979999999998,-10.200299999998883,-7.105427357601002e-15,-3.979039320256561e-13,19.336500000000033,-30.105500000000006,48.22780000000004,-46.25989999999996,37.45880000000007,-8.801099999999444
641,-5.1514348342607263e-14,9.237055564881302e-14,-8.526512829121202e-14,0.0,0.0,0.0,-40.142200000000024,-8.404099999999822,-3.197442310920451e-14,1.8474111129762605e-13,21.09480000000006,-30.880400000000037,50.69850000000004,-48.54629999999888,40.91289999999995,-7.633399999998929
642,1.5987211554602254e-14,-3.552713678800501e-14,7.815970093361102e-14,0.0,0.0,0.0,-39.88660000000004,-8.883300000000514,-2.4868995751603507e-14,1.5631940186722204e-13,21.979300000000094,-29.316400000000037,49.08729999999992,-48.769900000000874,41.750200000000206,-7.019700000001585
643,-2.1316282072803006e-14,-2.1316282072803006e-14,-0.00010000000012411192,0.0,0.0,0.0,-37.36049999999998,-9.524999999999933,-4.973799150320701e-14,-3.552713678800501e-13,28.012100000000032,-28.517900000000004,47.33409999999996,-46.88560000000079,46.828299999999984,-0.05730000000080793
644,5.3290705182007514e-14,-4.973799150320701e-14,4.973799150320701e-14,0.0,0.0,0.0,-36.04069999999998,-9.658099999999404,2.3092638912203256e-14,9.947598300641403e-14,21.55540000000005,-27.714600000000196,45.427700000000016,-45.69879999999934,39.26849999999987,-6.430299999999249
645,3.197442310920451e-14,4.263256414560601e-14,-4.263256414560601e-14,0.0,0.0,0.0,-32.97250000000008,-4.19569999999945,0.0,-2.7000623958883807e-13,16.17219999999985,-26.47669999999995,42.56610000000004,-37.1681999999996,32.261599999999945,-4.906599999999209
646,4.085620730620576e-14,2.1316282072803006e-14,-1.2789769243681803e-13,0.0,0.0,0.0,-36.50000000000006,-3.5051999999999346,1.0658141036401503e-14,4.689582056016661e-13,17.70540000000008,-28.418699999999923,44.48260000000008,-40.005199999999334,33.76930000000024,-6.2358999999990985
647,-3.197442310920451e-14,-1.4210854715202004e-14,-0.00010000000006016307,0.0,0.0,0.0,-37.5226000000001,-7.104899999998697,-4.618527782440651e-14,-2.8421709430404007e-13,20.653699999999997,-28.96199999999991,44.1681,-44.62760000000098,35.85980000000009,-8.767800000001124
648,2.6645352591003757e-14,-1.2789769243681803e-13,7.105427357601002e-14,0.0,0.0,0.0,-37.62960000000005,-11.760300000000665,4.263256414560601e-14,-2.2737367544323206e-13,26.599499999999896,-30.44559999999997,48.09459999999992,-49.389900000001944,44.24849999999985,-5.141400000001873
649,-2.842170943040401e-14,-1.4210854715202004e-14,1.4210854715202004e-14,0.0,0.0,0.0,-34.420199999999966,4.09479999999985,-1.5987211554602254e-14,9.999999994647624e-05,7.432400000000051,-26.93509999999994,45.01470000000006,-30.325300000000567,25.51200000000017,-4.813300000001078
650,2.1316282072803006e-14,-2.1316282072803006e-14,9.999999998200337e-05,0.0,0.0,0.0,-35.2497,-6.818499999999148,-2.1316282072803006e-14,1.2789769243681803e-13,16.335800000000056,-28.328999999999937,45.32579999999997,-42.06809999999963,33.33259999999998,-8.735499999999654
651,9.999999997312159e-05,1.0302869668521453e-13,4.973799150320701e-14,0.0,0.0,0.0,-37.51530000000005,-11.465700000000115,3.730349362740526e-14,1.5631940186722204e-13,22.78539999999983,-28.886400000000165,46.17030000000004,-48.98090000000008,40.0692999999997,-8.91160000000015
652,-1.4210854715202004e-14,0.0,-0.00010000000013121735,0.0,0.0,0.0,-38.19449999999997,-9.8705999999993,0.0,-1.1368683772161603e-13,19.509299999999957,-30.181099999999915,47.86450000000006,-48.06519999999958,37.1927000000001,-10.872499999999476
653,-9.999999999266151e-05,5.684341886080802e-14,-1.0658141036401503e-13,0.0,0.0,0.0,-37.405299999999976,-13.090900000000712,-1.7763568394002505e-15,-1.5631940186722204e-13,22.599300000000163,-28.985600000000012,47.23429999999993,-50.49630000000123,40.84799999999996,-9.648300000001264
654,-4.884981308350689e-14,-1.7053025658242404e-13,7.105427357601002e-15,0.0,0.0,0.0,-37.97849999999997,-13.502199999999188,9.999999995535802e-05,-0.00010000000031595846,24.083199999999838,-29.864600000000017,47.5344,-51.48070000000018,41.75299999999993,-9.727700000000247
655,-2.1316282072803006e-14,-0.00010000000000687237,-0.00010000000004595222,0.0,0.0,0.0,-38.56099999999997,-7.970999999999453,-9.999999999088516e-05,-2.8421709430404007e-13,20.88080000000008,-30.899199999999873,48.302500000000016,-46.53229999999937,38.284100000000336,-8.248199999998803
656,-2.6645352591003757e-14,-0.00010000000004595222,0.00010000000000331966,0.0,0.0,0.0,-33.914499999999975,-10.664499999999522,9.999999998555609e-05,-1.4210854715202004e-13,26.94520000000002,-27.17600000000011,44.728400000000036,-44.57889999999904,44.49759999999972,-0.0812999999993167
657,2.1316282072803006e-14,-9.999999988963282e-05,6.394884621840902e-14,0.0,0.0,0.0,-37.37479999999996,-12.725699999999435,7.105427357601002e-15,1.4210854715202004e-14,25.3414000000002,-27.842199999999778,46.69870000000004,-50.10059999999815,44.19790000000023,-5.902699999997466
658,-0.00010000000000864873,1.1368683772161603e-13,8.526512829121202e-14,0.0,0.0,0.0,-37.033799999999985,-17.117199999999524,-9.999999995535802e-05,-1.1368683772161603e-13,31.16730000000012,-28.891100000000044,46.32159999999997,-54.15119999999837,48.597799999999935,-5.553399999997531
659,5.329070518200751e-15,1.4210854715202004e-14,0.0,0.0,0.0,0.0,-33.32330000000007,-13.80350000000012,-0.00010000000002285958,4.973799150320701e-13,25.330800000000025,-27.402799999999857,46.610800000000005,-47.12690000000032,44.53880000000017,-2.5881000000003738
660,-2.3092638912203256e-14,-8.526512829121202e-14,-4.263256414560601e-14,0.0,0.0,0.0,-35.80749999999995,-1.9821000000014415,-1.4210854715202004e-14,-6.821210263296962e-13,18.699400000000193,-27.983999999999902,44.55060000000008,-37.78960000000177,35.26600000000049,-2.523600000001288
661,9.999999996779252e-05,7.815970093361102e-14,-7.815970093361102e-14,0.0,0.0,0.0,-34.27160000000007,-5.05270000000063,-4.440892098500626e-14,-2.7000623958883807e-13,17.695200000000103,-27.728900000000017,44.84560000000002,-39.324200000000886,34.81190000000011,-4.51230000000146
662,2.842170943040401e-14,-3.552713678800501e-14,-1.7763568394002505e-13,0.0,0.0,0.0,-36.7141999999999,-0.913700000000226,-7.105427357601002e-15,5.968558980384842e-13,14.496400000000001,-30.407899999999934,47.22359999999997,-37.627900000000636,31.31209999999981,-6.3158000000003724
663,-2.6645352591003757e-14,7.105427357601002e-14,-4.973799150320701e-14,0.0,0.0,0.0,-34.68019999999998,-4.462400000000109,7.105427357601002e-15,-7.105427357601002e-13,15.660199999999943,-27.52089999999999,45.755900000000054,-39.142600000000385,33.89519999999989,-5.247400000000496
664,1.2434497875801753e-14,0.00010000000002463594,-7.105427357601002e-15,0.0,0.0,0.0,-30.305300000000024,-17.81630000000054,1.9539925233402755e-14,-3.410605131648481e-13,27.533399999999933,-27.36500000000018,45.57249999999993,-48.12150000000142,45.740899999999684,-2.3806000000019694
665,-0.00010000000001575415,1.2789769243681803e-13,7.105427357601002e-14,0.0,0.0,0.0,-38.324099999999916,-8.520599999999883,-1.7763568394002505e-15,-1.5631940186722204e-13,24.941300000000165,-29.36369999999988,46.2537,-46.844800000000404,41.83130000000028,-5.013499999999887
666,9.999999998022702e-05,-1.2789769243681803e-13,-1.0658141036401503e-13,0.0,0.0,0.0,-34.277300000000075,-13.523100000000667,2.3092638912203256e-14,-9.947598300641403e-14,23.424399999999906,-27.49249999999997,46.48300000000005,-47.80030000000073,42.414899999999754,-5.38540000000053
667,-1.9539925233402755e-14,4.973799150320701e-14,1.2079226507921703e-13,0.0,0.0,0.0,-34.56809999999995,-12.566500000000058,1.0658141036401503e-14,1.8474111129762605e-13,27.77260000000006,-29.344699999999968,47.19510000000008,-47.134599999999,45.62300000000006,-1.5115999999987082
668,1.0658141036401503e-14,-9.947598300641403e-14,2.1316282072803006e-14,0.0,0.0,0.0,-31.975199999999976,-10.35759999999971,-0.00010000000002108322,2.5579538487363607e-13,20.770899999999948,-25.810500000000104,43.06049999999999,-42.332899999998645,38.02089999999995,-4.311999999999159
669,-3.375077994860476e-14,-8.526512829121202e-14,6.394884621840902e-14,0.0,0.0,0.0,-38.894199999999955,-9.337400000000251,4.440892098500626e-14,-4.973799150320701e-13,27.43659999999989,-30.2377999999999,49.39689999999999,-48.2316000000026,46.59569999999998,-1.6359000000028487
670,1.9539925233402755e-14,-4.973799150320701e-14,3.552713678800501e-14,0.0,0.0,0.0,-29.552899999999923,-8.9515,-7.105427357601002e-15,-1.8474111129762605e-13,20.643499999999925,-25.659300000000066,44.006200000000035,-38.50439999999931,38.990399999999894,0.4860000000010416
671,-1.7763568394002505e-15,4.263256414560601e-14,2.842170943040401e-14,0.0,0.0,0.0,-34.67479999999999,-14.519499999999105,0.00010000000002463594,-9.999999996068709e-05,23.47100000000006,-28.810899999999982,46.50970000000005,-49.194299999999245,41.1697999999999,-8.024499999998895
672,0.0,-0.00010000000000331966,-1.2079226507921703e-13,0.0,0.0,0.0,-35.18569999999999,-10.099200000000462,1.9539925233402755e-14,1.5631940186722204e-13,21.99239999999995,-30.176399999999973,47.09339999999994,-45.285000000000124,38.90939999999992,-6.3756000000006665
673,3.730349362740526e-14,1.5631940186722204e-13,-0.00010000000007437393,0.0,0.0,0.0,-39.23409999999993,-12.454599999999907,0.00010000000000864873,3.836930773104541e-13,25.37390000000002,-30.285000000000025,48.77570000000004,-51.68869999999946,43.86460000000015,-7.824099999999987
674,1.7763568394002505e-15,7.105427357601002e-15,8.526512829121202e-14,0.0,0.0,0.0,-27.51750000000003,-8.263899999999882,-0.00010000000003174137,3.552713678800501e-13,15.747899999999944,-25.125400000000155,42.91520000000005,-35.781500000001145,33.537699999999724,-2.243800000001194
675,0.0001000000000015433,-8.526512829121202e-14,-4.973799150320701e-14,0.0,0.0,0.0,-37.568699999999986,-9.477700000001228,-1.0658141036401503e-14,6.536993168992922e-13,28.18950000000005,-30.497700000000037,49.68159999999995,-47.0463000000009,47.373400000000075,0.327099999998957
676,-1.7763568394002505e-14,-2.1316282072803006e-14,-7.105427357601002e-14,0.0,0.0,0.0,-35.76139999999999,-11.98479999999978,3.552713678800501e-15,-9.947598300641403e-14,23.642600000000176,-27.483100000000015,45.34609999999996,-47.746200000000144,41.50560000000023,-6.240599999999908
677,1.0658141036401503e-14,0.00010000000001753051,-1.5631940186722204e-13,0.0,0.0,0.0,-32.91170000000005,-8.639999999998476,2.3092638912203256e-14,9.999999986121111e-05,20.20020000000006,-29.689699999999846,46.95880000000001,-41.55149999999833,37.46930000000034,-4.082199999997769
678,-2.4868995751603507e-14,1.0658141036401503e-13,0.00010000000004595222,0.0,0.0,0.0,-35.68609999999993,-18.187699999999484,1.2434497875801753e-14,-0.00010000000048648872,29.30099999999992,-27.903699999999944,45.82509999999996,-53.87379999999982,47.22240000000005,-6.651399999999768
679,0.00010000000000509601,-7.105427357601002e-15,9.999999981857854e-05,0.0,0.0,0.0,-38.4658,-9.69759999999972,-3.552713678800501e-15,-9.947598300641403e-14,20.290399999999988,-28.45649999999989,45.508100000000056,-48.163200000000245,37.34200000000004,-10.821200000000658
680,3.730349362740526e-14,-1.8474111129762605e-13,3.552713678800501e-14,0.0,0.0,0.0,-33.62409999999998,-3.6999999999997364,-5.329070518200751e-15,-1.9895196601282805e-13,15.864700000000052,-27.558699999999952,43.68610000000002,-37.32410000000013,31.992100000000004,-5.331999999999901
681,9.999999997845066e-05,5.684341886080802e-14,-7.105427357601002e-14,0.0,0.0,0.0,-33.008199999999924,-17.05010000000049,5.329070518200751e-15,-3.979039320256561e-13,23.911099999999905,-28.61710000000005,46.07349999999999,-50.05819999999834,41.367499999999616,-8.690699999998266
682,3.552713678800501e-15,-9.99999999109491e-05,-1.4210854715202004e-14,0.0,0.0,0.0,-33.60610000000005,-14.925499999999342,3.552713678800501e-15,-6.536993168992922e-13,23.014599999999948,-27.55400000000011,44.848799999999976,-48.53169999999946,40.3093999999997,-8.222299999999755
683,4.440892098500626e-14,-4.973799150320701e-14,0.00010000000007437393,0.0,0.0,0.0,-30.739900000000006,-16.12159999999994,-9.999999999443787e-05,5.115907697472721e-13,21.560299999999955,-25.64990000000008,43.8893,-46.86149999999908,39.79969999999987,-7.061799999999664
684,-8.881784197001252e-15,0.00010000000000331966,-9.237055564881302e-14,0.0,0.0,0.0,-32.57600000000002,-13.381000000000908,1.9539925233402755e-14,9.999999974752427e-05,25.952599999999883,-26.533400000000036,45.19089999999994,-45.95680000000115,44.61009999999979,-1.346700000000908
685,-2.4868995751603507e-14,7.105427357601002e-15,1.9184653865522705e-13,0.0,0.0,0.0,-37.40360000000003,-1.339300000000165,4.3520742565306136e-14,2.984279490192421e-13,18.573100000000007,-28.76359999999992,46.29929999999998,-38.742899999999466,36.10880000000019,-2.634099999999286
686,-4.618527782440651e-14,-4.263256414560601e-14,-9.999999981857854e-05,0.0,0.0,0.0,-35.74299999999993,-6.211599999999326,3.552713678800501e-15,-2.4158453015843406e-13,21.57879999999979,-28.456499999999927,46.269699999999986,-41.954699999999974,39.391999999999854,-2.5627000000008024
687,4.618527782440651e-14,9.999999987542196e-05,1.2789769243681803e-13,0.0,0.0,0.0,-30.473600000000065,-12.20540000000016,1.2434497875801753e-14,-9.999999953436145e-05,26.97349999999999,-24.969499999999933,45.62710000000005,-42.67900000000026,47.6311000000001,4.952100000000534
688,1.0658141036401503e-14,1.0658141036401503e-13,-6.394884621840902e-14,0.0,0.0,0.0,-34.84659999999999,-5.672600000000202,3.552713678800501e-15,-2.2737367544323206e-13,17.31340000000008,-28.050199999999897,44.339000000000055,-40.51919999999997,33.60220000000024,-6.917000000000186
689,9.999999998555609e-05,-9.999999996779252e-05,-2.842170943040401e-14,0.0,0.0,0.0,-34.334800000000065,-7.220199999998599,-8.881784197001252e-15,-9.947598300641403e-14,19.36839999999995,-28.16360000000013,45.812600000000074,-41.554999999997776,37.017399999999895,-4.537599999998108
690,-2.842170943040401e-14,0.0001000000000672685,-9.999999989673825e-05,0.0,0.0,0.0,-36.13089999999996,-8.951599999999836,4.263256414560601e-14,-5.826450433232822e-13,22.26039999999985,-29.718000000000025,44.95300000000002,-45.08250000000005,37.49539999999962,-7.587100000000433
691,4.085620730620576e-14,9.999999986121111e-05,1.2789769243681803e-13,0.0,0.0,0.0,-36.068599999999996,-16.679299999999778,-9.999999999799059e-05,2.984279490192421e-13,26.664600000000064,-28.96679999999987,48.304100000000005,-52.747900000000314,46.001900000000084,-6.746000000000002
692,-7.105427357601002e-15,-1.0658141036401503e-13,0.00010000000002463594,0.0,0.0,0.0,-34.49069999999997,-12.796999999999251,-0.00010000000000687237,1.9895196601282805e-13,24.05180000000017,-27.917899999999932,46.297900000000034,-47.28769999999864,42.43180000000027,-4.855899999998364
693,4.618527782440651e-14,9.999999999621423e-05,-9.947598300641403e-14,0.0,0.0,0.0,-33.39739999999993,-13.576199999999009,-3.552713678800501e-14,4.689582056016661e-13,27.438699999999976,-27.26100000000011,45.24820000000007,-46.9734999999982,45.42589999999982,-1.547599999997928
694,1.0658141036401503e-14,0.00010000000009569021,4.263256414560601e-14,0.0,0.0,0.0,-35.22589999999996,-12.72280000000119,1.5987211554602254e-14,9.947598300641403e-14,23.3774,-26.665600000000182,46.20660000000009,-47.94860000000037,42.91840000000002,-5.030200000000349
695,-0.00010000000000331966,-2.842170943040401e-14,-6.394884621840902e-14,0.0,0.0,0.0,-29.649099999999986,-7.51669999999935,1.5987211554602254e-14,4.689582056016661e-13,21.390199999999975,-26.79800000000008,44.74899999999998,-37.16589999999849,39.34119999999976,2.175300000001272
696,-2.842170943040401e-14,0.0,-0.00010000000012411192,0.0,0.0,0.0,-33.47290000000012,-11.10549999999914,-1.7763568394002505e-15,0.00010000000055754299,21.474699999999885,-27.809100000000136,46.06470000000001,-44.578399999998,39.73029999999976,-4.848099999998013
697,9.999999995358166e-05,-1.2079226507921703e-13,9.999999998200337e-05,0.0,0.0,0.0,-33.5201,-13.06590000000012,-3.907985046680551e-14,1.1368683772161603e-13,19.73600000000008,-26.60430000000001,42.65649999999999,-46.585800000000816,35.78820000000006,-10.797600000000763
698,1.1546319456101628e-14,-9.999999999621423e-05,1.0658141036401503e-13,0.0,0.0,0.0,-35.003000000000014,-12.241200000000319,1.7763568394002505e-15,0.00010000000064280812,25.688899999999915,-27.194899999999834,46.936699999999995,-47.24420000000002,45.43069999999996,-1.8135000000000545
699,-1.7763568394002505e-15,-1.4210854715202004e-13,7.815970093361102e-14,0.0,0.0,0.0,-33.7082,-12.149199999999377,-4.618527782440651e-14,9.999999996068709e-05,22.21900000000005,-28.711700000000207,45.68409999999993,-45.85729999999924,39.191399999999774,-6.665899999999468
700,-9.769962616701378e-15,-1.7053025658242404e-13,1.1368683772161603e-13,0.0,0.0,0.0,-36.53389999999996,-3.617999999999668,-1.0658141036401503e-14,6.821210263296962e-13,16.54069999999985,-27.54449999999995,44.66359999999998,-40.151899999998676,33.65979999999976,-6.492099999998679
701,3.375077994860476e-14,-9.999999988252739e-05,-1.4921397450962104e-13,0.0,0.0,0.0,-35.07910000000009,-4.566299999999238,0.0,4.263256414560601e-13,15.272800000000036,-28.862800000000007,46.392100000000035,-39.645499999999345,32.80209999999995,-6.8433999999987165
702,-9.999999999088516e-05,0.0001000000000672685,2.1316282072803006e-14,0.0,0.0,0.0,-35.570499999999974,-3.4728000000007704,1.9539925233402755e-14,3.836930773104541e-13,16.76649999999994,-28.33829999999987,43.09850000000001,-39.04330000000087,31.526700000000194,-7.5166000000004445
703,5.329070518200751e-15,5.684341886080802e-14,1.3500311979441904e-13,0.0,0.0,0.0,-34.94839999999997,-13.167199999999866,-1.5987211554602254e-14,3.268496584496461e-13,23.16729999999998,-29.05660000000003,47.91360000000008,-48.11559999999949,42.02430000000014,-6.091299999999116
704,-7.105427357601002e-15,-7.105427357601002e-15,4.973799150320701e-14,0.0,0.0,0.0,-38.68920000000001,-12.343100000000831,9.999999998555609e-05,4.547473508864641e-13,26.55679999999998,-30.88980000000017,48.41770000000002,-51.032200000000586,44.08469999999983,-6.9475000000003035
705,-9.999999996956888e-05,7.105427357601002e-14,-7.815970093361102e-14,0.0,0.0,0.0,-36.45270000000001,-3.5784000000001015,3.730349362740526e-14,-5.115907697472721e-13,15.764499999999906,-28.111600000000138,47.96790000000005,-40.03120000000061,35.620800000000045,-4.410400000001026
706,-4.796163466380676e-14,-7.105427357601002e-14,1.1368683772161603e-13,0.0,0.0,0.0,-35.847400000000036,-10.53599999999874,4.440892098500626e-14,-2.8421709430404007e-13,18.336599999999894,-27.936700000000194,45.00500000000001,-46.383399999999455,35.404899999999714,-10.978499999999968
707,-0.00010000000000864873,9.999999990384367e-05,2.1316282072803006e-13,0.0,0.0,0.0,-37.15140000000002,-15.244900000000204,-7.105427357601002e-15,-9.99999999891088e-05,24.66999999999994,-29.628200000000028,47.68190000000009,-52.396399999999474,42.72370000000001,-9.672699999999459
708,-5.329070518200751e-15,0.00010000000009569021,-3.552713678800501e-14,0.0,0.0,0.0,-31.73189999999995,-6.745300000000157,-3.552713678800501e-14,-1.4210854715202004e-13,16.633800000000097,-28.432800000000043,46.47929999999996,-38.477100000001315,34.6802999999999,-3.796800000000964
709,4.085620730620576e-14,-0.00010000000010990107,-2.842170943040401e-14,0.0,0.0,0.0,-35.3343,-5.0349000000006505,1.2434497875801753e-14,5.542233338928781e-13,15.72250000000006,-29.13690000000016,45.19619999999997,-40.36929999999977,31.78179999999987,-8.587499999999672
710,2.1316282072803006e-14,-7.105427357601002e-15,0.0,0.0,0.0,0.0,-34.968999999999966,-7.9252999999993925,4.973799150320701e-14,-4.689582056016661e-13,24.966200000000196,-26.670399999999844,48.440200000000004,-42.89429999999943,46.736000000000246,3.841700000000813
711,-1.0658141036401503e-14,-3.552713678800501e-14,1.3500311979441904e-13,0.0,0.0,0.0,-32.78829999999997,-6.3717999999988315,-1.2434497875801753e-14,2.7000623958883807e-13,14.551599999999869,-26.883100000000013,42.31499999999996,-39.160099999998565,29.983499999999704,-9.176599999999091
712,9.999999999088516e-05,-7.105427357601002e-14,1.2789769243681803e-13,0.0,0.0,0.0,-39.76740000000001,-15.602199999998401,2.842170943040401e-14,-9.99999995201506e-05,32.132499999999936,-31.29149999999997,51.02360000000008,-55.369599999998314,51.86460000000004,-3.504999999998269
713,9.999999998022702e-05,2.1316282072803006e-14,2.1316282072803006e-14,0.0,0.0,0.0,-34.80690000000002,-8.087899999998765,1.9539925233402755e-14,-9.999999937804205e-05,22.8606000000001,-27.171300000000002,47.93410000000002,-42.8947999999985,43.623400000000345,0.7286000000013999
714,8.881784197001252e-15,9.999999992515995e-05,-9.999999984700025e-05,0.0,0.0,0.0,-32.84810000000003,-10.240299999999898,-1.0658141036401503e-14,-3.268496584496461e-13,23.563700000000168,-28.621900000000032,47.439900000000044,-43.08840000000046,42.38169999999995,-0.7067000000000547
715,8.881784197001252e-15,-9.999999991805453e-05,0.00010000000001042508,0.0,0.0,0.0,-37.49530000000001,1.3563000000000685,1.2434497875801753e-14,-3.979039320256561e-13,15.799299999999992,-30.563800000000015,46.22640000000004,-36.13900000000045,31.461900000000018,-4.677100000000436
716,9.999999997845066e-05,-6.394884621840902e-14,7.105427357601002e-14,0.0,0.0,0.0,-35.5680999999999,-12.999199999998858,-4.440892098500626e-14,-0.00010000000018806077,20.113200000000145,-27.535099999999915,46.176899999999996,-48.567299999997815,38.75500000000034,-9.812299999997926
717,1.5987211554602254e-14,9.999999989673825e-05,-9.947598300641403e-14,0.0,0.0,0.0,-33.78270000000005,-16.262400000000632,-1.7763568394002505e-14,-1.1368683772161603e-13,30.4638000000001,-29.30690000000005,46.85290000000005,-50.045000000000556,48.00980000000021,-2.0352000000003443
718,1.0658141036401503e-14,-1.4210854715202004e-14,-4.973799150320701e-14,0.0,0.0,0.0,-29.379699999999996,-13.189300000000934,-1.4210854715202004e-14,-1.9895196601282805e-13,19.250900000000076,-26.334899999999827,44.93400000000003,-42.569000000000685,37.85000000000039,-4.719000000000285
719,-0.00010000000002463594,-1.4210854715202004e-13,-3.552713678800501e-14,0.0,0.0,0.0,-35.431400000000004,-3.634800000000425,2.1316282072803006e-14,-4.547473508864641e-13,17.05500000000002,-28.451799999999807,45.125799999999984,-39.06630000000112,33.7290000000002,-5.33730000000115
720,9.999999998200337e-05,5.684341886080802e-14,-9.999999990384367e-05,0.0,0.0,0.0,-38.84609999999994,-9.377199999999114,2.1316282072803006e-14,3.552713678800501e-13,22.33650000000018,-28.68320000000005,47.76270000000001,-48.223299999998474,41.416000000000025,-6.8072999999982216
721,3.375077994860476e-14,-7.105427357601002e-15,4.263256414560601e-14,0.0,0.0,0.0,-33.99400000000001,-12.66570000000074,4.263256414560601e-14,0.0001000000002733259,30.408699999999904,-27.5068,46.0837,-46.65960000000132,48.98559999999979,2.325999999998693
722,-3.907985046680551e-14,3.552713678800501e-14,-9.999999990384367e-05,0.0,0.0,0.0,-35.90180000000004,-15.25559999999911,-2.4868995751603507e-14,-3.126388037344441e-13,29.864799999999946,-30.52599999999984,47.937799999999996,-51.15749999999859,47.276600000000215,-3.880899999997922
723,-3.907985046680551e-14,-7.105427357601002e-14,-7.815970093361102e-14,0.0,0.0,0.0,-34.40889999999996,-16.497200000001083,2.4868995751603507e-14,-0.00010000000004595222,26.208700000000018,-28.8297999999999,45.26940000000002,-50.90620000000172,42.64830000000002,-8.257900000001698
724,-0.00010000000000687237,3.552713678800501e-14,9.999999995358166e-05,0.0,0.0,0.0,-31.521100000000025,-20.22789999999836,1.4210854715202004e-14,-1.4210854715202004e-14,31.879200000000026,-24.525299999999966,43.44800000000002,-51.74899999999893,50.801899999999854,-0.9470999999990752
725,0.0,9.999999995358166e-05,-3.552713678800501e-14,0.0,0.0,0.0,-26.39520000000003,-17.338100000000974,9.999999999976694e-05,9.999999967647e-05,26.338900000000056,-23.022699999999915,40.44659999999992,-43.733000000000274,43.76279999999994,0.029800000000122395
726,3.552713678800501e-15,1.7053025658242404e-13,2.1316282072803006e-14,0.0,0.0,0.0,-34.04069999999992,-9.011000000000315,-5.329070518200751e-15,0.00010000000065701897,17.47500000000011,-27.095699999999944,44.330900000000014,-43.05159999999978,34.710200000000185,-8.341399999999595
727,-0.00010000000000687237,8.526512829121202e-14,-2.842170943040401e-14,0.0,0.0,0.0,-30.427999999999987,-16.650099999999778,2.6645352591003757e-14,-0.00010000000000331966,26.55130000000008,-27.501999999999946,45.0615,-47.07829999999974,44.11080000000037,-2.967499999999383
728,0.0,6.394884621840902e-14,-1.7053025658242404e-13,0.0,0.0,0.0,-32.623300000000015,-16.879800000001133,1.0658141036401503e-14,-1.4210854715202004e-14,26.854700000000093,-28.026399999999953,44.68489999999999,-49.50310000000218,43.51320000000002,-5.989900000002386
729,7.105427357601002e-15,7.105427357601002e-14,9.999999993226538e-05,0.0,0.0,0.0,-37.43439999999993,-9.196399999999613,3.019806626980426e-14,0.00010000000001753051,21.13700000000006,-28.149300000000032,43.222599999999964,-46.630599999999035,36.2103000000001,-10.420299999999152
730,1.7763568394002505e-15,-5.684341886080802e-14,-4.973799150320701e-14,0.0,0.0,0.0,-32.956799999999994,-11.760099999998907,-8.881784197001252e-15,-0.00010000000061438641,26.419599999999814,-30.677200000000035,48.28509999999999,-44.71699999999919,44.0275,-0.6894999999991924
731,-1.9539925233402755e-14,7.105427357601002e-14,-1.2789769243681803e-13,0.0,0.0,0.0,-33.25219999999995,-25.500699999998822,-0.00010000000004595222,4.263256414560601e-13,38.12709999999993,-28.24850000000003,46.36759999999993,-58.752999999998295,56.246199999999945,-2.506799999998343
732,-3.552713678800501e-15,6.394884621840902e-14,2.842170943040401e-14,0.0,0.0,0.0,-39.6561,-10.394000000000041,3.552713678800501e-14,-1.2789769243681803e-13,23.828600000000133,-28.53679999999997,47.30059999999998,-50.050099999999546,42.592400000000026,-7.457699999999285
733,-0.00010000000000864873,-1.2789769243681803e-13,-1.8474111129762605e-13,0.0,0.0,0.0,-35.37229999999994,-24.60950000000115,2.4868995751603507e-14,4.689582056016661e-13,35.637400000000035,-30.445799999999977,49.22499999999999,-59.981900000000564,54.416600000000045,-5.565300000000072
734,-1.5987211554602254e-14,0.00010000000015963906,-0.00010000000012411192,0.0,0.0,0.0,-36.28870000000003,-19.3104999999998,4.796163466380676e-14,0.00010000000010279564,32.611700000000056,-27.180699999999774,47.37779999999999,-55.59909999999988,52.808800000000275,-2.790299999999604
735,-0.00010000000002463594,7.105427357601002e-15,7.105427357601002e-15,0.0,0.0,0.0,-32.9998,-12.67360000000075,-5.329070518200751e-15,-3.410605131648481e-13,23.45489999999999,-26.2168000000001,46.49280000000005,-45.67350000000195,43.730899999999835,-1.9426000000021233
736,0.00010000000000509601,1.4210854715202004e-14,9.947598300641403e-14,0.0,0.0,0.0,-30.394800000000007,-17.745700000000934,-1.9539925233402755e-14,-1.2789769243681803e-13,24.467300000000016,-27.884799999999956,46.80709999999997,-48.14040000000011,43.389600000000144,-4.750800000000197
737,-8.881784197001252e-15,-9.999999981857854e-05,-1.4210854715202004e-14,0.0,0.0,0.0,-39.74330000000001,-14.528800000000313,-3.552713678800501e-15,8.526512829121202e-14,30.86750000000008,-28.67859999999994,49.99070000000007,-54.27220000000008,52.17960000000021,-2.092600000000097
738,-3.197442310920451e-14,-2.1316282072803006e-14,-1.8474111129762605e-13,0.0,0.0,0.0,-38.20479999999994,-14.255299999999018,-5.329070518200751e-15,0.00010000000040122359,28.642399999999967,-28.820300000000096,47.12209999999995,-52.4599999999983,46.94419999999971,-5.515799999998599
739,-2.3092638912203256e-14,-9.237055564881302e-14,-6.394884621840902e-14,0.0,0.0,0.0,-34.7612,-16.901699999999593,-1.5987211554602254e-14,-6.536993168992922e-13,33.15360000000001,-28.54629999999993,48.80469999999999,-51.662900000000604,53.41200000000006,1.7490999999992383
740,3.552713678800501e-15,-7.105427357601002e-15,-7.815970093361102e-14,0.0,0.0,0.0,-40.188399999999994,-12.047500000000284,0.0,-3.268496584496461e-13,27.5904,-30.233100000000142,50.9378999999999,-52.235900000001536,48.29519999999998,-3.9407000000015557
741,9.999999995535802e-05,-7.105427357601002e-14,-8.526512829121202e-14,0.0,0.0,0.0,-39.55830000000007,-12.687299999999166,1.0658141036401503e-14,-5.684341886080801e-13,29.445100000000014,-28.791900000000105,49.0948,-52.245500000000376,49.747999999999905,-2.4975000000006915
742,0.00010000000004950493,0.0001000000001170065,1.4210854715202004e-13,0.0,0.0,0.0,-34.972800000000056,-11.723199999999789,0.00010000000002818865,-1.1368683772161603e-13,27.654300000000163,-27.582300000000075,47.39360000000002,-46.695700000000556,47.46560000000011,0.7699000000000069
743,3.730349362740526e-14,-2.842170943040401e-14,8.526512829121202e-14,0.0,0.0,0.0,-38.983099999999936,-11.678400000000874,2.3092638912203256e-14,-1.1368683772161603e-13,26.256299999999957,-30.681999999999967,49.59680000000002,-50.66149999999979,45.17110000000012,-5.490400000000115
744,-4.440892098500626e-14,1.3500311979441904e-13,3.552713678800501e-14,0.0,0.0,0.0,-35.951100000000096,-8.949400000000068,9.999999995358166e-05,-3.268496584496461e-13,19.92510000000012,-29.269199999999984,46.6395,-44.90039999999961,37.295400000000136,-7.604999999999471
745,1.4210854715202004e-14,4.263256414560601e-14,-9.947598300641403e-14,0.0,0.0,0.0,-36.67979999999999,-11.85449999999997,-1.7763568394002505e-15,-9.999999988963282e-05,21.19719999999997,-28.3147000000001,46.37609999999996,-48.534400000000886,39.25859999999972,-9.275800000000721
746,-1.4210854715202004e-14,0.0,9.947598300641403e-14,0.0,0.0,0.0,-37.069900000000025,-9.030700000000358,0.0001000000000139778,5.400124791776761e-13,21.835000000000036,-30.313399999999923,48.98230000000005,-46.10049999999913,40.50390000000028,-5.596599999999299
747,0.0,-7.105427357601002e-15,7.105427357601002e-14,0.0,0.0,0.0,-39.50849999999998,-8.318399999999997,1.9539925233402755e-14,-1.9895196601282805e-13,21.417899999999857,-30.49769999999998,49.522400000000076,-47.82689999999971,40.442599999999956,-7.3842999999997545
748,-1.2434497875801753e-14,1.4210854715202004e-14,-7.815970093361102e-14,0.0,0.0,0.0,-39.819799999999965,-9.255800000000995,-3.552713678800501e-15,3.410605131648481e-13,20.374499999999966,-30.015699999999995,49.81669999999996,-49.075600000000264,40.17549999999993,-8.900100000000101
749,-3.552713678800501e-15,1.0658141036401503e-13,-0.0001000000001951662,0.0,0.0,0.0,-36.72970000000006,-13.968800000001721,-1.2434497875801753e-14,0.0001000000002733259,22.27429999999997,-28.1824,46.57990000000006,-50.69850000000224,40.671800000000026,-10.026700000002442
750,1.7763568394002505e-15,-2.842170943040401e-14,-9.237055564881302e-14,0.0,0.0,0.0,-37.1877,-7.780400000001425,-8.881784197001252e-15,0.00010000000047227786,17.852300000000113,-28.711600000000104,47.35410000000001,-44.9680000000012,36.49480000000002,-8.47320000000186
751,2.6645352591003757e-14,-0.00010000000007437393,-9.999999995358166e-05,0.0,0.0,0.0,-40.16950000000006,-12.55850000000044,-2.6645352591003757e-14,2.5579538487363607e-13,22.15860000000002,-29.977799999999824,48.4808,-52.72820000000034,40.66160000000031,-12.06660000000003
752,-9.999999998555609e-05,0.00010000000005305765,1.5631940186722204e-13,0.0,0.0,0.0,-41.59870000000009,-5.712000000000117,9.99999999891088e-05,-1.9895196601282805e-13,23.309799999999896,-30.729300000000066,50.95299999999989,-47.31059999999957,43.53349999999983,-3.777100000000189
753,-2.1316282072803006e-14,-4.973799150320701e-14,2.1316282072803006e-14,0.0,0.0,0.0,-38.749800000000135,-13.001400000000185,0.00010000000000331966,-4.689582056016661e-13,23.91670000000001,-29.855100000000064,50.11499999999999,-51.75110000000039,44.17659999999982,-7.574500000000349
754,9.999999999976694e-05,2.842170943040401e-14,-7.105427357601002e-15,0.0,0.0,0.0,-37.115700000000054,-9.320300000000973,-2.842170943040401e-14,2.7000623958883807e-13,20.49339999999998,-27.84220000000012,45.82730000000009,-46.43590000000218,38.478499999999954,-7.9574000000026786
755,-3.552713678800501e-14,-7.815970093361102e-14,-4.973799150320701e-14,0.0,0.0,0.0,-37.91100000000002,-14.159199999999405,1.7763568394002505e-15,-6.963318810448982e-13,28.105499999999854,-30.360600000000098,48.936799999999934,-52.07020000000074,46.68169999999981,-5.388500000000704
756,1.9539925233402755e-14,-9.947598300641403e-14,4.973799150320701e-14,0.0,0.0,0.0,-35.95999999999993,-7.145699999999426,-9.999999996956888e-05,3.410605131648481e-13,19.490500000000058,-28.13990000000002,45.27179999999999,-43.105799999998794,36.622400000000255,-6.483399999998987
757,-5.1514348342607263e-14,1.3500311979441904e-13,6.394884621840902e-14,0.0,0.0,0.0,-42.1881999999999,-13.172200000000124,4.618527782440651e-14,-9.999999996068709e-05,29.812399999999958,-31.02689999999994,49.85150000000007,-55.36050000000007,48.6370000000002,-6.7234999999998735
758,2.3092638912203256e-14,-5.684341886080802e-14,-0.0001000000001170065,0.0,0.0,0.0,-36.62830000000006,-5.562900000001029,-2.6645352591003757e-14,-1.2789769243681803e-13,18.806199999999997,-28.834499999999963,47.43580000000002,-42.19130000000111,37.40749999999994,-4.783800000001392
759,5.329070518200751e-15,1.0658141036401503e-13,9.999999995358166e-05,0.0,0.0,0.0,-41.387499999999946,-10.119399999999292,3.730349362740526e-14,-9.999999949172889e-05,23.98519999999986,-29.83139999999996,48.85519999999999,-51.50689999999932,43.00899999999989,-8.497899999998971
760,-2.4868995751603507e-14,9.237055564881302e-14,0.00010000000005305765,0.0,0.0,0.0,-34.70790000000006,-9.549500000000698,8.881784197001252e-15,-2.5579538487363607e-13,20.075199999999953,-27.61539999999993,46.328400000000016,-44.25730000000078,38.78820000000004,-5.469100000000509
761,3.552713678800501e-14,-0.0001000000000672685,-1.9184653865522705e-13,0.0,0.0,0.0,-39.19639999999997,-12.15789999999959,2.3092638912203256e-14,-2.7000623958883807e-13,27.079799999999967,-29.42510000000015,47.76129999999995,-51.35439999999839,45.41599999999988,-5.938399999998296
762,1.4210854715202004e-14,9.999999995358166e-05,-3.552713678800501e-14,0.0,0.0,0.0,-36.06160000000008,-13.345400000000964,-2.3092638912203256e-14,3.410605131648481e-13,21.90730000000006,-28.98569999999991,46.70560000000003,-49.406900000000405,39.62720000000019,-9.779700000000219
763,-0.00010000000003707044,4.263256414560601e-14,1.4210854715202004e-14,0.0,0.0,0.0,-32.35440000000008,-8.195499999999186,-0.0001000000000423995,-7.105427357601002e-14,20.401300000000017,-26.38699999999998,46.29699999999993,-40.55009999999895,40.311299999999974,-0.23879999999829948
764,-2.4868995751603507e-14,0.00010000000012411192,-3.552713678800501e-14,0.0,0.0,0.0,-34.40320000000002,-6.427699999999888,5.1514348342607263e-14,-4.121147867408581e-13,15.552900000000008,-30.242400000000103,50.067500000000045,-40.83080000000119,35.37799999999984,-5.452800000001126
765,0.00010000000002463594,-0.00010000000012411192,1.9184653865522705e-13,0.0,0.0,0.0,-41.76890000000002,-8.086099999999522,3.552713678800501e-15,9.947598300641403e-14,26.599400000000045,-29.755799999999944,50.65709999999997,-49.854999999999066,47.50069999999996,-2.354299999999327
766,-1.0658141036401503e-14,-4.263256414560601e-14,-0.00010000000000331966,0.0,0.0,0.0,-35.697199999999945,-7.0344999999995,1.7763568394002505e-15,-2.984279490192421e-13,17.49009999999987,-27.724099999999886,45.814499999999995,-42.73180000000076,35.58049999999998,-7.151300000000781
767,-2.1316282072803006e-14,0.00010000000003174137,-1.4921397450962104e-13,0.0,0.0,0.0,-37.713899999999896,-16.125799999999355,7.105427357601002e-15,-1.8474111129762605e-13,27.692600000000155,-29.514900000000047,50.072999999999915,-53.839599999999805,48.25070000000014,-5.5888999999996685
768,0.00010000000003707044,9.947598300641403e-14,2.1316282072803006e-14,0.0,0.0,0.0,-35.78889999999997,-13.410300000001481,7.105427357601002e-15,-9.999999953436145e-05,28.118799999999975,-30.828400000000215,49.499700000000075,-49.19919999999986,46.79009999999995,-2.409099999999455
769,5.329070518200751e-15,-2.1316282072803006e-14,1.2789769243681803e-13,0.0,0.0,0.0,-39.318500000000085,-14.192399999999228,-3.730349362740526e-14,2.1316282072803006e-13,30.20550000000016,-29.878699999999967,49.57970000000004,-53.510899999999936,49.90650000000012,-3.6043999999991385
770,-5.329070518200751e-15,-4.973799150320701e-14,-7.105427357601002e-14,0.0,0.0,0.0,-38.686299999999925,-13.369499999999988,3.197442310920451e-14,3.694822225952521e-13,30.077900000000103,-31.456900000000005,49.82909999999998,-52.05579999999924,48.45009999999985,-3.6056999999993877
771,-1.4210854715202004e-14,5.684341886080802e-14,7.815970093361102e-14,0.0,0.0,0.0,-37.59190000000003,-6.0983000000004495,-0.00010000000002463594,1.2789769243681803e-13,23.025200000000023,-29.694399999999987,47.5297,-43.69030000000002,40.860500000000144,-2.8298000000000982
772,-1.7763568394002505e-14,9.999999999621423e-05,-7.815970093361102e-14,0.0,0.0,0.0,-38.02919999999998,-7.056699999999257,-4.618527782440651e-14,-1.8474111129762605e-13,23.915500000000034,-28.39029999999991,45.60569999999998,-45.085800000000276,41.130900000000096,-3.9548999999999452
773,3.552713678800501e-15,1.4921397450962104e-13,-0.00010000000005305765,0.0,0.0,0.0,-40.44759999999993,-17.278399999998662,3.907985046680551e-14,-6.252776074688882e-13,27.926999999999932,-29.1037999999999,47.51059999999998,-57.72609999999919,46.33380000000001,-11.392299999999636
774,4.085620730620576e-14,2.842170943040401e-14,1.2789769243681803e-13,0.0,0.0,0.0,-37.193599999999975,-13.383699999999568,8.881784197001252e-15,1.4210854715202004e-14,27.765800000000027,-28.6643999999998,48.02040000000002,-50.57729999999988,47.12180000000025,-3.4554999999991765
775,-7.105427357601002e-15,-9.999999999621423e-05,-6.394884621840902e-14,0.0,0.0,0.0,-36.048499999999855,-7.486200000000537,-1.9539925233402755e-14,7.247535904753022e-13,17.178600000000078,-27.960299999999904,45.9928,-43.53479999999888,35.21110000000017,-8.323699999998254
776,-3.197442310920451e-14,8.526512829121202e-14,-4.263256414560601e-14,0.0,0.0,0.0,-34.354300000000016,-12.977199999999954,-8.881784197001252e-15,-9.99999993638312e-05,24.698800000000144,-29.746400000000165,46.85970000000002,-47.331599999997806,41.812100000000115,-5.519499999997464
777,-5.329070518200751e-15,1.4210854715202004e-14,-1.9895196601282805e-13,0.0,0.0,0.0,-34.45840000000001,-10.690799999999813,2.1316282072803006e-14,0.00010000000079912752,23.44389999999997,-27.601200000000134,43.85129999999991,-45.14909999999966,39.69399999999963,-5.455100000000257
778,3.197442310920451e-14,-2.842170943040401e-14,-6.394884621840902e-14,0.0,0.0,0.0,-30.2513,-13.686699999999025,1.2434497875801753e-14,-5.684341886080802e-14,24.896900000000016,-26.05140000000005,44.63559999999999,-43.93799999999844,43.481099999999955,-0.4568999999980292
779,2.3092638912203256e-14,-4.973799150320701e-14,-9.999999998200337e-05,0.0,0.0,0.0,-35.15880000000001,-13.801600000000313,0.00010000000004062315,5.258016244624741e-13,25.952200000000172,-26.37750000000002,46.41450000000004,-48.96039999999903,45.98920000000008,-2.9711999999989516
780,-1.0658141036401503e-14,-1.7053025658242404e-13,1.5631940186722204e-13,0.0,0.0,0.0,-33.8643,-11.011900000000246,-3.375077994860476e-14,-1.4210854715202004e-14,24.105700000000013,-29.798400000000058,49.6684,-44.876199999999514,43.975699999999954,-0.9005000000000152
781,1.9539925233402755e-14,1.4210854715202004e-14,1.5631940186722204e-13,0.0,0.0,0.0,-35.452199999999955,-6.972499999999265,-0.0001000000000264123,-9.999999994647624e-05,21.1119,-26.476699999999965,46.58000000000002,-42.42489999999816,41.215200000000166,-1.2096999999980014
782,1.2434497875801753e-14,2.1316282072803006e-14,9.237055564881302e-14,0.0,0.0,0.0,-38.72799999999998,-16.165399999999874,1.0658141036401503e-14,-2.2737367544323206e-13,31.533300000000047,-29.916500000000035,49.7644,-54.89339999999956,51.3811999999999,-3.512199999999204
783,2.6645352591003757e-14,5.684341886080802e-14,6.394884621840902e-14,0.0,0.0,0.0,-38.85179999999989,-4.150800000000213,1.9539925233402755e-14,-0.00010000000017384991,23.98169999999988,-30.26620000000002,47.32690000000009,-43.00270000000057,41.04239999999983,-1.960300000000963
784,-4.796163466380676e-14,2.0605739337042905e-13,1.2079226507921703e-13,0.0,0.0,0.0,-33.66410000000003,-9.58680000000038,-3.375077994860476e-14,4.973799150320701e-13,20.866499999999903,-26.528699999999915,45.223700000000015,-43.25089999999848,39.5615,-3.6893999999989333
785,3.552713678800501e-15,7.105427357601002e-15,8.526512829121202e-14,0.0,0.0,0.0,-36.41369999999989,-11.105000000000537,-1.2434497875801753e-14,-9.999999991805453e-05,22.03810000000003,-28.234399999999923,48.61210000000004,-47.51880000000071,42.41580000000003,-5.1030000000006766
786,-1.2434497875801753e-14,7.105427357601002e-15,1.2789769243681803e-13,0.0,0.0,0.0,-34.6612,-8.574800000000153,-9.999999999621423e-05,2.5579538487363607e-13,21.99110000000005,-29.99679999999981,47.93529999999997,-43.23610000000019,39.92960000000021,-3.3065000000006677
787,2.6645352591003757e-14,1.8474111129762605e-13,9.999999984700025e-05,0.0,0.0,0.0,-32.3744,-2.5297999999991596,9.999999999443787e-05,9.999999991805453e-05,15.706599999999991,-27.435799999999965,44.188999999999965,-34.90389999999918,32.45979999999999,-2.4440999999989685
788,-2.042810365310288e-14,-9.999999989673825e-05,2.842170943040401e-14,0.0,0.0,0.0,-37.15669999999992,-6.786999999999537,5.329070518200751e-15,-3.694822225952521e-13,20.375099999999925,-29.978000000000037,47.81369999999996,-43.943799999999044,38.21079999999985,-5.7329999999994214
789,-2.4868995751603507e-14,9.999999993937081e-05,-7.105427357601002e-15,0.0,0.0,0.0,-38.519399999999976,-15.915400000000549,5.329070518200751e-15,2.842170943040401e-14,32.99440000000013,-29.55259999999987,50.822699999999976,-54.43470000000079,54.264500000000005,-0.1702000000003281
790,1.7763568394002505e-14,-9.999999999621423e-05,1.2789769243681803e-13,0.0,0.0,0.0,-39.627399999999994,-5.4471999999995475,-3.552713678800501e-15,-2.4158453015843406e-13,21.734599999999993,-29.321199999999976,49.25050000000003,-45.07469999999985,41.663899999999934,-3.4107999999999237
791,8.881784197001252e-15,-2.842170943040401e-14,-1.2789769243681803e-13,0.0,0.0,0.0,-35.76839999999996,-13.360700000001,-3.552713678800501e-15,5.542233338928781e-13,26.42989999999999,-30.67719999999995,48.033899999999996,-49.12910000000004,43.786600000000035,-5.342500000000001
792,-3.552713678800501e-14,4.263256414560601e-14,-1.6342482922482304e-13,0.0,0.0,0.0,-33.4806999999999,-10.108699999998944,4.263256414560601e-14,7.105427357601002e-14,22.30679999999998,-28.352499999999843,46.4912,-43.58939999999923,40.44550000000014,-3.143899999998631
793,-2.4868995751603507e-14,7.105427357601002e-14,1.7053025658242404e-13,0.0,0.0,0.0,-35.165600000000055,-8.160500000000894,3.019806626980426e-14,-0.0001000000002733259,21.136800000000118,-28.33359999999997,46.01019999999993,-43.326200000000696,38.813400000000186,-4.512800000000055
794,-5.329070518200751e-15,-9.237055564881302e-14,1.7763568394002505e-13,0.0,0.0,0.0,-36.94850000000005,-4.837800000000534,-1.0658141036401503e-14,-5.826450433232822e-13,17.867799999999843,-29.368399999999845,47.84650000000001,-41.78630000000034,36.34590000000013,-5.440400000000672
795,-1.4210854715202004e-14,-8.526512829121202e-14,9.999999999621423e-05,0.0,0.0,0.0,-32.923100000000076,-13.061500000000482,9.999999996779252e-05,-0.00010000000008858478,20.99520000000008,-27.596499999999914,45.00550000000001,-45.984500000000565,38.40420000000017,-7.580300000000392
796,1.4210854715202004e-14,-4.263256414560601e-14,-1.2789769243681803e-13,0.0,0.0,0.0,-36.923099999999906,-3.2301999999988595,9.999999999088516e-05,4.405364961712621e-13,19.648900000000094,-28.187199999999983,44.94050000000001,-40.15319999999792,36.40220000000001,-3.7509999999972408
797,-1.7763568394002505e-14,-9.999999992515995e-05,-9.999999989673825e-05,0.0,0.0,0.0,-35.35159999999996,-3.7184000000007487,-1.4210854715202004e-14,-0.00010000000060017555,16.674200000000077,-27.686199999999907,45.42220000000002,-39.07030000000134,34.41020000000019,-4.660100000000696
798,-1.9539925233402755e-14,2.842170943040401e-14,0.00010000000008147936,0.0,0.0,0.0,-36.354700000000086,-11.228499999999865,-2.4868995751603507e-14,-2.842170943040401e-14,21.173099999999952,-27.298800000000142,45.97630000000008,-47.58310000000003,39.850600000000114,-7.732500000000371
799,-3.907985046680551e-14,1.3145040611561853e-13,-0.00010000000010279564,0.0,0.0,0.0,-35.264000000000024,-7.8620000000009505,-9.999999996779252e-05,4.121147867408581e-13,19.361100000000064,-28.77770000000001,45.04290000000002,-43.126200000001106,35.62630000000007,-7.499900000000807
800,1.5987211554602254e-14,1.1368683772161603e-13,-0.00010000000015253363,0.0,0.0,0.0,-33.963199999999944,-6.838699999998731,5.329070518200751e-15,0.00010000000018806077,16.226000000000003,-27.56350000000012,45.555100000000074,-40.801899999999435,34.21759999999996,-6.58429999999948
801,1.4210854715202004e-14,6.394884621840902e-14,-7.105427357601002e-14,0.0,0.0,0.0,-37.01260000000002,-13.308699999998876,0.00010000000001753051,5.115907697472721e-13,25.10639999999989,-28.933699999999988,46.84870000000004,-50.3211999999978,43.02139999999994,-7.299799999997852
802,-2.1316282072803006e-14,2.842170943040401e-14,-8.526512829121202e-14,0.0,0.0,0.0,-36.584499999999956,-11.480200000000305,-0.0001000000000139778,9.999999946330718e-05,23.045800000000035,-28.711700000000064,45.71549999999997,-48.06470000000108,40.04959999999994,-8.015100000001148
803,1.2434497875801753e-14,6.394884621840902e-14,-2.1316282072803006e-14,0.0,0.0,0.0,-35.611600000000024,-7.315900000000205,-4.263256414560601e-14,4.263256414560601e-14,20.858600000000123,-28.15879999999995,45.65690000000007,-42.92749999999991,38.35670000000036,-4.570799999999785
804,-3.552713678800501e-15,7.105427357601002e-15,2.0605739337042905e-13,0.0,0.0,0.0,-32.06920000000002,-15.633799999999987,1.7763568394002505e-15,9.99999998327894e-05,25.78679999999994,-28.598300000000094,44.97940000000008,-47.702899999999346,42.16789999999993,-5.534999999999641
805,1.7763568394002505e-15,-4.263256414560601e-14,1.3500311979441904e-13,0.0,0.0,0.0,-34.32629999999998,-9.036999999999951,-1.3322676295501878e-14,4.263256414560601e-14,20.874599999999962,-27.227999999999966,45.119800000000005,-43.363299999998276,38.76640000000012,-4.5968999999986195
806,5.329070518200751e-15,1.0658141036401503e-13,-2.1316282072803006e-14,0.0,0.0,0.0,-40.86779999999998,-10.43100000000036,-1.0658141036401503e-14,-1.7053025658242404e-13,22.329099999999897,-29.495899999999978,46.823899999999966,-51.2988000000001,39.6571,-11.641700000000554
807,-3.552713678800501e-14,-8.526512829121202e-14,2.842170943040401e-14,0.0,0.0,0.0,-30.60349999999998,-9.278599999999265,-2.3092638912203256e-14,-9.999999991805453e-05,17.205599999999844,-25.649900000000052,42.432100000000005,-39.8821999999999,33.987799999999794,-5.894400000000104
808,8.881784197001252e-15,3.552713678800501e-14,-3.552713678800501e-14,0.0,0.0,0.0,-33.19850000000001,-11.867200000000247,8.881784197001252e-15,-1.7053025658242404e-13,24.108100000000032,-27.29409999999993,43.75779999999998,-45.065700000000135,40.57180000000008,-4.493900000000046
809,9.999999998377973e-05,1.0658141036401503e-13,7.105427357601002e-14,0.0,0.0,0.0,-30.213400000000043,-8.004800000001339,1.4210854715202004e-14,-9.999999984700025e-05,19.493399999999983,-25.782200000000174,42.55139999999997,-38.21820000000106,36.26259999999955,-1.9556000000010556
810,4.796163466380676e-14,5.684341886080802e-14,-1.4210854715202004e-14,0.0,0.0,0.0,-33.628400000000056,-10.16170000000033,1.4210854715202004e-14,-1.5631940186722204e-13,23.097899999999832,-29.8551,48.76390000000006,-43.79010000000062,42.006699999999896,-1.783400000000725
811,2.1316282072803006e-14,-2.1316282072803006e-13,2.1316282072803006e-14,0.0,0.0,0.0,-35.620500000000014,-11.318600000000345,-1.7763568394002505e-15,-8.526512829121202e-13,25.15310000000008,-30.469299999999876,48.62850000000003,-46.93910000000196,43.312300000000235,-3.6268000000012677
812,-1.5987211554602254e-14,-4.973799150320701e-14,-7.105427357601002e-15,0.0,0.0,0.0,-37.0880999999999,-11.584199999999719,0.00010000000002108322,-0.00010000000003174137,27.78890000000006,-29.391999999999967,49.94859999999997,-48.67230000000022,48.345499999999944,-0.32680000000027576
813,-3.552713678800501e-14,-0.00010000000001753051,-5.684341886080802e-14,0.0,0.0,0.0,-33.48179999999993,-4.551600000000821,-3.552713678800501e-15,-3.268496584496461e-13,14.912699999999944,-27.96510000000019,46.10910000000003,-38.033500000001084,33.05669999999967,-4.976800000001866
814,9.999999996601616e-05,9.99999999891088e-05,-9.999999981857854e-05,0.0,0.0,0.0,-37.787799999999955,-10.770400000000045,0.0,-2.2737367544323206e-13,23.02640000000005,-29.680199999999942,48.3832,-48.55810000000008,41.729400000000226,-6.828700000000538
815,9.999999999266151e-05,-9.999999986831654e-05,-0.00010000000017384991,0.0,0.0,0.0,-29.059800000000006,-9.175800000000208,2.1316282072803006e-14,0.00010000000055754299,20.611299999999954,-26.561800000000034,45.17409999999999,-38.23559999999962,39.223599999999905,0.9880000000005182
816,3.552713678800501e-14,9.237055564881302e-14,2.1316282072803006e-14,0.0,0.0,0.0,-33.53009999999992,-10.081899999999575,-9.999999999621423e-05,1.5631940186722204e-13,24.12059999999995,-29.037700000000008,46.98179999999995,-43.61209999999896,42.064700000000116,-1.5473999999997403
817,1.0658141036401503e-14,0.00010000000007437393,-2.842170943040401e-14,0.0,0.0,0.0,-29.23719999999994,-17.26980000000135,3.019806626980426e-14,-4.263256414560601e-14,27.50029999999997,-25.139499999999977,44.432900000000004,-46.506899999999646,46.7937,0.28680000000058214
818,-3.730349362740526e-14,0.00010000000004595222,0.0,0.0,0.0,0.0,-29.925499999999953,-11.553800000001207,3.375077994860476e-14,-3.694822225952521e-13,25.70820000000002,-27.38390000000002,44.45700000000004,-41.479200000000816,42.781300000000044,1.3020999999987666
819,3.375077994860476e-14,7.815970093361102e-14,-9.999999986831654e-05,0.0,0.0,0.0,-38.28879999999991,-10.799299999999814,0.00010000000000864873,-2.984279490192421e-13,24.849400000000102,-27.379199999999926,46.72299999999993,-49.08810000000135,44.193200000000104,-4.894900000001243
820,8.881784197001252e-15,4.263256414560601e-14,-0.00010000000003174137,0.0,0.0,0.0,-34.37669999999993,-12.501699999999495,-0.00010000000003529408,-0.00010000000003174137,22.40409999999985,-29.96849999999997,46.564400000000006,-46.878699999999924,39.0,-7.8786999999996965
821,-1.0658141036401503e-14,7.105427357601002e-14,9.999999999621423e-05,0.0,0.0,0.0,-35.012300000000074,-7.300199999999229,-1.7763568394002505e-14,-2.5579538487363607e-13,25.06629999999993,-28.602999999999973,46.67269999999995,-42.31239999999897,43.13599999999991,0.8236000000013917
822,-0.00010000000003884679,4.263256414560601e-14,1.4210854715202004e-13,0.0,0.0,0.0,-34.02320000000005,-7.990599999999056,7.105427357601002e-15,-0.00010000000000331966,22.242100000000054,-29.434500000000085,45.7727999999999,-42.0139999999989,38.58039999999987,-3.4335999999985845
823,3.552713678800501e-14,-9.999999998200337e-05,-1.4921397450962104e-13,0.0,0.0,0.0,-33.224499999999985,-14.227100000000405,-1.4210854715202004e-14,-2.5579538487363607e-13,29.321300000000083,-28.532199999999982,47.66210000000004,-47.451700000001125,48.45120000000014,0.9994999999992444
824,-3.730349362740526e-14,-0.00010000000010990107,9.999999989673825e-05,0.0,0.0,0.0,-34.86119999999998,-7.5506000000009905,-7.105427357601002e-15,-4.689582056016661e-13,23.310200000000023,-27.08150000000004,47.083300000000044,-42.41180000000209,43.31199999999991,0.9001999999975965
825,-2.6645352591003757e-14,1.4210854715202004e-14,9.947598300641403e-14,0.0,0.0,0.0,-27.51730000000004,-8.454299999999254,-5.329070518200751e-15,-2.984279490192421e-13,18.56589999999989,-28.14460000000001,44.53289999999992,-35.97159999999862,34.95419999999969,-1.0173999999989363
826,3.375077994860476e-14,1.1368683772161603e-13,-0.00010000000015253363,0.0,0.0,0.0,-35.91559999999996,-6.409999999998952,-0.00010000000003707044,-0.00010000000077070581,18.418199999999867,-27.435900000000096,44.15039999999995,-42.325899999998825,35.132699999999716,-7.193199999999564
827,5.1514348342607263e-14,-9.999999999621423e-05,0.00010000000013121735,0.0,0.0,0.0,-31.73569999999997,-11.229400000000048,2.842170943040401e-14,3.979039320256561e-13,22.97429999999996,-25.645199999999946,44.73219999999995,-42.96510000000026,42.06129999999985,-0.9037999999999613
828,3.552713678800501e-15,1.4210854715202004e-13,6.394884621840902e-14,0.0,0.0,0.0,-29.0102,-15.727000000001237,9.999999998200337e-05,1.1368683772161603e-13,30.371700000000054,-24.964700000000022,43.774700000000024,-44.73710000000105,49.18169999999994,4.4445999999989
829,9.999999995891073e-05,-5.684341886080802e-14,1.2079226507921703e-13,0.0,0.0,0.0,-34.850800000000056,-11.913799999999547,2.842170943040401e-14,6.536993168992922e-13,24.971000000000153,-28.67849999999987,46.91080000000001,-46.76449999999906,43.203300000000176,-3.5611999999991113
830,4.973799150320701e-14,-9.947598300641403e-14,-2.1316282072803006e-14,0.0,0.0,0.0,-30.74569999999999,-20.32889999999985,1.2434497875801753e-14,9.947598300641403e-14,31.13069999999989,-27.407499999999814,46.40639999999998,-51.074600000000416,50.12959999999994,-0.9450000000000216
831,-1.7763568394002505e-14,6.394884621840902e-14,-3.552713678800501e-14,0.0,0.0,0.0,-34.446400000000004,-13.700700000001067,-3.907985046680551e-14,-1.1368683772161603e-13,25.589099999999874,-27.998199999999905,45.738299999999924,-48.14710000000014,43.32920000000001,-4.817900000000357
832,4.796163466380676e-14,-0.00010000000017384991,2.0605739337042905e-13,0.0,0.0,0.0,-34.17960000000007,-15.445399999999509,0.00010000000002285958,3.694822225952521e-13,26.72610000000005,-27.78560000000001,47.15290000000004,-49.62499999999764,46.093400000000074,-3.5315999999975602
833,-9.999999997312159e-05,0.00010000000004595222,-9.999999996779252e-05,0.0,0.0,0.0,-34.411200000000065,-14.685500000000335,3.730349362740526e-14,-6.821210263296962e-13,26.057799999999972,-29.496000000000045,47.457600000000056,-49.09680000000081,44.01939999999998,-5.077400000001276
834,-0.0001000000000015433,7.105427357601002e-15,1.2079226507921703e-13,0.0,0.0,0.0,-33.54069999999996,-8.09539999999981,-0.00010000000001575415,-1.5631940186722204e-13,21.64710000000016,-28.059599999999946,44.57670000000007,-41.63629999999982,38.164200000000406,-3.472099999999415
835,3.375077994860476e-14,9.999999994647624e-05,1.4210854715202004e-14,0.0,0.0,0.0,-35.848899999999986,-13.988799999998424,1.7763568394002505e-14,-3.126388037344441e-13,26.18780000000017,-30.90400000000008,46.9705,-49.83759999999825,42.25429999999986,-7.583299999997934
836,0.0,0.00010000000006016307,9.999999996779252e-05,0.0,0.0,0.0,-34.41010000000004,-10.765700000000745,1.5987211554602254e-14,-9.999999957699401e-05,24.465100000000124,-26.920799999999957,45.52170000000006,-45.1757000000006,43.06600000000046,-2.1097000000010624
837,-9.999999999088516e-05,1.4210854715202004e-14,-1.7763568394002505e-13,0.0,0.0,0.0,-33.791899999999885,-13.28000000000129,-0.00010000000000331966,2.4158453015843406e-13,23.413399999999854,-26.802699999999973,45.72059999999992,-47.07210000000114,42.33129999999991,-4.740800000001002
838,1.5987211554602254e-14,1.4210854715202004e-14,-2.842170943040401e-14,0.0,0.0,0.0,-38.433600000000126,-14.902299999999439,2.4868995751603507e-14,-4.405364961712621e-13,28.312500000000117,-28.617200000000032,47.08179999999991,-53.33590000000068,46.77709999999999,-6.55880000000068
839,1.7763568394002505e-15,1.5631940186722204e-13,1.5631940186722204e-13,0.0,0.0,0.0,-33.89820000000001,-12.437300000000967,-4.440892098500626e-14,4.121147867408581e-13,22.9162999999998,-28.1682000000001,47.81,-46.335500000000394,42.55809999999959,-3.7774000000005756
840,-1.7763568394002505e-15,-9.237055564881302e-14,9.999999993937081e-05,0.0,0.0,0.0,-38.31639999999997,-12.240300000001017,-9.999999998022702e-05,-7.531752999057062e-13,33.95339999999996,-31.19700000000003,49.855399999999996,-50.556700000001925,52.61180000000003,2.0550999999978856
841,2.3092638912203256e-14,1.4210854715202004e-14,4.263256414560601e-14,0.0,0.0,0.0,-37.78040000000008,-14.848000000000294,0.00010000000002285958,-6.821210263296962e-13,32.252099999999885,-30.86629999999993,49.11299999999997,-52.628300000000564,50.49879999999993,-2.1295000000006326
842,3.197442310920451e-14,6.394884621840902e-14,-1.4210854715202004e-14,0.0,0.0,0.0,-34.771,-14.738800000000143,-1.7763568394002505e-14,-0.00010000000055754299,22.87959999999999,-27.27530000000006,46.37899999999998,-49.509900000000826,41.98330000000002,-7.526600000001039
843,4.263256414560601e-14,-0.00010000000007437393,-6.394884621840902e-14,0.0,0.0,0.0,-36.55190000000005,-10.65320000000034,4.085620730620576e-14,5.258016244624741e-13,24.36820000000009,-29.807800000000007,47.63989999999994,-47.20520000000043,42.20029999999991,-5.004900000000518
844,1.0658141036401503e-14,5.684341886080802e-14,5.684341886080802e-14,0.0,0.0,0.0,-34.69040000000003,-11.19130000000034,9.99999999766743e-05,2.842170943040401e-14,20.415799999999997,-27.875299999999996,46.84000000000008,-45.88160000000052,39.38049999999997,-6.501100000000555
845,0.00010000000000864873,-2.842170943040401e-14,7.815970093361102e-14,0.0,0.0,0.0,-36.497399999999985,-12.51029999999966,-9.999999998733244e-05,-7.531752999057062e-13,25.793100000000045,-29.42499999999999,49.666,-49.00770000000146,46.03410000000005,-2.973600000001184
846,0.00010000000001220144,-9.999999998200337e-05,7.105427357601002e-15,0.0,0.0,0.0,-40.5334,-10.321400000000974,1.7763568394002505e-15,1.9895196601282805e-13,27.387099999999894,-30.077200000000005,48.0144999999999,-50.854800000000864,45.3243999999999,-5.530400000001194
847,-1.5987211554602254e-14,9.947598300641403e-14,1.5631940186722204e-13,0.0,0.0,0.0,-35.8233,-12.281900000000451,-7.105427357601002e-15,4.263256414560601e-14,23.848099999999857,-27.440599999999897,46.864,-48.1051999999995,43.27149999999996,-4.833699999999318
848,-1.9539925233402755e-14,2.842170943040401e-14,-1.0658141036401503e-13,0.0,0.0,0.0,-38.42179999999995,-9.723500000000325,-2.4868995751603507e-14,-2.7000623958883807e-13,20.362400000000036,-27.790299999999917,47.675199999999954,-48.145299999998954,40.24729999999996,-7.8979999999985395
849,1.2434497875801753e-14,4.973799150320701e-14,-9.999999986831654e-05,0.0,0.0,0.0,-40.45049999999998,-9.808599999999316,1.7763568394002505e-15,0.0,24.15960000000002,-28.125699999999988,48.42569999999998,-50.2591999999992,44.45960000000001,-5.7995999999994154
850,1.4210854715202004e-14,-1.0658141036401503e-13,1.4210854715202004e-14,0.0,0.0,0.0,-37.09330000000003,-9.481399999999816,-5.3290705182007514e-14,-2.842170943040401e-14,23.376099999999933,-30.91340000000016,47.829199999999936,-46.57469999999972,40.29189999999983,-6.282799999999902
851,4.440892098500626e-14,-9.999999989673825e-05,1.2079226507921703e-13,0.0,0.0,0.0,-36.040599999999976,-8.097099999998814,2.6645352591003757e-14,-0.00010000000067122983,19.721999999999873,-30.322900000000004,47.70500000000009,-44.13789999999928,37.104099999999846,-7.033799999999658
852,-0.0001000000000015433,0.0001000000001454282,-9.237055564881302e-14,0.0,0.0,0.0,-34.54170000000004,-14.564799999998932,-9.999999999266151e-05,-2.7000623958883807e-13,26.24879999999997,-27.00590000000004,47.23899999999996,-49.106599999999574,46.4818999999999,-2.6246999999992227
853,3.907985046680551e-14,-3.552713678800501e-14,-7.105427357601002e-14,0.0,0.0,0.0,-32.794999999999945,-13.881400000000188,-1.7763568394002505e-14,6.394884621840902e-13,22.367599999999868,-24.87500000000012,43.994899999999994,-46.67639999999987,41.48749999999974,-5.188900000000139
854,-2.1316282072803006e-14,5.684341886080802e-14,9.999999993937081e-05,0.0,0.0,0.0,-29.15340000000001,-10.694699999999369,-9.999999999799059e-05,-0.00010000000003174137,19.346999999999962,-22.616399999999878,42.10570000000003,-39.84819999999948,38.836299999999994,-1.0118999999992582
855,4.618527782440651e-14,-9.237055564881302e-14,-0.00010000000010279564,0.0,0.0,0.0,-36.524699999999996,-14.175900000000716,2.6645352591003757e-14,-2.842170943040401e-14,30.51000000000002,-28.90539999999995,47.82579999999991,-50.70070000000075,49.43039999999998,-1.2703000000003186
856,-3.375077994860476e-14,-1.7053025658242404e-13,5.684341886080802e-14,0.0,0.0,0.0,-35.431300000000164,-1.912599999998939,-1.5987211554602254e-14,4.973799150320701e-13,13.499999999999943,-26.20740000000003,43.827400000000026,-37.34389999999901,31.120000000000054,-6.223899999998949
857,-9.999999995713438e-05,-4.973799150320701e-14,-1.4210854715202004e-14,0.0,0.0,0.0,-33.10210000000005,-6.877600000000324,4.440892098500626e-14,-9.999999996068709e-05,23.629600000000156,-29.892800000000037,46.93159999999995,-39.97989999999997,40.66840000000008,0.6885000000000971
858,-0.00010000000000687237,-7.105427357601002e-15,-1.6342482922482304e-13,0.0,0.0,0.0,-35.71890000000005,-2.9358999999993287,-1.2434497875801753e-14,-3.268496584496461e-13,17.367999999999856,-28.43749999999993,49.19220000000002,-38.6548999999997,38.12269999999984,-0.5321999999996407
859,-1.9539925233402755e-14,1.2079226507921703e-13,-2.1316282072803006e-14,0.0,0.0,0.0,-36.30729999999993,-1.2752999999995112,0.00010000000003884679,4.263256414560601e-14,14.160300000000145,-27.067400000000006,46.6141,-37.58249999999991,33.707000000000136,-3.8754999999999953
860,3.552713678800501e-15,2.842170943040401e-14,-2.1316282072803006e-14,0.0,0.0,0.0,-37.70789999999992,-2.856100000001618,7.105427357601002e-15,-4.547473508864641e-13,15.379699999999929,-30.313399999999888,48.6837,-40.56400000000181,33.749999999999815,-6.814000000001997
861,-3.019806626980426e-14,-2.842170943040401e-14,0.0,0.0,0.0,0.0,-37.69480000000003,-10.85560000000035,1.9539925233402755e-14,1.4210854715202004e-14,27.355899999999792,-27.601300000000037,48.98589999999996,-48.55040000000052,48.74049999999983,0.19009999999907734
862,-1.4210854715202004e-14,-0.00010000000000331966,9.999999993937081e-05,0.0,0.0,0.0,-39.31809999999999,-5.735500000000304,-4.796163466380676e-14,9.999999994647624e-05,21.72430000000011,-28.98569999999993,48.39870000000009,-45.05350000000138,41.137300000000266,-3.916200000001112
863,-5.329070518200751e-15,-5.684341886080802e-14,1.1368683772161603e-13,0.0,0.0,0.0,-38.91110000000009,-10.277200000001244,0.00010000000003174137,7.531752999057062e-13,27.20180000000004,-29.94009999999986,49.15320000000003,-49.188200000000776,46.41490000000021,-2.7732999999998924
864,-2.6645352591003757e-14,-4.263256414560601e-14,-3.552713678800501e-14,0.0,0.0,0.0,-36.4149,-4.079800000000823,9.999999997134523e-05,-5.968558980384842e-13,18.079499999999843,-27.747800000000126,46.15769999999998,-40.494600000000815,36.48939999999958,-4.005200000000784
865,-0.00010000000001930687,-0.00010000000001042508,-0.00010000000002463594,0.0,0.0,0.0,-36.54350000000007,-11.850199999999603,-0.00010000000000864873,2.5579538487363607e-13,23.13250000000012,-29.543200000000134,48.178799999999946,-48.394099999999014,41.76809999999993,-6.625999999998633
866,9.99999999766743e-05,-2.842170943040401e-14,-4.263256414560601e-14,0.0,0.0,0.0,-36.172399999999996,-14.356999999999498,2.6645352591003757e-14,2.1316282072803006e-13,26.638900000000064,-29.099100000000007,47.248600000000046,-50.52929999999854,44.7884000000001,-5.740899999998668
867,-9.999999999088516e-05,0.00010000000005305765,9.999999987542196e-05,0.0,0.0,0.0,-36.57539999999999,-11.132600000001247,3.375077994860476e-14,-3.126388037344441e-13,25.0679,-29.316299999999977,48.02160000000005,-47.70790000000106,43.773200000000074,-3.934700000000987
868,-0.00010000000000864873,-2.842170943040401e-14,-7.105427357601002e-15,0.0,0.0,0.0,-37.34570000000004,-15.910100000000106,0.00010000000002285958,-6.679101716144942e-13,27.962199999999964,-29.855099999999837,49.51459999999998,-53.25580000000022,47.621699999999876,-5.634100000000338
869,2.6645352591003757e-14,-9.99999999109491e-05,-2.1316282072803006e-14,0.0,0.0,0.0,-29.856299999999948,-16.886799999999965,-1.7763568394002505e-15,4.547473508864641e-13,28.857600000000062,-27.714700000000086,48.077800000000025,-46.74319999999949,49.2207,2.4775000000011858
870,-3.197442310920451e-14,-9.99999999891088e-05,-8.526512829121202e-14,0.0,0.0,0.0,-35.67370000000004,-8.174399999999281,-1.2434497875801753e-14,3.126388037344441e-13,18.500600000000016,-28.71159999999992,47.2832000000001,-43.848199999999736,37.072200000000194,-6.775999999999989
871,-0.00010000000001220144,9.999999985410568e-05,1.2079226507921703e-13,0.0,0.0,0.0,-35.73680000000009,-8.917199999998893,-1.7763568394002505e-15,-1.2789769243681803e-13,19.633999999999915,-28.81559999999996,45.916300000000085,-44.65399999999845,36.73470000000015,-7.9192999999982945
872,2.3092638912203256e-14,1.1368683772161603e-13,-7.105427357601002e-14,0.0,0.0,0.0,-33.47870000000002,-12.111800000000386,2.3092638912203256e-14,-3.694822225952521e-13,21.3106,-30.077200000000175,47.54490000000003,-45.59050000000053,38.77829999999974,-6.812200000000793
873,-1.7763568394002505e-15,1.3500311979441904e-13,1.7763568394002505e-13,0.0,0.0,0.0,-34.3491,-2.5139000000005893,-3.552713678800501e-15,-7.105427357601002e-14,17.548199999999994,-28.111500000000007,46.86589999999995,-36.863000000000696,36.302599999999934,-0.5604000000007616
874,-9.999999997845066e-05,-9.999999999621423e-05,-2.2026824808563106e-13,0.0,0.0,0.0,-39.214900000000085,-10.44570000000019,5.329070518200751e-15,1.7053025658242404e-13,23.463400000000103,-30.15749999999997,47.537800000000054,-49.66080000000076,40.8437000000003,-8.817100000000686
875,0.00010000000001131326,2.842170943040401e-14,-2.1316282072803006e-14,0.0,0.0,0.0,-37.11060000000005,-12.238299999999548,3.907985046680551e-14,5.400124791776761e-13,23.277900000000127,-29.382600000000053,48.56420000000009,-49.34879999999872,42.459500000000276,-6.8892999999984355
876,3.552713678800501e-14,1.1368683772161603e-13,0.00010000000000331966,0.0,0.0,0.0,-34.358200000000004,-11.626099999999038,9.999999999976694e-05,0.0001000000002733259,20.918099999999978,-27.27519999999999,45.85750000000005,-45.98399999999738,39.500399999999814,-6.483599999996663
877,9.999999999266151e-05,-2.1316282072803006e-14,7.105427357601002e-15,0.0,0.0,0.0,-38.42119999999996,-9.868799999999926,-0.00010000000001042508,0.00010000000006016307,20.99480000000012,-28.05480000000005,47.25560000000005,-48.28989999999965,40.19560000000023,-8.094299999999642
878,3.197442310920451e-14,5.684341886080802e-14,9.999999988963282e-05,0.0,0.0,0.0,-37.28360000000006,-10.748300000000771,-1.7763568394002505e-15,4.973799150320701e-13,20.595099999999828,-28.00280000000008,45.220899999999986,-48.03179999999985,37.81319999999974,-10.218599999999654
879,-1.7763568394002505e-15,3.552713678800501e-14,3.552713678800501e-14,0.0,0.0,0.0,-35.88160000000002,-0.9338000000011206,3.730349362740526e-14,-7.958078640513122e-13,18.019700000000032,-27.260999999999953,44.27369999999993,-36.81540000000176,35.03240000000001,-1.7830000000017563
880,-1.5987211554602254e-14,-2.842170943040401e-14,-1.4210854715202004e-13,0.0,0.0,0.0,-34.36679999999995,-15.257400000000672,-7.105427357601002e-15,9.999999973331342e-05,23.473899999999936,-27.927199999999893,45.526799999999895,-49.624100000000354,41.073499999999825,-8.550600000000756
881,0.0,-6.394884621840902e-14,1.3500311979441904e-13,0.0,0.0,0.0,-37.56290000000003,-9.87219999999877,-2.3092638912203256e-14,0.00010000000006016307,23.163699999999842,-28.68799999999996,45.750900000000016,-47.43499999999909,40.2265999999999,-7.208399999999429
882,-0.00010000000000864873,1.4210854715202004e-13,-1.4921397450962104e-13,0.0,0.0,0.0,-38.107699999999944,-7.516400000000029,-5.329070518200751e-15,2.1316282072803006e-13,16.04469999999996,-29.472299999999876,44.6694,-45.62419999999871,31.2418000000002,-14.382399999999187
883,0.00010000000004595222,7.105427357601002e-15,0.00010000000004595222,0.0,0.0,0.0,-27.48849999999998,1.2250999999991734,-1.2434497875801753e-14,0.00010000000054333213,8.502700000000004,-26.018399999999957,40.4204,-26.263099999999667,22.904700000000048,-3.358400000000074
884,1.7763568394002505e-15,-3.552713678800501e-14,-6.394884621840902e-14,0.0,0.0,0.0,-34.70059999999998,-12.357999999999755,1.5987211554602254e-14,7.105427357601002e-14,22.802699999999927,-29.26439999999998,42.929299999999905,-47.058599999999984,36.467599999999734,-10.591000000000243
885,9.999999995713438e-05,1.0658141036401503e-13,-1.1368683772161603e-13,0.0,0.0,0.0,-34.11190000000005,-11.59770000000027,3.552713678800501e-15,-1.8474111129762605e-13,19.36459999999993,-27.161800000000092,44.768699999999924,-45.70949999999988,36.97149999999999,-8.73800000000034
886,-2.842170943040401e-14,5.684341886080802e-14,-0.00010000000001753051,0.0,0.0,0.0,-28.41389999999997,-10.898399999999587,-2.842170943040401e-14,-4.263256414560601e-13,16.482800000000026,-26.207399999999907,41.58810000000007,-39.31240000000079,31.863500000000073,-7.448900000000947
887,9.999999996068709e-05,-1.9895196601282805e-13,9.999999998200337e-05,0.0,0.0,0.0,-33.70779999999993,-8.183599999999966,1.5987211554602254e-14,-6.821210263296962e-13,20.264300000000027,-27.128700000000165,44.24130000000008,-41.89120000000119,37.37689999999983,-4.514300000001583
888,0.00010000000000687237,0.00010000000005305765,-1.4210854715202004e-13,0.0,0.0,0.0,-35.0395,-10.746400000000925,-9.999999997845066e-05,-0.00010000000023069333,19.803699999999925,-29.321099999999937,46.15689999999993,-45.78590000000233,36.639499999999686,-9.146400000002181
889,-4.796163466380676e-14,-7.815970093361102e-14,-2.1316282072803006e-14,0.0,0.0,0.0,-37.18159999999992,-3.844299999999375,2.6645352591003757e-14,9.999999973331342e-05,17.965200000000006,-29.02349999999982,47.629000000000026,-41.02579999999985,36.5707000000001,-4.45509999999998
890,3.552713678800501e-15,1.4210854715202004e-14,-9.999999990384367e-05,0.0,0.0,0.0,-35.86589999999997,-7.264799999999667,-2.6645352591003757e-14,1.7053025658242404e-13,16.091799999999896,-27.75720000000004,46.263200000000005,-43.13079999999903,34.597799999999864,-8.53299999999917
891,-0.00010000000001220144,-4.263256414560601e-14,0.00010000000002463594,0.0,0.0,0.0,-37.62800000000007,-6.866999999999571,1.0658141036401503e-14,1.7053025658242404e-13,22.358700000000063,-29.387299999999954,46.732599999999934,-44.49500000000107,39.70400000000016,-4.791000000001141
892,2.4868995751603507e-14,-0.00010000000001753051,-3.552713678800501e-14,0.0,0.0,0.0,-35.22299999999989,-11.832300000000384,9.99999999891088e-05,4.121147867408581e-13,18.91470000000014,-28.02640000000003,44.82170000000002,-47.05529999999844,35.710000000000015,-11.345299999997742
893,-0.00010000000004772858,7.815970093361102e-14,-9.999999985410568e-05,0.0,0.0,0.0,-33.486399999999925,-8.62569999999847,-4.440892098500626e-14,-9.999999922172265e-05,20.98040000000005,-28.75890000000001,44.26339999999991,-42.11239999999732,36.48490000000007,-5.627499999997035
894,1.7763568394002505e-15,1.1368683772161603e-13,1.4921397450962104e-13,0.0,0.0,0.0,-36.11739999999994,-15.927900000000228,-0.00010000000001220144,9.99999997048917e-05,26.33359999999989,-30.11020000000014,45.68050000000002,-52.04530000000079,41.90389999999989,-10.14140000000046
895,1.7763568394002505e-14,4.263256414560601e-14,9.999999985410568e-05,0.0,0.0,0.0,-35.10159999999994,-6.533700000000195,-1.7763568394002505e-14,-0.000100000000458067,16.559299999999947,-28.914800000000035,45.03409999999991,-41.63530000000176,32.67859999999993,-8.956700000002058
896,3.552713678800501e-14,-9.947598300641403e-14,-9.999999981857854e-05,0.0,0.0,0.0,-33.559999999999945,-17.596799999999533,-2.6645352591003757e-14,8.526512829121202e-14,19.91359999999987,-28.158800000000035,45.16920000000003,-51.15689999999812,36.92399999999964,-14.23289999999848
897,1.7763568394002505e-14,-0.00010000000010990107,-9.237055564881302e-14,0.0,0.0,0.0,-37.72780000000009,-5.001399999998505,5.329070518200751e-15,5.400124791776761e-13,16.159900000000082,-28.569899999999983,47.160500000000006,-42.7292999999984,34.750500000000216,-7.97879999999909
898,-3.197442310920451e-14,2.842170943040401e-14,-3.552713678800501e-14,0.0,0.0,0.0,-36.342800000000025,-14.417499999998693,7.105427357601002e-15,1.4210854715202004e-14,25.09680000000005,-27.15709999999998,45.32640000000006,-50.76029999999868,43.26610000000014,-7.494199999998543
899,-0.00010000000000331966,9.999999991805453e-05,-0.00010000000013832278,0.0,0.0,0.0,-34.180700000000016,-21.77909999999906,-0.00010000000003884679,2.8421709430404007e-13,32.20520000000003,-27.903700000000107,44.40969999999992,-55.95999999999867,48.71119999999985,-7.248799999998589
900,2.1316282072803006e-14,-5.684341886080802e-14,-9.99999998327894e-05,0.0,0.0,0.0,-32.6081,-12.15390000000037,-9.999999998022702e-05,1.4210854715202004e-13,22.171700000000005,-26.46250000000007,44.87999999999999,-44.762200000000234,40.58920000000015,-4.17300000000008
901,9.999999998377973e-05,-4.263256414560601e-14,-7.105427357601002e-14,0.0,0.0,0.0,-33.35009999999998,-12.937699999999314,-1.0658141036401503e-14,-9.999999917909008e-05,19.513600000000025,-26.656099999999938,44.406200000000005,-46.28779999999908,37.26370000000009,-9.02409999999876
902,-3.907985046680551e-14,-1.4210854715202004e-14,-4.263256414560601e-14,0.0,0.0,0.0,-38.65790000000006,-9.91919999999875,-2.6645352591003757e-14,-3.552713678800501e-13,21.62440000000004,-30.951299999999947,46.74280000000002,-48.577099999998325,37.41589999999999,-11.161199999997649
903,-2.1316282072803006e-14,0.00010000000006016307,-7.105427357601002e-14,0.0,0.0,0.0,-33.42870000000003,-13.628000000000199,-1.9539925233402755e-14,-9.999999994647624e-05,22.451199999999986,-27.398100000000007,44.63740000000001,-47.05669999999995,39.690499999999986,-7.366199999999743
904,-1.0658141036401503e-14,-2.1316282072803006e-14,-7.105427357601002e-15,0.0,0.0,0.0,-33.78569999999995,-6.398100000000984,2.1316282072803006e-14,5.684341886080802e-14,16.3579000000001,-28.201300000000032,44.93590000000008,-40.183800000001156,33.09250000000015,-7.091300000000778
905,-1.9539925233402755e-14,-7.105427357601002e-15,-1.4210854715202004e-13,0.0,0.0,0.0,-37.01249999999999,-15.645400000000166,7.105427357601002e-15,-9.999999997489795e-05,22.957000000000004,-28.79190000000012,45.80010000000004,-52.658000000000186,39.965199999999925,-12.692800000000489
906,-9.999999998555609e-05,8.526512829121202e-14,-7.105427357601002e-15,0.0,0.0,0.0,-40.108400000000046,-5.315999999999388,1.9539925233402755e-14,0.0,20.36559999999998,-29.769999999999897,47.93710000000004,-45.424499999998716,38.53270000000012,-6.891799999998597
907,4.263256414560601e-14,-0.0001000000000672685,9.999999988963282e-05,0.0,0.0,0.0,-37.5094,-12.8704999999993,-7.105427357601002e-15,4.263256414560601e-13,21.034099999999803,-29.429799999999908,46.96069999999998,-50.37989999999948,38.56499999999976,-11.814899999999717
908,-1.7763568394002505e-14,-6.394884621840902e-14,7.105427357601002e-14,0.0,0.0,0.0,-36.289800000000085,-9.954699999998628,3.907985046680551e-14,2.1316282072803006e-13,23.788799999999963,-28.338299999999855,46.19590000000007,-46.244500000000286,41.64640000000007,-4.59809999999954
909,-3.375077994860476e-14,1.2079226507921703e-13,-2.842170943040401e-14,0.0,0.0,0.0,-34.979899999999994,-5.284100000000063,-9.99999999766743e-05,-2.8421709430404007e-13,16.6393999999999,-28.70209999999995,44.88189999999999,-40.26410000000078,32.81919999999994,-7.4449000000008425
910,-5.3290705182007514e-14,-1.1368683772161603e-13,-9.947598300641403e-14,0.0,0.0,0.0,-40.503700000000016,-9.8223999999983,-0.00010000000003884679,1.4210854715202004e-13,19.856799999999982,-29.02820000000016,47.3517,-50.32619999999807,38.18029999999993,-12.145899999998129
911,1.7763568394002505e-15,7.815970093361102e-14,2.842170943040401e-14,0.0,0.0,0.0,-37.67399999999998,-7.914000000000435,0.00010000000003707044,7.105427357601002e-13,16.69740000000004,-27.525699999999908,47.511900000000075,-45.58789999999985,36.68360000000021,-8.904299999999644
912,-9.999999995891073e-05,1.1368683772161603e-13,-4.263256414560601e-14,0.0,0.0,0.0,-35.662599999999976,-9.283399999999745,4.085620730620576e-14,2.7000623958883807e-13,23.199799999999865,-30.114900000000134,48.105799999999896,-44.94610000000009,41.19069999999951,-3.7554000000003427
913,-0.0001000000000264123,1.4210854715202004e-14,4.973799150320701e-14,0.0,0.0,0.0,-35.55769999999989,-8.146999999998986,8.881784197001252e-15,7.105427357601002e-14,16.192799999999867,-28.754099999999895,45.350199999999944,-43.704799999998684,32.78889999999991,-10.915899999998771
914,3.907985046680551e-14,0.00010000000013121735,0.00010000000016674448,0.0,0.0,0.0,-36.071599999999954,-7.095100000001029,-2.3092638912203256e-14,-7.105427357601002e-14,20.854200000000073,-28.730499999999992,46.058300000000095,-43.16650000000136,38.18200000000006,-4.984500000001525
915,9.999999998377973e-05,-6.394884621840902e-14,-1.3500311979441904e-13,0.0,0.0,0.0,-33.42040000000002,-12.962000000001698,2.6645352591003757e-14,3.410605131648481e-13,22.38870000000004,-28.50839999999993,48.193599999999996,-46.382300000000896,42.07389999999988,-4.308400000001022
916,1.4210854715202004e-14,-2.1316282072803006e-14,-4.263256414560601e-14,0.0,0.0,0.0,-39.65099999999998,-18.472100000000633,4.085620730620576e-14,2.842170943040401e-14,33.25120000000001,-31.711999999999797,48.48410000000002,-58.12309999999992,50.02330000000035,-8.099799999999568
917,-3.375077994860476e-14,9.999999998200337e-05,3.552713678800501e-14,0.0,0.0,0.0,-39.122900000000044,-4.3418000000003865,1.2434497875801753e-14,6.394884621840902e-13,17.06979999999998,-29.240700000000096,47.27089999999995,-43.46459999999975,35.09999999999972,-8.364600000000031
918,1.4210854715202004e-14,0.0,-0.00010000000000331966,0.0,0.0,0.0,-38.80720000000008,-6.070199999999893,-1.4210854715202004e-14,5.684341886080801e-13,17.98069999999985,-31.02209999999996,47.658900000000024,-44.87749999999846,34.6174999999998,-10.259999999998662
919,-2.042810365310288e-14,4.263256414560601e-14,-7.105427357601002e-14,0.0,0.0,0.0,-37.51380000000013,-11.50959999999948,-0.00010000000000331966,-5.542233338928781e-13,21.551199999999998,-29.500700000000045,46.74160000000001,-49.023500000000055,38.79209999999985,-10.231400000000427
920,0.0,6.394884621840902e-14,-2.1316282072803006e-14,0.0,0.0,0.0,-36.431699999999985,-12.738400000001285,-2.4868995751603507e-14,-0.0001000000003017476,20.66940000000013,-27.620099999999937,44.77970000000003,-49.1702000000014,37.82900000000011,-11.341200000001287
921,-1.9539925233402755e-14,9.999999993226538e-05,-1.5631940186722204e-13,0.0,0.0,0.0,-39.679900000000075,-6.35450000000019,-2.4868995751603507e-14,1.9895196601282805e-13,17.601600000000005,-29.69449999999992,47.861400000000046,-46.034299999999945,35.76850000000013,-10.265799999999814
922,-0.00010000000005305765,4.263256414560601e-14,1.2079226507921703e-13,0.0,0.0,0.0,-29.002199999999956,-7.476700000000108,-1.5987211554602254e-14,-5.968558980384842e-13,14.833700000000018,-27.029600000000208,45.06470000000001,-36.47900000000075,32.86879999999982,-3.610200000000937
923,9.99999999642398e-05,9.99999999891088e-05,-2.1316282072803006e-14,0.0,0.0,0.0,-33.71550000000005,-6.221499999999132,-3.197442310920451e-14,-4.263256414560601e-13,19.779699999999895,-28.39039999999995,44.08229999999996,-39.93679999999989,35.47159999999991,-4.465200000000209
924,0.0,1.4210854715202004e-14,-5.684341886080802e-14,0.0,0.0,0.0,-36.594999999999914,-7.72270000000152,-2.6645352591003757e-15,6.252776074688882e-13,19.1531000000001,-29.78410000000001,48.00479999999999,-44.317700000001025,37.37380000000008,-6.94390000000049
925,0.00010000000001753051,-1.1368683772161603e-13,-0.00010000000010990107,0.0,0.0,0.0,-34.93459999999995,-5.908900000000354,-9.99999999891088e-05,-2.5579538487363607e-13,17.774399999999954,-29.245499999999872,46.516499999999944,-40.843600000001146,35.045399999999916,-5.79820000000101
926,-1.7763568394002505e-15,-7.105427357601002e-15,-0.0001000000001454282,0.0,0.0,0.0,-37.81530000000001,-10.751399999999222,-3.197442310920451e-14,-0.0001000000003017476,23.18529999999997,-29.892899999999827,48.348400000000005,-48.56689999999914,41.64080000000026,-6.926099999998648
927,3.907985046680551e-14,-1.4210854715202004e-14,9.999999988963282e-05,0.0,0.0,0.0,-38.35599999999998,-7.05709999999932,-2.3092638912203256e-14,7.673861546209082e-13,16.047300000000103,-29.1227000000001,44.46270000000004,-45.41299999999865,31.38729999999993,-14.025699999998267
928,-4.085620730620576e-14,-1.3500311979441904e-13,4.263256414560601e-14,0.0,0.0,0.0,-37.36229999999989,-15.233999999999863,-3.197442310920451e-14,-0.00010000000000331966,27.04290000000019,-28.60769999999995,47.020799999999944,-52.596399999999704,45.45600000000019,-7.140399999999524
929,3.552713678800501e-15,1.2789769243681803e-13,-7.105427357601002e-15,0.0,0.0,0.0,-30.61860000000005,-11.739600000000333,9.999999998733244e-05,-2.984279490192421e-13,17.95959999999994,-27.412199999999906,47.08279999999995,-42.35810000000053,37.630199999999874,-4.727900000000432
930,2.4868995751603507e-14,0.00010000000000331966,1.0658141036401503e-13,0.0,0.0,0.0,-37.92350000000001,-11.39620000000021,0.0001000000000015433,-0.00010000000008858478,20.862400000000008,-30.21419999999999,47.941100000000056,-49.31960000000012,38.589299999999845,-10.730299999999822
931,4.973799150320701e-14,0.0,7.815970093361102e-14,0.0,0.0,0.0,-32.123500000000085,-10.41959999999959,-3.552713678800501e-15,1.2789769243681803e-13,20.85179999999991,-26.63739999999992,46.69699999999994,-42.54309999999931,40.91139999999993,-1.6316999999996185
932,-3.552713678800501e-14,7.815970093361102e-14,1.4210854715202004e-14,0.0,0.0,0.0,-34.780599999999914,-10.310299999999216,4.085620730620576e-14,-4.689582056016661e-13,22.22039999999983,-29.902299999999926,46.95939999999991,-45.090899999999166,39.27749999999982,-5.813399999999355
933,-1.0658141036401503e-14,3.552713678800501e-14,-7.105427357601002e-14,0.0,0.0,0.0,-33.21540000000007,-11.799799999998957,0.00010000000001753051,-2.5579538487363607e-13,21.495299999999887,-28.182399999999895,46.7006,-45.01509999999931,40.01349999999999,-5.001599999999087
934,8.881784197001252e-15,0.00010000000003884679,-5.684341886080802e-14,0.0,0.0,0.0,-37.12830000000002,-12.88649999999997,-3.019806626980426e-14,-4.121147867408581e-13,22.703900000000075,-29.089600000000054,47.91290000000005,-50.01470000000056,41.52720000000007,-8.487500000000026
935,7.105427357601002e-15,-7.105427357601002e-14,2.0605739337042905e-13,0.0,0.0,0.0,-37.93590000000001,-6.331399999999679,-2.4868995751603507e-14,-4.263256414560601e-14,19.159999999999947,-31.008100000000148,48.00060000000002,-44.267300000001555,36.15249999999982,-8.114800000001509
936,1.7763568394002505e-14,0.00010000000008858478,1.1368683772161603e-13,0.0,0.0,0.0,-31.97000000000002,-7.773700000001597,2.842170943040401e-14,7.105427357601002e-14,21.445200000000053,-28.834499999999977,45.5668,-39.74360000000159,38.17749999999997,-1.5661000000013985
937,1.2434497875801753e-14,-1.4210854715202004e-14,0.0,0.0,0.0,0.0,-35.23039999999999,-9.726700000000104,3.197442310920451e-14,3.552713678800501e-13,21.725400000000093,-28.262799999999977,47.28730000000001,-44.95710000000028,40.7498999999999,-4.207200000000384
938,4.440892098500626e-14,-7.815970093361102e-14,2.842170943040401e-14,0.0,0.0,0.0,-35.523699999999984,-6.307399999999273,-1.0658141036401503e-14,-9.999999961962658e-05,18.384300000000174,-28.15880000000019,46.169499999999985,-41.831199999999,36.39499999999997,-5.436199999999033
939,2.4868995751603507e-14,1.8474111129762605e-13,-7.105427357601002e-15,0.0,0.0,0.0,-33.6647,-4.489499999999403,5.329070518200751e-15,2.8421709430404007e-13,16.243600000000068,-27.223200000000084,45.412099999999995,-38.154199999998184,34.432499999999976,-3.721699999998208
940,-2.1316282072803006e-14,-9.99999999109491e-05,6.394884621840902e-14,0.0,0.0,0.0,-38.32779999999997,-14.087500000000244,-5.329070518200751e-15,7.247535904753022e-13,29.630299999999977,-30.114900000000148,47.534300000000044,-52.415399999999124,47.04969999999987,-5.365699999999251
941,-2.842170943040401e-14,9.999999979726226e-05,-9.237055564881302e-14,0.0,0.0,0.0,-36.42879999999999,-9.849700000001334,-2.6645352591003757e-14,7.105427357601002e-14,22.59680000000002,-29.48170000000008,47.21820000000002,-46.27840000000201,40.33329999999995,-5.94510000000205
942,9.999999999443787e-05,7.105427357601002e-14,-4.263256414560601e-14,0.0,0.0,0.0,-34.088999999999984,-10.782399999999583,-5.329070518200751e-15,2.7000623958883807e-13,18.838700000000056,-27.889499999999842,44.97070000000002,-44.87129999999989,35.919900000000126,-8.951399999999538
943,1.0658141036401503e-14,2.842170943040401e-14,-1.8474111129762605e-13,0.0,0.0,0.0,-33.70549999999998,-11.765400000000042,3.197442310920451e-14,8.526512829121202e-14,21.354900000000125,-27.927299999999953,45.77000000000004,-45.47089999999898,39.19760000000021,-6.273299999998542
944,9.99999999891088e-05,-9.999999997489795e-05,-1.4210854715202004e-14,0.0,0.0,0.0,-33.49689999999999,-12.917400000000928,-1.7763568394002505e-15,-4.689582056016661e-13,21.49300000000009,-28.017100000000063,46.275700000000015,-46.41430000000126,39.75160000000015,-6.662700000000882
945,-3.552713678800501e-15,1.2079226507921703e-13,-9.947598300641403e-14,0.0,0.0,0.0,-35.31740000000006,-7.551299999999394,3.730349362740526e-14,-3.552713678800501e-13,20.14730000000005,-29.60939999999981,47.389500000000005,-42.868699999998526,37.92740000000025,-4.941299999998044
946,-0.00010000000002818865,-5.684341886080802e-14,7.105427357601002e-14,0.0,0.0,0.0,-33.84400000000006,-13.84219999999954,-8.881784197001252e-15,7.105427357601002e-14,22.401100000000035,-31.286800000000007,47.53670000000001,-47.68630000000017,38.650999999999925,-9.035300000000248
947,4.618527782440651e-14,-1.4210854715202004e-14,1.5631940186722204e-13,0.0,0.0,0.0,-35.67639999999996,-9.909999999998448,0.00010000000002285958,3.410605131648481e-13,24.894800000000142,-27.68169999999997,47.24610000000008,-45.58629999999775,44.459200000000365,-1.127099999997391
948,0.00010000000000509601,1.4210854715202004e-14,-4.973799150320701e-14,0.0,0.0,0.0,-37.60949999999991,-5.808899999999557,1.7763568394002505e-15,-6.252776074688882e-13,18.542300000000004,-28.59349999999999,47.13939999999996,-43.418300000001025,37.0882000000002,-6.330100000000826
949,-1.7763568394002505e-14,2.1316282072803006e-14,-1.1368683772161603e-13,0.0,0.0,0.0,-35.41429999999997,-5.801100000001689,-3.019806626980426e-14,-0.00010000000035859102,20.463900000000066,-29.3354000000001,45.738300000000045,-41.2155000000016,36.866799999999785,-4.348700000001365
950,1.7763568394002505e-14,-3.552713678800501e-14,9.947598300641403e-14,0.0,0.0,0.0,-33.30939999999997,-10.215700000000034,-9.999999997134523e-05,4.121147867408581e-13,16.397599999999986,-27.03419999999997,44.13760000000004,-43.52519999999937,33.50100000000029,-10.024199999999091
951,1.4210854715202004e-14,4.263256414560601e-14,-0.00010000000013832278,0.0,0.0,0.0,-36.33739999999999,-9.832099999999276,-9.999999996956888e-05,7.105427357601002e-13,17.782699999999856,-29.89760000000004,46.37450000000003,-46.169699999998386,34.25959999999996,-11.91009999999865
952,2.4868995751603507e-14,-9.947598300641403e-14,1.2079226507921703e-13,0.0,0.0,0.0,-36.4293,-10.10819999999994,3.552713678800501e-14,-9.999999956278316e-05,18.74719999999999,-27.672099999999965,45.99140000000003,-46.53759999999919,37.06650000000005,-9.471099999998685
953,3.197442310920451e-14,-0.00010000000004595222,-9.99999999109491e-05,0.0,0.0,0.0,-38.90699999999997,-6.757299999999955,4.796163466380676e-14,1.7053025658242404e-13,18.46800000000013,-29.12270000000005,46.94389999999998,-45.664499999999634,36.28919999999983,-9.37529999999935
954,1.2434497875801753e-14,-9.999999996068709e-05,1.5631940186722204e-13,0.0,0.0,0.0,-36.83519999999997,-9.31449999999979,-9.999999999799059e-05,9.999999971910256e-05,22.250999999999905,-26.901900000000104,47.17800000000004,-46.149800000001875,42.52709999999984,-3.6227000000022613
955,-7.105427357601002e-15,0.00010000000018806077,-9.999999991805453e-05,0.0,0.0,0.0,-34.883199999999995,-8.205599999999382,4.973799150320701e-14,-3.268496584496461e-13,21.009799999999984,-29.09899999999989,45.83449999999994,-43.08879999999998,37.745300000000036,-5.343499999999942
956,-3.552713678800501e-14,-1.4921397450962104e-13,0.00010000000008858478,0.0,0.0,0.0,-38.19500000000004,-8.029500000000194,-1.7763568394002505e-15,5.258016244624741e-13,20.42959999999997,-29.02820000000004,46.87870000000004,-46.22440000000124,38.28009999999996,-7.944300000001732
957,9.999999996068709e-05,-1.4210854715202004e-14,-1.2079226507921703e-13,0.0,0.0,0.0,-33.944499999999955,-4.563100000000137,9.999999999621423e-05,8.526512829121202e-14,15.71150000000014,-26.00430000000007,45.512900000000045,-38.507400000000075,35.220100000000116,-3.2872999999999593
958,4.440892098500626e-14,-5.684341886080802e-14,8.526512829121202e-14,0.0,0.0,0.0,-36.4474,-6.953500000001679,0.00010000000000864873,-0.00010000000051491043,22.081099999999967,-30.289800000000177,47.99290000000002,-43.400900000002565,39.78419999999993,-3.616700000002652
959,-1.5987211554602254e-14,2.1316282072803006e-14,7.815970093361102e-14,0.0,0.0,0.0,-34.74410000000002,-9.811999999998719,1.5987211554602254e-14,-2.8421709430404007e-13,21.082999999999906,-28.593599999999952,48.07099999999999,-44.55609999999936,40.560399999999944,-3.9956999999994096
960,3.907985046680551e-14,-2.1316282072803006e-14,1.4210854715202004e-14,0.0,0.0,0.0,-37.16399999999995,-8.445700000000723,-0.00010000000000687237,3.836930773104541e-13,22.581400000000006,-29.51489999999994,44.97169999999996,-45.60979999999903,38.03819999999992,-7.571599999999343
961,-1.0658141036401503e-14,7.105427357601002e-14,-1.6342482922482304e-13,0.0,0.0,0.0,-35.86440000000002,-8.994399999999999,7.105427357601002e-15,-0.00010000000061438641,18.674700000000037,-28.139899999999898,43.98560000000002,-44.85890000000033,34.520400000000045,-10.33850000000006
962,-0.00010000000002285958,-7.815970093361102e-14,-9.999999989673825e-05,0.0,0.0,0.0,-35.46490000000007,-7.181599999999758,1.0658141036401503e-14,-2.984279490192421e-13,16.255000000000006,-27.865899999999918,44.54790000000008,-42.64670000000076,32.93700000000028,-9.709700000000488
963,-1.2434497875801753e-14,-4.263256414560601e-14,-0.0001000000001454282,0.0,0.0,0.0,-36.606700000000004,-6.056500000000881,-3.552713678800501e-15,6.679101716144942e-13,15.831799999999934,-29.061299999999854,44.58920000000001,-42.663300000000035,31.359699999999865,-11.303600000000166
964,7.105427357601002e-15,6.394884621840902e-14,-4.973799150320701e-14,0.0,0.0,0.0,-37.265899999999974,-10.32580000000085,-1.1546319456101628e-14,-0.00010000000015963906,23.055600000000023,-30.620500000000014,47.39480000000008,-47.59180000000052,39.82990000000021,-7.761899999999862
965,1.7763568394002505e-14,9.999999996068709e-05,-0.00010000000010279564,0.0,0.0,0.0,-31.544500000000046,-12.393500000000198,-7.105427357601002e-15,2.7000623958883807e-13,20.676400000000015,-27.407500000000056,45.146999999999984,-43.937999999999604,38.41590000000006,-5.522099999999547
966,-9.99999999891088e-05,2.1316282072803006e-14,-9.237055564881302e-14,0.0,0.0,0.0,-32.83419999999991,-7.618999999999993,-2.1316282072803006e-14,-4.263256414560601e-14,20.60689999999989,-30.26620000000004,47.8478,-40.45329999999883,38.18849999999985,-2.2647999999987576
967,0.00010000000001220144,9.237055564881302e-14,-3.552713678800501e-14,0.0,0.0,0.0,-37.87630000000009,-7.619400000000965,3.907985046680551e-14,5.684341886080802e-14,22.731699999999986,-29.226700000000015,47.1049,-45.49560000000113,40.60990000000008,-4.885700000001734
968,0.0001000000000139778,-1.2079226507921703e-13,5.684341886080802e-14,0.0,0.0,0.0,-36.36069999999993,-9.311000000000877,-1.0658141036401503e-14,-9.947598300641403e-14,21.65780000000009,-30.17629999999989,47.15620000000001,-45.67160000000034,38.63770000000032,-7.033900000000244
969,-1.2434497875801753e-14,-3.552713678800501e-14,4.263256414560601e-14,0.0,0.0,0.0,-37.71870000000002,-11.557299999999422,-1.2434497875801753e-14,7.105427357601002e-14,23.75509999999981,-27.85169999999986,47.88159999999999,-49.27599999999971,43.78499999999971,-5.491
970,0.0,9.947598300641403e-14,9.947598300641403e-14,0.0,0.0,0.0,-30.649799999999995,-16.955099999999117,0.0,0.00010000000034438017,33.85949999999985,-29.273899999999976,46.962100000000056,-47.60479999999767,51.54770000000004,3.9429000000021475
971,4.085620730620576e-14,-5.684341886080802e-14,1.3500311979441904e-13,0.0,0.0,0.0,-33.36260000000005,-16.315999999999566,-1.0658141036401503e-14,-8.526512829121202e-14,26.706399999999807,-26.523899999999962,44.729099999999974,-49.67859999999902,44.91159999999982,-4.7669999999992
972,4.796163466380676e-14,9.999999990384367e-05,-1.0658141036401503e-13,0.0,0.0,0.0,-35.228800000000014,-15.679599999999443,-4.440892098500626e-15,-6.252776074688882e-13,24.068999999999946,-27.705199999999913,47.09709999999999,-50.90830000000035,43.46090000000014,-7.447400000000442
973,-9.999999998200337e-05,0.00010000000012411192,-9.999999993937081e-05,0.0,0.0,0.0,-36.696600000000004,-13.885399999999255,-2.220446049250313e-14,-7.105427357601002e-14,23.105299999999882,-28.943200000000033,47.29809999999999,-50.582099999998704,41.46020000000007,-9.121899999998632
974,0.00010000000001575415,-1.6342482922482304e-13,-5.684341886080802e-14,0.0,0.0,0.0,-32.49949999999997,-17.459700000001092,1.2434497875801753e-14,-3.126388037344441e-13,26.221599999999963,-27.72410000000007,46.578699999999955,-49.95910000000201,45.076199999999844,-4.8829000000021665
975,-0.00010000000002108322,-4.973799150320701e-14,-0.00010000000013832278,0.0,0.0,0.0,-32.12959999999991,-13.189499999999796,2.1316282072803006e-14,9.999999996068709e-05,25.764799999999976,-27.157099999999893,46.70610000000007,-45.31919999999947,45.31380000000027,-0.005399999999205818
976,-9.999999999621423e-05,4.263256414560601e-14,-2.842170943040401e-14,0.0,0.0,0.0,-34.09050000000005,-6.333800000000661,1.5987211554602254e-14,-1.1368683772161603e-13,20.95429999999987,-28.035999999999838,44.50249999999997,-40.42440000000073,37.42080000000011,-3.003600000000162
977,-0.00010000000000864873,3.552713678800501e-14,-1.2789769243681803e-13,0.0,0.0,0.0,-35.526300000000006,-9.174299999999196,0.00010000000002818865,0.00010000000006016307,21.436599999999924,-27.043800000000026,44.59430000000008,-44.70049999999887,38.987099999999984,-5.713399999998892
978,-1.4210854715202004e-14,7.105427357601002e-15,2.842170943040401e-14,0.0,0.0,0.0,-35.60469999999997,-7.333099999999543,1.9539925233402755e-14,-0.00010000000038701273,21.557500000000044,-28.35249999999982,47.33569999999998,-42.93790000000071,40.540700000000086,-2.397200000000389
979,-2.6645352591003757e-14,-8.526512829121202e-14,2.1316282072803006e-14,0.0,0.0,0.0,-35.37389999999998,-11.256500000000315,0.0,-6.679101716144942e-13,25.022600000000114,-26.131799999999913,46.58549999999996,-46.63040000000031,45.47630000000028,-1.1541000000000352
980,9.999999999088516e-05,1.4210854715202004e-14,-7.105427357601002e-14,0.0,0.0,0.0,-35.351500000000044,-9.9424999999993,7.105427357601002e-15,-9.99999992359335e-05,21.16510000000017,-28.82969999999991,46.443600000000025,-45.29399999999899,38.77900000000028,-6.5149999999987
981,1.5987211554602254e-14,-1.4210854715202004e-13,1.7763568394002505e-13,0.0,0.0,0.0,-34.536099999999976,-12.922999999999405,0.0001000000000264123,5.400124791776761e-13,21.519400000000097,-27.279999999999987,46.23569999999994,-47.458999999999264,40.475099999999934,-6.983899999999565
982,-8.881784197001252e-15,0.00010000000003884679,-1.4210854715202004e-13,0.0,0.0,0.0,-35.48539999999995,-8.604799999999322,-3.552713678800501e-15,-7.105427357601002e-14,16.33970000000005,-27.738300000000102,45.79300000000009,-44.090100000000135,34.39440000000004,-9.695699999999867
983,0.0001000000000139778,-0.0001000000000423995,0.00010000000001042508,0.0,0.0,0.0,-37.51010000000006,-13.939500000000812,-2.6645352591003757e-14,-0.00010000000001753051,25.334400000000095,-29.49600000000006,47.14850000000004,-51.44959999999928,42.98689999999996,-8.462699999999089
984,-3.197442310920451e-14,-1.0658141036401503e-13,9.237055564881302e-14,0.0,0.0,0.0,-34.474699999999984,-5.598099999999921,1.2434497875801753e-14,-9.999999979015683e-05,19.879300000000075,-28.026499999999942,45.45369999999993,-40.07289999999979,37.30650000000006,-2.766399999999507
985,9.999999999621423e-05,5.684341886080802e-14,-6.394884621840902e-14,0.0,0.0,0.0,-40.32419999999999,-12.518800000000763,-0.0001000000000015433,1.4210854715202004e-14,28.7109999999999,-30.209400000000045,47.43090000000003,-52.84300000000074,45.932499999999884,-6.910500000001086
986,-3.552713678800501e-14,-0.00010000000005305765,0.00010000000016674448,0.0,0.0,0.0,-29.383600000000015,-6.788699999999878,3.019806626980426e-14,0.00010000000025911504,17.26919999999993,-27.37909999999998,42.963500000000025,-36.172199999999975,32.85359999999986,-3.3186000000003446
987,2.6645352591003757e-14,-5.684341886080802e-14,0.00010000000002463594,0.0,0.0,0.0,-36.809299999999915,3.8261999999999645,-0.00010000000001042508,-6.394884621840902e-13,8.639499999999988,-27.024900000000024,44.11170000000008,-32.98310000000065,25.726299999999814,-7.256800000000375
988,-3.907985046680551e-14,0.0001000000000672685,5.684341886080802e-14,0.0,0.0,0.0,-36.50240000000004,-16.638899999999982,-0.00010000000001042508,2.8421709430404007e-13,27.65589999999994,-29.30220000000007,48.093000000000075,-53.141299999999205,46.44669999999994,-6.694599999999035
989,0.00010000000003618226,9.237055564881302e-14,1.1368683772161603e-13,0.0,0.0,0.0,-41.09420000000002,-10.644400000000594,-9.999999996956888e-05,-2.7000623958883807e-13,25.625900000000158,-30.351300000000002,48.99670000000002,-51.73860000000026,44.27130000000006,-7.4673000000002006
990,0.00010000000002818865,9.999999995358166e-05,0.00010000000001753051,0.0,0.0,0.0,-39.191100000000034,-16.97010000000016,-4.796163466380676e-14,1.7053025658242404e-13,28.307700000000004,-31.70729999999981,49.8459,-56.16090000000064,46.44630000000019,-9.71459999999999
991,-2.1316282072803006e-14,1.6342482922482304e-13,-7.815970093361102e-14,0.0,0.0,0.0,-37.818499999999915,-17.56010000000043,2.3092638912203256e-14,-2.1316282072803006e-13,30.617499999999822,-28.928899999999956,47.8456,-55.37860000000053,49.53419999999998,-5.844400000001009
992,-7.105427357601002e-15,-9.947598300641403e-14,0.00010000000015963906,0.0,0.0,0.0,-39.63029999999991,-10.676199999999689,0.0,-4.689582056016661e-13,29.17219999999997,-29.477099999999993,48.892900000000076,-50.306400000001204,48.58800000000005,-1.7184000000011466
993,-0.00010000000000687237,3.552713678800501e-14,-1.7053025658242404e-13,0.0,0.0,0.0,-37.38320000000005,-15.603600000000437,-2.4868995751603507e-14,2.2737367544323206e-13,30.63679999999993,-28.158799999999815,48.89880000000004,-52.98690000000087,51.376800000000266,-1.610100000000827
994,-0.0001000000000139778,-9.999999991805453e-05,-0.00010000000018806077,0.0,0.0,0.0,-37.46059999999989,-14.819500000000613,-0.00010000000000420783,3.694822225952521e-13,26.19680000000018,-29.92129999999998,48.57500000000008,-52.28050000000027,44.850500000000395,-7.430000000000561
995,-1.2434497875801753e-14,-9.947598300641403e-14,-1.1368683772161603e-13,0.0,0.0,0.0,-38.59800000000001,-13.42960000000015,5.329070518200751e-15,-7.105427357601002e-13,26.802800000000033,-29.235999999999883,48.606500000000004,-52.02760000000109,46.173300000000154,-5.85430000000094
996,-9.999999996779252e-05,-9.99999998327894e-05,-0.00010000000012411192,0.0,0.0,0.0,-40.197999999999965,-10.950999999999926,-1.2434497875801753e-14,2.4158453015843406e-13,24.201600000000074,-29.585699999999967,48.40739999999997,-51.14929999999951,43.02330000000008,-8.125999999999664
997,1.5987211554602254e-14,-1.4210854715202004e-14,9.999999992515995e-05,0.0,0.0,0.0,-39.482199999999956,-10.699900000000412,1.4210854715202004e-14,9.999999979015683e-05,19.906999999999986,-30.748199999999933,46.737200000000065,-50.18189999999943,35.896,-14.285899999999423
998,-0.00010000000000509601,1.0658141036401503e-13,-1.5631940186722204e-13,0.0,0.0,0.0,-37.94369999999996,-10.417900000001246,-1.5987211554602254e-14,-4.689582056016661e-13,20.132499999999926,-28.002899999999975,45.01510000000004,-48.361700000001306,37.14469999999976,-11.21700000000154
999,-3.907985046680551e-14,1.4921397450962104e-13,2.1316282072803006e-14,0.0,0.0,0.0,-36.55740000000002,-14.681200000001745,2.1316282072803006e-14,-2.2737367544323206e-13,25.277799999999903,-28.957300000000146,45.72689999999995,-51.23860000000133,42.04739999999971,-9.191200000001622
1000,7.105427357601002e-15,1.0658141036401503e-13,0.00010000000001042508,0.0,0.0,0.0,-36.09450000000001,-11.931999999999078,-0.00010000000000331966,-1.4210854715202004e-13,27.879400000000107,-27.620100000000164,46.38910000000006,-48.02649999999906,46.64840000000012,-1.378099999999172
1001,2.6645352591003757e-15,1.7053025658242404e-13,9.999999988963282e-05,0.0,0.0,0.0,-35.30269999999996,-16.168200000000184,5.329070518200751e-15,1.5631940186722204e-13,34.470699999999944,-29.77479999999985,47.25939999999996,-51.47079999999873,51.955300000000165,0.4845000000016597
1002,-1.7763568394002505e-15,-5.684341886080802e-14,-9.999999997489795e-05,0.0,0.0,0.0,-31.66319999999994,-7.4492000000011025,-3.197442310920451e-14,-7.815970093361102e-13,21.24829999999997,-28.19660000000013,46.30180000000006,-39.112500000002726,39.353499999999784,0.24099999999683064
1003,9.999999999443787e-05,5.684341886080802e-14,-7.105427357601002e-15,0.0,0.0,0.0,-33.5517,-11.852499999999381,-0.00010000000001220144,2.5579538487363607e-13,23.81359999999988,-25.654500000000134,45.16069999999996,-45.40419999999841,43.31979999999982,-2.0843999999992775
1004,1.0658141036401503e-14,1.2789769243681803e-13,4.263256414560601e-14,0.0,0.0,0.0,-35.3380999999999,-16.32019999999963,3.552713678800501e-15,-1.8474111129762605e-13,32.43850000000006,-30.204699999999825,47.44809999999994,-51.65830000000021,49.68190000000017,-1.9763999999998134
1005,-2.6645352591003757e-14,-9.99999999891088e-05,1.4210854715202004e-14,0.0,0.0,0.0,-33.60229999999991,-12.488100000001058,-2.4868995751603507e-14,-0.0001000000001170065,21.304000000000027,-28.399799999999985,46.42110000000003,-46.09060000000014,39.32530000000007,-6.765299999999833
1006,-9.999999999443787e-05,4.263256414560601e-14,-7.815970093361102e-14,0.0,0.0,0.0,-30.440600000000092,-4.81650000000019,-4.796163466380676e-14,9.999999977594598e-05,16.084399999999818,-25.94280000000009,44.67449999999998,-35.25710000000001,34.816099999999594,-0.4410000000004146
1007,-2.1316282072803006e-14,-3.552713678800501e-14,9.999999985410568e-05,0.0,0.0,0.0,-35.71459999999993,-7.693600000000398,1.4210854715202004e-14,-0.00010000000048648872,15.859199999999838,-28.295799999999907,44.237000000000045,-43.408200000001116,31.800399999999975,-11.607800000000687
1008,3.552713678800501e-14,-1.4921397450962104e-13,1.4210854715202004e-14,0.0,0.0,0.0,-36.85109999999995,-11.066800000000601,1.2434497875801753e-14,5.684341886080802e-14,22.568599999999922,-29.717999999999854,45.856000000000066,-47.91790000000121,38.70660000000002,-9.21130000000096
1009,-1.2434497875801753e-14,-7.105427357601002e-14,-4.973799150320701e-14,0.0,0.0,0.0,-33.3151,-6.8040999999991705,9.999999995535802e-05,1.5631940186722204e-13,17.666799999999814,-25.829399999999872,44.58289999999998,-40.11909999999942,36.420299999999926,-3.6987999999997214
1010,-0.00010000000003174137,-9.999999997489795e-05,-1.4921397450962104e-13,0.0,0.0,0.0,-32.09400000000001,-10.62580000000148,-2.842170943040401e-14,3.694822225952521e-13,26.150399999999994,-26.561699999999988,44.288500000000006,-42.720000000001576,43.87720000000013,1.1571999999983191
1011,1.7763568394002505e-14,1.4210854715202004e-14,9.999999982568397e-05,0.0,0.0,0.0,-35.95279999999994,-1.8177000000004817,3.375077994860476e-14,-2.7000623958883807e-13,14.915300000000016,-28.739900000000098,46.27119999999999,-37.770399999999896,32.44660000000014,-5.32379999999975
1012,2.3092638912203256e-14,7.105427357601002e-14,0.00010000000012411192,0.0,0.0,0.0,-32.6836,-11.70490000000093,-1.5987211554602254e-14,2.984279490192421e-13,20.776299999999814,-27.28000000000015,44.89529999999997,-44.388399999999976,38.39159999999952,-5.996800000000455
1013,3.197442310920451e-14,4.263256414560601e-14,1.2789769243681803e-13,0.0,0.0,0.0,-31.839900000000092,-10.447699999999426,1.4210854715202004e-14,-4.121147867408581e-13,23.125899999999856,-27.785500000000027,46.31659999999994,-42.28760000000034,41.65699999999977,-0.630600000000797
1014,-3.019806626980426e-14,-1.5631940186722204e-13,4.263256414560601e-14,0.0,0.0,0.0,-35.416200000000046,-8.749300000000463,-7.105427357601002e-15,-1.4210854715202004e-13,20.61819999999994,-28.428199999999833,47.40099999999999,-44.165500000000975,39.59099999999998,-4.574500000000533
1015,1.0658141036401503e-14,-9.99999999109491e-05,5.684341886080802e-14,0.0,0.0,0.0,-37.24820000000007,-10.622300000000521,-1.4210854715202004e-14,5.684341886080802e-14,28.815799999999907,-28.787100000000102,47.49810000000002,-47.87060000000034,47.526799999999824,-0.3438000000000585
1016,1.7763568394002505e-15,-7.460698725481052e-14,2.1316282072803006e-14,0.0,0.0,0.0,-37.26530000000002,-6.9075000000015905,-9.999999999088516e-05,-9.999999929277692e-05,21.99500000000003,-29.387299999999925,46.95950000000001,-44.173000000001,39.567199999999886,-4.605800000000649
1017,-9.999999999976694e-05,1.4921397450962104e-13,-1.4210854715202004e-14,0.0,0.0,0.0,-35.45809999999995,-5.187800000000642,1.2434497875801753e-14,9.999999946330718e-05,19.935200000000105,-28.24860000000011,45.95829999999994,-40.645900000001234,37.64489999999982,-3.001000000001639
1018,0.0,-2.842170943040401e-14,-1.3500311979441904e-13,0.0,0.0,0.0,-35.27039999999997,0.48680000000027235,-2.6645352591003757e-14,-2.2737367544323206e-13,15.10390000000006,-27.634300000000025,45.4978,-34.7835999999987,32.967399999999806,-1.8161999999984317
1019,-4.440892098500626e-14,-1.8474111129762605e-13,0.00010000000020227162,0.0,0.0,0.0,-31.30009999999997,-9.9560000000005,-1.5987211554602254e-14,5.684341886080801e-13,19.500700000000105,-27.95080000000008,43.75440000000005,-41.25599999999983,35.304299999999955,-5.951699999999647
1020,1.7763568394002505e-15,0.00010000000003174137,7.815970093361102e-14,0.0,0.0,0.0,-35.267,-3.4868000000005317,4.085620730620576e-14,-3.694822225952521e-13,16.374400000000033,-28.891099999999973,45.13930000000004,-38.75370000000041,32.62260000000022,-6.131100000000195
1021,1.7763568394002505e-14,7.105427357601002e-15,7.105427357601002e-14,0.0,0.0,0.0,-37.39859999999998,2.5875000000003965,9.999999997312159e-05,-0.00010000000008858478,12.198099999999823,-27.497299999999967,43.99579999999998,-34.811099999998845,28.696599999999723,-6.114499999998891
1022,-0.0001000000000139778,-2.1316282072803006e-14,1.0658141036401503e-13,0.0,0.0,0.0,-38.18609999999998,-4.451500000000138,-0.00010000000000509601,7.958078640513122e-13,21.0676,-30.59690000000009,48.41980000000003,-42.63779999999805,38.89050000000005,-3.7472999999982264
1023,-4.263256414560601e-14,-1.0658141036401503e-13,5.684341886080802e-14,0.0,0.0,0.0,-38.4995,-13.315799999999633,-1.4210854715202004e-14,-2.842170943040401e-14,21.436599999999988,-29.755800000000036,47.125,-51.81529999999944,38.80579999999995,-13.009499999999946
1024,-1.7763568394002505e-14,1.4210854715202004e-14,-1.3500311979441904e-13,0.0,0.0,0.0,-31.81379999999993,-6.935799999999993,1.9539925233402755e-14,0.0,18.689000000000004,-25.22449999999992,44.655300000000075,-38.749600000000214,38.119800000000154,-0.6298000000000528
1025,-1.7763568394002505e-15,7.815970093361102e-14,-1.8474111129762605e-13,0.0,0.0,0.0,-35.70829999999996,-15.59309999999996,-3.552713678800501e-15,9.999999949172889e-05,32.01799999999987,-28.376099999999973,49.33879999999998,-51.30130000000213,52.98069999999988,1.6793999999970666
1026,-4.796163466380676e-14,-4.973799150320701e-14,-0.00010000000001753051,0.0,0.0,0.0,-39.439499999999974,-10.727599999999562,1.5987211554602254e-14,0.00010000000025911504,27.26089999999996,-30.54489999999992,49.02889999999994,-50.1670999999987,45.74489999999999,-4.422199999998718
1027,1.2434497875801753e-14,-9.999999989673825e-05,1.4210854715202004e-14,0.0,0.0,0.0,-29.521100000000022,-11.219400000000903,-2.3092638912203256e-14,0.0001000000001454282,19.69080000000014,-27.709900000000133,46.41559999999999,-40.74050000000116,38.39650000000012,-2.344000000001053
1028,-1.4210854715202004e-14,0.00010000000002463594,-9.999999991805453e-05,0.0,0.0,0.0,-39.589499999999944,-11.575999999999457,-3.552713678800501e-15,1.4210854715202004e-14,28.852199999999822,-32.12790000000005,48.792700000000046,-51.165499999999255,45.5169999999996,-5.648499999999665
1029,-9.999999999443787e-05,-1.3500311979441904e-13,-0.00010000000008147936,0.0,0.0,0.0,-36.98040000000003,-16.52730000000067,3.197442310920451e-14,5.258016244624741e-13,30.9228000000001,-30.49289999999992,49.638900000000035,-53.50790000000018,50.068800000000216,-3.4390999999997334
1030,1.0658141036401503e-14,-4.973799150320701e-14,-1.1368683772161603e-13,0.0,0.0,0.0,-35.19069999999999,-4.7787000000002955,-0.00010000000000509601,5.826450433232822e-13,20.191699999999948,-27.761900000000082,46.69229999999999,-39.96949999999994,39.12209999999997,-0.8473999999999648
1031,3.197442310920451e-14,1.4210854715202004e-14,-9.999999985410568e-05,0.0,0.0,0.0,-32.79509999999999,-14.69159999999907,-3.907985046680551e-14,-5.684341886080801e-13,21.835999999999956,-29.07539999999986,46.62669999999997,-47.48679999999874,39.38730000000018,-8.099499999999011
1032,3.019806626980426e-14,4.263256414560601e-14,-8.526512829121202e-14,0.0,0.0,0.0,-34.95989999999998,-7.464499999999493,-3.019806626980426e-14,1.7053025658242404e-13,20.16720000000009,-30.21890000000004,48.56989999999993,-42.42439999999901,38.518199999999865,-3.9061999999991457
1033,9.999999999443787e-05,-1.0658141036401503e-13,-1.6342482922482304e-13,0.0,0.0,0.0,-37.21569999999994,-8.707099999999954,-4.085620730620576e-14,-2.984279490192421e-13,20.289500000000064,-28.749400000000136,46.899699999999974,-45.92270000000103,38.439799999999906,-7.482900000001585
1034,-3.019806626980426e-14,9.999999993226538e-05,-8.526512829121202e-14,0.0,0.0,0.0,-33.36069999999995,-13.449399999999706,-3.730349362740526e-14,-1.5631940186722204e-13,25.888399999999937,-28.1304000000002,46.47989999999998,-46.80999999999888,44.23789999999971,-2.5720999999996152
1035,3.730349362740526e-14,3.552713678800501e-14,0.00010000000003884679,0.0,0.0,0.0,-38.205800000000046,-9.962599999999618,5.329070518200751e-15,-0.00010000000052912128,25.278199999999924,-27.275300000000087,46.818799999999996,-48.168399999999295,44.82169999999972,-3.3466999999993448
1036,7.105427357601002e-15,-2.1316282072803006e-14,-7.815970093361102e-14,0.0,0.0,0.0,-35.77339999999999,-10.788000000000508,-0.00010000000002108322,-6.963318810448982e-13,23.209799999999966,-27.199599999999975,46.33489999999999,-46.56150000000157,42.34509999999987,-4.216400000001251
1037,-4.263256414560601e-14,-2.1316282072803006e-14,-0.00010000000006016307,0.0,0.0,0.0,-31.609000000000062,-9.735599999999287,3.019806626980426e-14,4.121147867408581e-13,20.041999999999845,-26.533299999999997,43.26039999999995,-41.3447000000004,36.76909999999968,-4.575600000000492
1038,1.5987211554602254e-14,7.105427357601002e-15,-2.842170943040401e-14,0.0,0.0,0.0,-35.14409999999992,-17.24219999999896,1.7763568394002505e-14,-4.263256414560601e-14,28.204400000000003,-28.88170000000013,46.82670000000001,-52.386299999997604,46.14939999999977,-6.236899999997384
1039,-1.0658141036401503e-14,7.105427357601002e-14,1.5631940186722204e-13,0.0,0.0,0.0,-35.41740000000001,-12.424599999999053,4.085620730620576e-14,-2.2737367544323206e-13,24.32739999999999,-29.481800000000163,47.58060000000004,-47.84199999999859,42.42619999999987,-5.4157999999987325
1040,-0.00010000000000509601,-0.00010000000002463594,7.815970093361102e-14,0.0,0.0,0.0,-35.19440000000003,-10.181800000000184,3.730349362740526e-14,-3.268496584496461e-13,23.812799999999903,-29.151000000000103,48.328300000000006,-45.37640000000097,42.990099999999806,-2.386300000001391
1041,-2.3092638912203256e-14,7.105427357601002e-14,9.237055564881302e-14,0.0,0.0,0.0,-32.998799999999974,-8.762099999999574,-3.552713678800501e-15,2.8421709430404007e-13,20.570700000000127,-25.928600000000095,45.21379999999999,-41.76089999999806,39.85590000000002,-1.90499999999804
1042,-4.085620730620576e-14,4.973799150320701e-14,-9.999999995358166e-05,0.0,0.0,0.0,-36.13809999999993,-13.520800000000758,-4.440892098500626e-14,3.268496584496461e-13,24.30949999999987,-27.2090999999999,46.48650000000001,-49.65899999999996,43.58689999999986,-6.072099999999878
1043,0.0001000000000139778,1.2789769243681803e-13,-9.999999985410568e-05,0.0,0.0,0.0,-35.022900000000014,-16.543299999999565,3.375077994860476e-14,-1.2789769243681803e-13,24.795299999999987,-27.591899999999825,46.399799999999985,-51.566200000000464,43.60320000000014,-7.9630000000007755
1044,-0.00010000000003529408,8.526512829121202e-14,1.3500311979441904e-13,0.0,0.0,0.0,-31.597400000000025,-3.1290000000000973,-7.105427357601002e-15,9.999999986121111e-05,16.133200000000034,-29.042300000000104,45.1183,-34.72639999999967,32.20920000000004,-2.517199999999626
1045,2.4868995751603507e-14,1.9895196601282805e-13,-1.6342482922482304e-13,0.0,0.0,0.0,-36.09309999999991,-18.009300000000003,1.4210854715202004e-14,-7.673861546209082e-13,28.244899999999873,-28.990400000000022,47.673500000000075,-54.102400000001566,46.92800000000004,-7.174400000002208
1046,2.4868995751603507e-14,4.973799150320701e-14,0.00010000000009569021,0.0,0.0,0.0,-36.6745000000001,-17.594600000000263,1.5987211554602254e-14,-2.4158453015843406e-13,29.41729999999985,-29.49600000000015,48.17820000000003,-54.26899999999982,48.09949999999985,-6.169500000000426
1047,-3.197442310920451e-14,-0.00010000000003884679,-1.0658141036401503e-13,0.0,0.0,0.0,-34.262999999999984,-22.30770000000082,-3.019806626980426e-14,-1.5631940186722204e-13,32.58079999999988,-28.465899999999927,47.764700000000076,-56.5708000000006,51.87960000000014,-4.691200000000464
1048,2.6645352591003757e-14,-1.0658141036401503e-13,9.999999986121111e-05,0.0,0.0,0.0,-41.020300000000034,-10.301300000000076,3.552713678800501e-15,6.394884621840902e-13,24.723200000000052,-32.15620000000006,48.80109999999998,-51.321500000000995,41.36809999999997,-9.953400000000798
1049,2.4868995751603507e-14,-4.973799150320701e-14,7.105427357601002e-15,0.0,0.0,0.0,-34.074999999999925,-9.209800000000243,2.4868995751603507e-14,-1.4210854715202004e-14,19.63029999999998,-26.037300000000094,43.914200000000065,-43.284799999999265,37.50720000000007,-5.777599999998969
1050,-1.4210854715202004e-14,-7.105427357601002e-15,1.4210854715202004e-14,0.0,0.0,0.0,-38.063400000000044,-4.555699999999138,-9.999999997845066e-05,9.999999979015683e-05,20.691099999999913,-29.09440000000007,47.690199999999955,-42.61909999999891,39.28689999999968,-3.332199999999453
1051,1.4210854715202004e-14,-0.00010000000010279564,9.99999999891088e-05,0.0,0.0,0.0,-32.0866000000001,-13.353299999999482,-1.0658141036401503e-14,8.242295734817162e-13,20.81319999999988,-27.828099999999964,44.98770000000001,-45.439899999999255,37.97279999999993,-7.4670999999991
1052,0.00010000000003529408,9.237055564881302e-14,-9.999999991805453e-05,0.0,0.0,0.0,-36.89290000000007,-10.633999999999471,2.4868995751603507e-14,3.552713678800501e-13,20.201400000000003,-27.82330000000013,45.69349999999999,-47.526899999998605,38.07159999999986,-9.455299999998736
1053,-1.9539925233402755e-14,0.0,9.999999997489795e-05,0.0,0.0,0.0,-38.490600000000015,-4.159999999998735,-2.4868995751603507e-14,-5.542233338928781e-13,18.453100000000013,-30.171599999999984,46.42109999999999,-42.6504999999995,34.702599999999904,-7.947899999999585
1054,-1.9539925233402755e-14,-4.263256414560601e-14,-5.684341886080802e-14,0.0,0.0,0.0,-32.99400000000007,-11.42599999999862,-9.999999997845066e-05,-7.673861546209082e-13,21.770099999999932,-30.12909999999996,47.59119999999998,-44.420099999999664,39.23219999999995,-5.187899999999708
1055,2.398081733190338e-14,1.4210854715202004e-14,-5.684341886080802e-14,0.0,0.0,0.0,-38.621699999999976,-2.2962000000008835,2.1316282072803006e-14,8.526512829121202e-14,22.354099999999956,-28.13519999999989,46.29879999999996,-40.917900000001566,40.51770000000002,-0.4002000000015471
1056,4.263256414560601e-14,-9.237055564881302e-14,-1.0658141036401503e-13,0.0,0.0,0.0,-32.9164,-12.06209999999944,9.999999997845066e-05,-2.842170943040401e-14,23.803400000000128,-26.38219999999984,45.21829999999998,-44.978399999999596,42.639500000000155,-2.338899999999448
1057,3.375077994860476e-14,1.4210854715202004e-14,3.552713678800501e-14,0.0,0.0,0.0,-33.64019999999996,-7.596300000000912,-9.999999997489795e-05,-2.7000623958883807e-13,16.85940000000003,-28.27220000000009,45.7951,-41.236599999999996,34.38230000000005,-6.854299999999945
1058,0.0,5.684341886080802e-14,-2.1316282072803006e-14,0.0,0.0,0.0,-39.36999999999998,-13.09440000000047,2.4868995751603507e-14,3.410605131648481e-13,24.807899999999943,-28.976200000000013,49.624700000000004,-52.46440000000041,45.45639999999982,-7.00800000000082
1059,-3.552713678800501e-14,0.00010000000012411192,7.105427357601002e-15,0.0,0.0,0.0,-36.099699999999935,-11.927899999999813,-8.881784197001252e-15,-9.999999959120487e-05,23.314999999999873,-27.64369999999996,47.60909999999991,-48.02759999999874,43.280399999999716,-4.747199999998571
1060,9.99999999642398e-05,9.947598300641403e-14,-4.263256414560601e-14,0.0,0.0,0.0,-32.493700000000075,-10.345299999999042,3.375077994860476e-14,0.00010000000007437393,22.27599999999983,-25.404199999999804,44.27780000000001,-42.8387999999987,41.14960000000015,-1.6891999999980953
1061,-1.9539925233402755e-14,-2.1316282072803006e-14,-4.263256414560601e-14,0.0,0.0,0.0,-35.642300000000034,-13.362000000000211,-2.6645352591003757e-14,-3.836930773104541e-13,21.995499999999854,-28.484800000000114,46.71009999999995,-49.00430000000016,40.2207999999998,-8.78350000000058
1062,1.2434497875801753e-14,-4.973799150320701e-14,1.4210854715202004e-14,0.0,0.0,0.0,-36.98379999999998,-9.164999999999225,-3.552713678800501e-15,7.673861546209082e-13,22.62239999999997,-30.181099999999986,47.61969999999999,-46.148799999999625,40.06099999999997,-6.087799999999653
1063,-9.999999998733244e-05,1.4210854715202004e-13,5.684341886080802e-14,0.0,0.0,0.0,-34.251400000000075,-2.044900000001096,-7.993605777301127e-15,1.9895196601282805e-13,16.9679999999999,-30.001499999999822,47.62370000000002,-36.296400000000204,34.590200000000095,-1.706200000000102
1064,3.197442310920451e-14,6.394884621840902e-14,-0.00010000000009569021,0.0,0.0,0.0,-34.81559999999999,-2.312900000000319,-3.019806626980426e-14,2.8421709430404007e-13,14.155700000000124,-26.38220000000021,44.98029999999996,-37.128600000000745,32.753799999999984,-4.374800000001443
1065,-5.329070518200751e-15,-9.99999999109491e-05,-9.999999993226538e-05,0.0,0.0,0.0,-34.63880000000002,-10.360699999999163,-9.999999998733244e-05,7.389644451905042e-13,19.697199999999963,-29.118000000000144,46.1170000000001,-44.99979999999792,36.69620000000003,-8.303599999997893
1066,2.1316282072803006e-14,-9.999999995002895e-05,3.552713678800501e-14,0.0,0.0,0.0,-36.96050000000003,-11.350899999998585,0.00010000000000687237,-1.4210854715202004e-14,23.99070000000003,-27.832800000000027,48.122399999999985,-48.31139999999816,44.28029999999998,-4.031099999998631
1067,-3.197442310920451e-14,9.237055564881302e-14,-0.00010000000001753051,0.0,0.0,0.0,-34.132600000000096,-13.959200000000301,2.842170943040401e-14,-2.7000623958883807e-13,22.753300000000056,-28.645499999999956,46.0329,-48.09190000000065,40.140700000000095,-7.951200000000327
1068,-3.019806626980426e-14,9.999999999621423e-05,-6.394884621840902e-14,0.0,0.0,0.0,-34.93160000000002,-3.0338000000007064,-3.552713678800501e-15,2.1316282072803006e-13,20.97930000000005,-27.256399999999992,43.09740000000004,-37.965300000001704,36.82029999999999,-1.1450000000014953
1069,9.999999997845066e-05,-3.552713678800501e-14,-0.0001000000000672685,0.0,0.0,0.0,-36.77229999999999,-8.094200000001052,1.0658141036401503e-14,2.984279490192421e-13,15.828599999999927,-27.903600000000118,46.622099999999996,-44.86649999999982,34.54709999999969,-10.319399999999668
1070,2.1316282072803006e-14,-0.00010000000013121735,3.552713678800501e-14,0.0,0.0,0.0,-32.1156,-2.9901000000003073,-0.00010000000002285958,-2.984279490192421e-13,10.986700000000145,-27.445400000000177,43.20529999999999,-35.105900000001796,26.74659999999984,-8.359300000002186
1071,-3.552713678800501e-15,-2.1316282072803006e-14,-1.5631940186722204e-13,0.0,0.0,0.0,-33.89030000000002,-9.276100000000643,-3.2862601528904634e-14,0.00010000000038701273,15.572299999999974,-27.043699999999966,44.02430000000002,-43.166300000000504,32.55290000000002,-10.61340000000093
1072,-3.197442310920451e-14,0.0001000000000672685,-0.00010000000002463594,0.0,0.0,0.0,-30.79939999999985,-7.488300000000375,0.0001000000000139778,-3.268496584496461e-13,16.0402999999998,-26.169600000000045,44.894,-38.287599999998776,34.76469999999986,-3.5228999999993604
1073,0.00010000000003174137,1.2079226507921703e-13,-9.999999992515995e-05,0.0,0.0,0.0,-36.08260000000008,-10.66849999999971,-0.00010000000000331966,0.00010000000025911504,20.79100000000007,-28.721100000000135,47.580600000000054,-46.751099999999354,39.650499999999994,-7.100599999999368
1074,0.00010000000000864873,-0.00010000000007437393,1.4210854715202004e-14,0.0,0.0,0.0,-35.45770000000014,-7.951399999999822,2.6645352591003757e-14,4.831690603168681e-13,20.332700000000116,-28.073800000000013,46.195400000000014,-43.409099999999,38.4543,-4.9547999999987695
1075,3.552713678800501e-15,-2.842170943040401e-14,-1.4921397450962104e-13,0.0,0.0,0.0,-38.173999999999964,-8.064599999999839,-3.552713678800501e-15,0.00010000000052912128,20.742999999999967,-27.80919999999982,47.027199999999965,-46.23849999999952,39.961000000000226,-6.27749999999952
1076,-9.999999997489795e-05,1.4921397450962104e-13,-1.8474111129762605e-13,0.0,0.0,0.0,-33.27080000000003,-14.781300000000876,0.0001000000000139778,5.115907697472721e-13,25.07529999999988,-28.324100000000023,46.22330000000001,-48.052099999999484,42.97449999999975,-5.077599999999279
1077,-1.9539925233402755e-14,2.1316282072803006e-14,-9.999999999621423e-05,0.0,0.0,0.0,-33.720800000000004,-11.303400000000991,1.7763568394002505e-15,-1.5631940186722204e-13,23.117400000000103,-28.95729999999981,47.641900000000085,-45.02430000000122,41.80200000000026,-3.222300000000729
1078,-3.907985046680551e-14,-6.394884621840902e-14,1.9895196601282805e-13,0.0,0.0,0.0,-35.78189999999999,-8.820999999999316,-2.1316282072803006e-14,2.7000623958883807e-13,24.730599999999946,-28.72589999999999,46.55179999999991,-44.602899999999195,42.556499999999865,-2.0463999999993305
1079,-4.440892098500626e-14,1.0658141036401503e-13,-9.999999993937081e-05,0.0,0.0,0.0,-37.31339999999996,-8.043999999998539,7.105427357601002e-15,5.258016244624741e-13,18.408400000000015,-27.62020000000002,44.35840000000006,-45.3574999999975,35.14660000000017,-10.210899999997324
1080,-7.993605777301127e-15,-7.105427357601002e-15,9.947598300641403e-14,0.0,0.0,0.0,-34.77090000000002,-14.152100000000054,-7.105427357601002e-15,0.00010000000069965154,23.96610000000003,-27.37440000000001,43.834199999999946,-48.922899999999785,40.42589999999997,-8.496999999999822
1081,-0.00010000000001575415,-7.105427357601002e-14,1.2079226507921703e-13,0.0,0.0,0.0,-31.252199999999963,-14.506000000000881,-0.0001000000000015433,1.4210854715202004e-14,21.695599999999978,-25.47019999999992,43.632500000000036,-45.7584000000016,39.85790000000021,-5.900500000001628
1082,-1.0658141036401503e-14,9.99999999109491e-05,0.00010000000002463594,0.0,0.0,0.0,-32.850500000000096,-9.356399999999748,-2.4868995751603507e-14,4.263256414560601e-14,19.083500000000033,-28.664400000000036,46.30350000000004,-42.20669999999991,36.722600000000156,-5.484099999999529
1083,-1.5987211554602254e-14,-0.00010000000018095534,-0.00010000000003174137,0.0,0.0,0.0,-34.30750000000001,-12.250500000000216,-9.999999998377973e-05,-9.99999997048917e-05,22.986700000000216,-27.582399999999957,46.18779999999999,-46.55839999999952,41.59210000000036,-4.966299999998704
1084,-5.329070518200751e-15,0.0,1.3500311979441904e-13,0.0,0.0,0.0,-37.53689999999997,-9.48460000000042,-5.329070518200751e-15,2.5579538487363607e-13,24.94120000000006,-29.3778,48.760300000000015,-47.02149999999989,44.323699999999846,-2.6978000000000435
1085,0.00010000000001042508,9.999999996779252e-05,-2.0605739337042905e-13,0.0,0.0,0.0,-35.38079999999996,-13.74509999999949,-0.00010000000002818865,9.947598300641403e-14,23.394400000000033,-27.601299999999988,45.80290000000009,-49.125799999998705,41.59600000000014,-7.5297999999981045
1086,-9.999999995713438e-05,-1.4210854715202004e-14,0.00010000000003884679,0.0,0.0,0.0,-32.80270000000004,-8.542099999999405,-2.1316282072803006e-14,-4.405364961712621e-13,20.392100000000013,-25.52229999999995,45.3455,-41.344799999999154,40.21529999999995,-1.1294999999987425
1087,-4.085620730620576e-14,1.4210854715202004e-14,-1.2079226507921703e-13,0.0,0.0,0.0,-39.56810000000002,-10.161900000000195,-1.7763568394002505e-15,0.00010000000023069333,28.594699999999865,-30.27090000000006,49.87150000000009,-49.72990000000053,48.19530000000012,-1.5346000000004025
1088,3.907985046680551e-14,2.842170943040401e-14,-0.00010000000001753051,0.0,0.0,0.0,-29.56080000000011,-11.915600000001042,-0.00010000000002463594,-1.2789769243681803e-13,25.883099999999985,-26.542900000000145,44.914999999999985,-41.4766000000012,44.25519999999994,2.7785999999987396
1089,-3.6415315207705135e-14,-9.999999994647624e-05,9.237055564881302e-14,0.0,0.0,0.0,-38.14069999999993,-10.361900000001487,5.329070518200751e-15,2.4158453015843406e-13,23.963200000000022,-30.32279999999998,47.7069,-48.5027000000005,41.34730000000004,-7.155400000000689
1090,8.881784197001252e-15,-0.00010000000003884679,-1.7763568394002505e-13,0.0,0.0,0.0,-38.345399999999934,-13.771799999999374,-2.3092638912203256e-14,-1.5631940186722204e-13,26.144099999999924,-29.132099999999916,46.90240000000004,-52.117299999998366,43.914400000000164,-8.20289999999865
1091,0.00010000000002996501,0.00010000000001753051,-1.7763568394002505e-13,0.0,0.0,0.0,-35.79579999999999,1.9178999999992072,1.9539925233402755e-14,-2.2737367544323206e-13,11.952300000000019,-27.37919999999994,45.33519999999996,-33.87770000000066,29.908299999999922,-3.969400000000732
1092,5.329070518200751e-15,2.1316282072803006e-14,0.00010000000005305765,0.0,0.0,0.0,-38.89510000000001,-10.21899999999864,-9.999999996601616e-05,4.121147867408581e-13,25.599099999999932,-31.575000000000024,49.72269999999997,-49.1140999999992,43.74679999999988,-5.3672999999995525
1093,-5.329070518200751e-15,-1.1368683772161603e-13,-9.99999999891088e-05,0.0,0.0,0.0,-36.823499999999946,-10.988699999998989,-0.0001000000000139778,-9.999999986121111e-05,24.313000000000063,-27.3178,48.24219999999998,-47.81249999999852,45.23739999999994,-2.575099999998585
1094,2.4868995751603507e-14,-1.1368683772161603e-13,-9.947598300641403e-14,0.0,0.0,0.0,-36.30010000000009,-11.456300000000159,3.375077994860476e-14,9.999999930698777e-05,23.119000000000067,-29.099000000000018,47.064399999999985,-47.75630000000156,41.084400000000144,-6.671900000001408
1095,-9.999999997312159e-05,7.105427357601002e-15,-9.999999996779252e-05,0.0,0.0,0.0,-38.68340000000001,-11.074900000000355,-0.00010000000001575415,-2.8421709430404007e-13,21.89329999999993,-28.886400000000037,48.02189999999999,-49.758600000000484,41.02879999999976,-8.729800000000495
1096,2.842170943040401e-14,0.00010000000005305765,7.105427357601002e-15,0.0,0.0,0.0,-32.73390000000001,-14.418500000000357,-3.375077994860476e-14,-7.105427357601002e-14,26.531599999999933,-26.8547000000001,47.78360000000002,-47.152299999999585,47.46049999999974,0.3082000000001557
1097,-3.552713678800501e-15,-5.684341886080802e-14,-7.105427357601002e-14,0.0,0.0,0.0,-35.68040000000003,-15.853899999999076,-0.00010000000001575415,2.4158453015843406e-13,23.766599999999904,-29.76999999999986,48.1001,-51.5343999999986,42.09670000000027,-9.43769999999924
1098,1.687538997430238e-14,4.973799150320701e-14,-0.00010000000001753051,0.0,0.0,0.0,-38.0244000000001,-15.953500000000062,-7.105427357601002e-15,1.8474111129762605e-13,28.820200000000025,-32.12780000000002,49.37740000000007,-53.97799999999937,46.069800000000185,-7.9081999999991766
1099,-1.7763568394002505e-15,9.999999991805453e-05,-8.526512829121202e-14,0.0,0.0,0.0,-36.24949999999994,-11.470000000001026,-9.999999999443787e-05,-1.1368683772161603e-13,27.067099999999947,-28.31939999999996,45.79659999999991,-47.71950000000146,44.5442999999999,-3.1752000000020217
1100,-1.0658141036401503e-14,-6.394884621840902e-14,1.4210854715202004e-13,0.0,0.0,0.0,-33.295299999999976,-12.374599999999425,3.019806626980426e-14,-4.547473508864641e-13,21.160399999999907,-26.859400000000072,44.66010000000001,-45.669899999998506,38.96109999999996,-6.708799999998327
1101,3.552713678800501e-14,-9.237055564881302e-14,-8.526512829121202e-14,0.0,0.0,0.0,-32.98879999999999,-9.120000000000989,7.105427357601002e-15,-7.105427357601002e-14,23.477400000000003,-29.117999999999917,45.30220000000007,-42.1088000000009,39.661600000000156,-2.4472000000007412
1102,-9.999999999799059e-05,3.552713678800501e-14,1.2789769243681803e-13,0.0,0.0,0.0,-34.4817,-5.249299999999952,-0.00010000000000420783,-1.1368683772161603e-13,17.603800000000074,-28.27219999999999,44.05130000000006,-39.73119999999899,33.382900000000035,-6.34829999999851
1103,-9.999999998022702e-05,7.105427357601002e-15,1.6342482922482304e-13,0.0,0.0,0.0,-32.152099999999976,-18.27329999999994,9.99999999766743e-05,6.252776074688882e-13,24.360399999999842,-27.842199999999934,45.38110000000001,-50.42539999999849,41.89930000000003,-8.526099999998458
1104,4.263256414560601e-14,9.237055564881302e-14,-9.999999990384367e-05,0.0,0.0,0.0,-34.95989999999996,0.11369999999924474,1.5987211554602254e-14,9.999999953436145e-05,18.141200000000058,-27.638999999999918,47.35500000000004,-34.84620000000055,37.85720000000029,3.0109999999999744
1105,1.9539925233402755e-14,-2.842170943040401e-14,9.999999992515995e-05,0.0,0.0,0.0,-33.64879999999998,-15.150499999998775,1.7763568394002505e-15,-9.999999949172889e-05,24.79179999999994,-27.7477000000001,46.49779999999997,-48.79929999999901,43.5418999999997,-5.25739999999908
1106,0.0,1.5631940186722204e-13,-4.973799150320701e-14,0.0,0.0,0.0,-35.53079999999999,-0.2727999999986359,0.00010000000000509601,-4.405364961712621e-13,13.35360000000006,-27.11459999999999,43.853399999999965,-35.80349999999902,30.09240000000015,-5.711099999999092
1107,0.0,-9.999999996779252e-05,-4.263256414560601e-14,0.0,0.0,0.0,-36.63660000000002,-13.730700000000748,3.197442310920451e-14,-1.2789769243681803e-13,23.748400000000128,-28.843999999999937,47.00330000000002,-50.36740000000128,41.90770000000009,-8.459700000001185
1108,2.1316282072803006e-14,-2.842170943040401e-14,1.4210854715202004e-14,0.0,0.0,0.0,-35.41379999999999,-5.185200000000048,-3.375077994860476e-14,-9.999999927856607e-05,19.300499999999897,-28.754199999999862,47.65620000000005,-40.59909999999918,38.202500000000086,-2.396599999999104
1109,-2.4868995751603507e-14,-9.999999986831654e-05,2.842170943040401e-14,0.0,0.0,0.0,-34.4928,-10.233299999999925,-8.881784197001252e-15,-9.999999933540948e-05,23.200199999999942,-27.79490000000007,46.562500000000036,-44.72629999999994,41.96779999999991,-2.7584999999995787
1110,-3.552713678800501e-15,3.552713678800501e-14,-7.105427357601002e-15,0.0,0.0,0.0,-37.92359999999995,-4.769999999999598,-3.730349362740526e-14,-2.2737367544323206e-13,18.46509999999997,-29.755899999999947,46.0617999999999,-42.69359999999972,34.77099999999981,-7.92259999999991
1111,9.99999999891088e-05,2.842170943040401e-14,9.999999989673825e-05,0.0,0.0,0.0,-32.29880000000002,-12.433600000000416,-9.99999999891088e-05,6.110667527536862e-13,27.003899999999902,-27.22329999999988,45.69570000000008,-44.73230000000001,45.47629999999999,0.7439999999997511
1112,0.0,0.0001000000001170065,-1.0658141036401503e-13,0.0,0.0,0.0,-33.0538000000001,-7.116700000000698,2.842170943040401e-14,-3.979039320256561e-13,19.82780000000013,-28.498999999999896,43.87890000000002,-40.17040000000134,35.20770000000026,-4.962700000001078
1113,9.999999997489795e-05,-2.1316282072803006e-14,7.815970093361102e-14,0.0,0.0,0.0,-31.957400000000018,-16.995699999998966,-9.999999999621423e-05,6.394884621840902e-13,25.313400000000172,-27.89890000000004,44.799599999999984,-48.9530999999986,42.214100000000116,-6.738999999998029
1114,5.329070518200751e-15,-1.4210854715202004e-14,-7.105427357601002e-14,0.0,0.0,0.0,-35.2868,-5.744900000000417,-1.7763568394002505e-14,-6.963318810448982e-13,19.9322000000001,-28.65960000000004,45.06609999999991,-41.03170000000132,36.33869999999975,-4.6930000000011205
1115,-1.2434497875801753e-14,1.4210854715202004e-14,0.0,0.0,0.0,0.0,-30.370500000000085,6.600600000000384,0.00010000000003884679,1.4210854715202004e-14,10.348800000000097,-25.097100000000097,40.68680000000006,-23.769799999999478,25.938500000000175,2.1687000000006975
1116,2.220446049250313e-14,-2.1316282072803006e-14,-9.999999984700025e-05,0.0,0.0,0.0,-35.49359999999997,-5.227399999999342,7.105427357601002e-15,-5.968558980384842e-13,18.441499999999998,-27.879999999999995,44.14159999999998,-40.72109999999981,34.70309999999987,-6.017999999999482
1117,3.197442310920451e-14,-9.999999996779252e-05,-5.684341886080802e-14,0.0,0.0,0.0,-35.31739999999999,-0.06150000000099709,2.4868995751603507e-14,9.947598300641403e-14,13.164500000000057,-26.821599999999997,44.56640000000001,-35.37900000000165,30.90930000000007,-4.469700000001588
1118,-0.00010000000002108322,6.394884621840902e-14,1.1368683772161603e-13,0.0,0.0,0.0,-29.45529999999995,-17.82989999999987,-1.0658141036401503e-14,1.9895196601282805e-13,23.0724,-29.37319999999992,46.80869999999999,-47.285299999999424,40.507899999999836,-6.777399999999588
1119,0.0,2.1316282072803006e-14,5.684341886080802e-14,0.0,0.0,0.0,-32.29959999999991,-14.10250000000028,9.999999999976694e-05,-9.947598300641403e-14,20.34810000000014,-26.306600000000188,42.4109,-46.40200000000077,36.452399999999955,-9.949600000001041
1120,3.552713678800501e-15,5.684341886080802e-14,-9.999999991805453e-05,0.0,0.0,0.0,-37.294300000000035,-6.969199999999617,-1.9539925233402755e-14,4.263256414560601e-13,19.97960000000002,-29.415600000000033,46.017900000000026,-44.26359999999934,36.581900000000125,-7.681699999998983
1121,-2.842170943040401e-14,-2.842170943040401e-14,-5.684341886080802e-14,0.0,0.0,0.0,-31.84059999999994,-7.5501999999996485,-1.2434497875801753e-14,2.842170943040401e-14,21.27219999999995,-27.950899999999933,44.11259999999996,-39.39080000000014,37.43389999999997,-1.956899999999706
1122,0.0,-0.00010000000008147936,7.105427357601002e-15,0.0,0.0,0.0,-37.64690000000003,-4.136800000000338,9.999999995358166e-05,8.668621376273222e-13,17.736499999999943,-28.67380000000005,45.38370000000005,-41.783699999999115,34.446400000000054,-7.337299999999516
1123,-1.4210854715202004e-14,-1.0658141036401503e-13,-9.237055564881302e-14,0.0,0.0,0.0,-33.58180000000007,-6.853899999999623,8.881784197001252e-15,-4.973799150320701e-13,22.962699999999977,-27.624899999999926,48.33039999999997,-40.435700000000296,43.66820000000002,3.2324999999997317
1124,-1.4210854715202004e-14,9.999999988252739e-05,0.00010000000005305765,0.0,0.0,0.0,-39.77369999999991,-9.81620000000082,-1.5987211554602254e-14,-3.126388037344441e-13,25.557200000000147,-30.20949999999997,48.887799999999935,-49.5897000000015,44.235500000000116,-5.354200000001391
1125,1.5987211554602254e-14,-9.999999999621423e-05,-0.00010000000006016307,0.0,0.0,0.0,-38.342099999999924,-3.4147999999993814,-9.999999999266151e-05,2.4158453015843406e-13,16.259200000000032,-28.777800000000006,47.11810000000009,-41.75719999999957,34.59950000000023,-7.157699999999345
1126,9.999999999621423e-05,1.0658141036401503e-14,9.999999981857854e-05,0.0,0.0,0.0,-36.21119999999998,-14.287299999999277,9.999999998022702e-05,-1.2789769243681803e-13,29.98129999999992,-29.103800000000007,50.52389999999992,-50.49820000000038,51.40139999999983,0.9031999999996785
1127,1.0658141036401503e-14,9.999999988963282e-05,3.552713678800501e-14,0.0,0.0,0.0,-36.698199999999986,-8.314700000001267,-5.329070518200751e-15,-1.8474111129762605e-13,23.057399999999937,-27.43589999999996,47.22230000000001,-45.01280000000115,42.84379999999999,-2.169000000000935
1128,-2.6645352591003757e-14,-1.6342482922482304e-13,7.105427357601002e-14,0.0,0.0,0.0,-38.50359999999994,-4.549500000000286,0.00010000000003707044,2.1316282072803006e-13,20.350899999999935,-28.924200000000084,48.440100000000015,-43.0529999999997,39.86679999999987,-3.1862000000000563
1129,-7.105427357601002e-15,-2.842170943040401e-14,2.842170943040401e-14,0.0,0.0,0.0,-38.25330000000004,-14.244200000001108,2.6645352591003757e-14,2.7000623958883807e-13,22.184799999999843,-29.108499999999978,48.41509999999998,-52.49750000000033,41.49140000000007,-11.006100000000714
1130,5.329070518200751e-15,3.552713678800501e-14,4.973799150320701e-14,0.0,0.0,0.0,-33.21390000000003,-11.56890000000067,-9.999999995002895e-05,-5.258016244624741e-13,21.074100000000133,-27.492600000000067,44.44079999999999,-44.78290000000074,38.02230000000006,-6.7606000000004585
1131,4.263256414560601e-14,1.5631940186722204e-13,-3.552713678800501e-14,0.0,0.0,0.0,-34.86419999999993,-12.284500000001003,2.3092638912203256e-14,-7.105427357601002e-14,24.923900000000035,-28.12099999999991,45.79459999999998,-47.148700000001085,42.59750000000011,-4.551200000000982
1132,-1.4210854715202004e-14,3.552713678800501e-14,5.684341886080802e-14,0.0,0.0,0.0,-35.126500000000064,-5.531299999999177,2.1316282072803006e-14,-2.7000623958883807e-13,20.166899999999956,-27.369799999999984,45.139900000000026,-40.657800000000194,37.937,-2.720800000000196
1133,-3.552713678800501e-14,-2.1316282072803006e-14,-7.105427357601002e-14,0.0,0.0,0.0,-35.561499999999945,-23.297299999999268,4.085620730620576e-14,9.999999946330718e-05,31.071099999999987,-28.947899999999983,47.28769999999994,-58.858699999998635,49.410900000000055,-9.447799999998814
1134,-0.00010000000000864873,9.999999997489795e-05,5.684341886080802e-14,0.0,0.0,0.0,-31.659699999999994,-16.421899999999308,8.881784197001252e-15,-0.00010000000020227162,25.95360000000015,-27.95560000000001,45.71739999999993,-48.08170000000021,43.715400000000066,-4.366300000000379
1135,-1.9539925233402755e-14,-1.4210854715202004e-13,-9.999999995358166e-05,0.0,0.0,0.0,-35.55139999999999,-17.731099999999586,0.00010000000004417586,-5.258016244624741e-13,26.836800000000014,-28.77780000000007,45.535200000000025,-53.28250000000051,43.59419999999997,-9.688300000001
1136,9.999999998022702e-05,-0.00010000000013832278,-1.7053025658242404e-13,0.0,0.0,0.0,-36.40180000000001,-12.669200000000927,5.1514348342607263e-14,5.684341886080801e-13,23.997599999999853,-27.80439999999993,46.98350000000005,-49.07100000000071,43.17670000000008,-5.894300000000854
1137,1.0658141036401503e-14,0.0,5.684341886080802e-14,0.0,0.0,0.0,-32.35869999999997,0.7836999999984791,1.0658141036401503e-14,0.00010000000033016931,13.53139999999986,-28.5557000000001,43.03960000000004,-31.574900000000625,28.01530000000003,-3.559600000000593
1138,1.7763568394002505e-14,3.552713678800501e-14,-0.00010000000008858478,0.0,0.0,0.0,-35.27550000000007,-9.662699999999848,-1.5987211554602254e-14,1.4210854715202004e-14,22.438499999999927,-29.273899999999912,47.040500000000016,-44.938300000000865,40.205100000000144,-4.733200000000721
1139,4.796163466380676e-14,-1.5631940186722204e-13,0.00010000000006016307,0.0,0.0,0.0,-29.226700000000065,2.806599999998806,2.4868995751603507e-14,2.1316282072803006e-13,6.481699999999872,-25.323799999999963,40.5996,-26.42000000000091,21.75749999999991,-4.662500000000996
1140,-0.00010000000001575415,-4.263256414560601e-14,1.2789769243681803e-13,0.0,0.0,0.0,-33.688200000000066,-4.729599999999756,-0.00010000000000864873,-2.4158453015843406e-13,19.47859999999984,-28.560500000000005,45.00280000000006,-38.41800000000096,35.92089999999989,-2.497100000001062
1141,-0.00010000000002996501,-9.237055564881302e-14,1.9895196601282805e-13,0.0,0.0,0.0,-28.381300000000042,2.106499999998718,0.00010000000001575415,-3.552713678800501e-13,9.118299999999888,-25.6026000000002,41.636499999999984,-26.274800000001065,25.152199999999556,-1.122600000001512
1142,0.00010000000003707044,-6.394884621840902e-14,-7.815970093361102e-14,0.0,0.0,0.0,-33.11040000000003,-9.83639999999976,1.7763568394002505e-15,9.999999976173513e-05,18.668799999999955,-24.960000000000072,42.90259999999994,-42.946600000000586,36.611399999999826,-6.335200000000988
1143,-0.00010000000002463594,9.999999993226538e-05,-3.552713678800501e-14,0.0,0.0,0.0,-32.94860000000002,-9.670500000000052,3.552713678800501e-15,8.526512829121202e-14,20.646600000000053,-27.648499999999963,44.420500000000004,-42.61910000000077,37.41860000000021,-5.200500000000574
1144,1.0658141036401503e-14,0.00010000000006016307,4.973799150320701e-14,0.0,0.0,0.0,-30.692900000000026,1.0896999999995813,-2.4868995751603507e-14,-2.4158453015843406e-13,8.98169999999999,-26.254700000000135,40.71619999999995,-29.603100000000822,23.443199999999692,-6.15990000000113
1145,-1.7763568394002505e-15,9.999999990384367e-05,-9.99999998327894e-05,0.0,0.0,0.0,-34.223999999999975,4.248899999999878,2.1316282072803006e-14,-0.00010000000010279564,13.358600000000006,-27.927300000000052,44.283100000000054,-29.975200000000157,29.714400000000122,-0.2607999999998114
1146,1.2434497875801753e-14,3.552713678800501e-15,-7.105427357601002e-15,0.0,0.0,0.0,-26.29190000000007,5.687799999998912,1.9539925233402755e-14,-1.1368683772161603e-13,7.518799999999992,-24.175600000000067,39.62980000000005,-20.60410000000057,22.972999999999978,2.368899999999634
1147,3.019806626980426e-14,-7.105427357601002e-14,1.7053025658242404e-13,0.0,0.0,0.0,-32.136800000000044,-3.053999999999405,-9.999999999621423e-05,-3.410605131648481e-13,12.709800000000037,-26.500299999999953,40.12409999999996,-35.1908999999992,26.33360000000016,-8.857299999998823
1148,9.999999998733244e-05,-3.552713678800501e-14,4.263256414560601e-14,0.0,0.0,0.0,-35.698099999999926,-6.886900000001216,-1.2434497875801753e-14,1.2789769243681803e-13,17.5344999999999,-27.402799999999928,43.7388000000001,-42.58490000000181,33.87050000000029,-8.714400000001518
1149,8.881784197001252e-15,1.1368683772161603e-13,7.105427357601002e-15,0.0,0.0,0.0,-36.21669999999994,2.948300000000607,1.2434497875801753e-14,9.999999993226538e-05,11.667600000000093,-29.358899999999956,44.72400000000004,-33.268300000000224,27.032700000000062,-6.235600000000154
1150,2.1316282072803006e-14,-1.4210854715202004e-14,-1.1368683772161603e-13,0.0,0.0,0.0,-31.34089999999997,-1.8233999999997188,0.00010000000002818865,-1.8474111129762605e-13,18.165100000000074,-27.969799999999857,44.35680000000001,-33.16420000000029,34.55210000000011,1.3878999999993624
1151,2.842170943040401e-14,-5.684341886080802e-14,4.973799150320701e-14,0.0,0.0,0.0,-36.67579999999997,-2.5451000000006125,-9.999999998200337e-05,-2.842170943040401e-14,18.422799999999825,-29.363599999999927,45.11589999999995,-39.22100000000063,34.17509999999973,-5.0459000000008984
1152,-4.796163466380676e-14,-5.684341886080802e-14,7.105427357601002e-15,0.0,0.0,0.0,-32.88959999999998,-3.8808000000003027,0.0,1.7053025658242404e-13,18.146000000000125,-27.08150000000004,42.543299999999945,-36.77040000000015,33.60779999999991,-3.162599999999557
1153,-9.999999999266151e-05,-7.815970093361102e-14,-9.999999999621423e-05,0.0,0.0,0.0,-35.27879999999995,2.952600000000345,-2.3092638912203256e-14,1.9895196601282805e-13,9.031499999999934,-26.495600000000152,43.37399999999998,-32.32639999999921,25.909899999999762,-6.416499999999445
1154,-7.105427357601002e-15,1.4210854715202004e-14,4.973799150320701e-14,0.0,0.0,0.0,-37.697299999999935,-5.238199999998248,-6.750155989720952e-14,3.979039320256561e-13,20.687000000000012,-29.05650000000002,45.42829999999999,-42.935499999997575,37.0588000000001,-5.876699999997257
1155,9.999999997845066e-05,0.0001000000001454282,7.105427357601002e-15,0.0,0.0,0.0,-31.616800000000104,-7.559500000000238,1.7763568394002505e-15,9.999999990384367e-05,17.422600000000113,-29.94960000000013,43.38670000000006,-39.17599999999982,30.859700000000156,-8.316299999999657
1156,-9.999999998377973e-05,4.973799150320701e-14,3.552713678800501e-14,0.0,0.0,0.0,-31.462599999999988,6.570799999999487,-3.552713678800501e-14,2.8421709430404007e-13,7.254799999999996,-26.519199999999827,44.80649999999993,-24.891900000000703,25.542100000000097,0.6501999999996215
1157,3.552713678800501e-15,-1.4210854715202004e-14,0.0,0.0,0.0,0.0,-30.159499999999895,-18.81740000000154,9.999999996601616e-05,-8.526512829121202e-14,29.06379999999999,-29.392100000000006,45.47780000000007,-48.976800000001006,45.14950000000006,-3.8273000000007187
1158,7.105427357601002e-15,5.684341886080802e-14,7.815970093361102e-14,0.0,0.0,0.0,-35.28939999999997,-4.235399999999778,-1.4210854715202004e-14,1.4210854715202004e-13,21.281199999999842,-28.70690000000002,45.77299999999999,-39.524799999999246,38.347299999999926,-1.1774999999988651
1159,9.999999998555609e-05,1.2789769243681803e-13,-2.842170943040401e-14,0.0,0.0,0.0,-32.51730000000013,-1.307600000000246,1.7763568394002505e-14,1.1368683772161603e-13,13.150000000000116,-27.31310000000002,44.75150000000005,-33.82479999999943,30.588400000000146,-3.2363999999997333
1160,9.999999999976694e-05,1.5276668818842154e-13,-1.4210854715202004e-13,0.0,0.0,0.0,-34.69739999999998,0.31310000000109284,-3.019806626980426e-14,-9.999999944909632e-05,11.914000000000101,-26.698800000000126,45.80370000000005,-34.38429999999774,31.018900000000023,-3.365399999997713
1161,2.4868995751603507e-14,-0.00010000000009569021,2.1316282072803006e-14,0.0,0.0,0.0,-33.88349999999995,-1.6320000000007902,0.0,0.00010000000025911504,12.911200000000004,-28.678500000000092,45.13270000000001,-35.5155000000007,29.36539999999992,-6.150100000001238
1162,-1.0658141036401503e-14,4.973799150320701e-14,7.105427357601002e-14,0.0,0.0,0.0,-32.832300000000046,3.642299999999107,2.842170943040401e-14,9.999999950593974e-05,10.277300000000057,-26.21209999999992,44.49360000000003,-29.189900000001458,28.55880000000005,-0.631100000001183
1163,0.00010000000004595222,1.2789769243681803e-13,-9.237055564881302e-14,0.0,0.0,0.0,-35.227799999999924,0.7064000000004711,3.552713678800501e-15,9.999999974752427e-05,12.099700000000006,-30.157499999999885,45.38580000000007,-34.52120000000001,27.328000000000415,-7.193199999999592
1164,4.618527782440651e-14,-2.842170943040401e-14,-6.394884621840902e-14,0.0,0.0,0.0,-35.58120000000001,7.946600000000316,-1.2434497875801753e-14,-2.5579538487363607e-13,8.208000000000034,-27.790299999999952,42.83980000000005,-27.634600000000304,23.257500000000014,-4.377099999999835
1165,8.881784197001252e-15,-1.7053025658242404e-13,0.00010000000001042508,0.0,0.0,0.0,-33.79869999999991,-2.2705000000006876,-5.329070518200751e-15,1.4210854715202004e-14,13.399499999999982,-26.963399999999908,42.80109999999996,-36.06910000000137,29.237200000000037,-6.831900000001099
1166,-1.0658141036401503e-14,-9.999999995358166e-05,-1.1368683772161603e-13,0.0,0.0,0.0,-34.14170000000002,-15.156199999998979,-1.4210854715202004e-14,0.00010000000035859102,25.082600000000213,-28.640700000000024,45.8557,-49.297899999997995,42.297600000000074,-7.000299999998148
1167,3.552713678800501e-15,-8.526512829121202e-14,-7.105427357601002e-14,0.0,0.0,0.0,-35.225700000000025,-2.7810000000003257,9.999999999266151e-05,6.394884621840902e-13,14.062400000000189,-26.273499999999927,43.714700000000015,-38.00659999999999,31.503600000000276,-6.502999999999709
1168,0.0,-2.842170943040401e-14,-8.526512829121202e-14,0.0,0.0,0.0,-31.33889999999997,0.40060000000021034,3.197442310920451e-14,-1.7053025658242404e-13,10.299999999999947,-28.475399999999894,43.00509999999994,-30.93830000000034,24.829700000000223,-6.108600000000564
1169,-9.999999997845066e-05,-0.00010000000008858478,-3.552713678800501e-14,0.0,0.0,0.0,-37.15009999999996,-8.527099999999457,1.0658141036401503e-14,1.2789769243681803e-13,22.737299999999983,-27.91320000000006,47.59800000000008,-45.67739999999891,42.42209999999989,-3.255299999999025
1170,4.263256414560601e-14,9.999999992515995e-05,1.2789769243681803e-13,0.0,0.0,0.0,-32.57529999999999,-5.363599999999952,1.9539925233402755e-14,-4.263256414560601e-13,18.678999999999895,-27.620200000000004,44.57169999999998,-37.93880000000058,35.630499999999756,-2.3083000000005995
1171,1.4210854715202004e-14,7.105427357601002e-15,-9.237055564881302e-14,0.0,0.0,0.0,-37.02539999999993,-1.650899999999023,0.0,1.2789769243681803e-13,15.55459999999988,-29.495999999999995,44.75540000000001,-38.676299999999586,30.81400000000012,-7.8622999999999195
1172,-9.999999999621423e-05,-6.394884621840902e-14,-8.526512829121202e-14,0.0,0.0,0.0,-29.73720000000004,-10.400600000000086,-4.085620730620576e-14,7.105427357601002e-14,20.7827000000001,-26.145999999999894,43.85270000000001,-40.1379000000007,38.48940000000022,-1.6485000000004817
1173,9.999999997489795e-05,9.237055564881302e-14,-1.7053025658242404e-13,0.0,0.0,0.0,-36.7117000000001,-7.130999999999368,5.329070518200751e-15,1.4210854715202004e-13,23.863900000000086,-27.284699999999866,44.43810000000002,-43.84259999999949,41.01730000000024,-2.8252999999992596
1174,0.00010000000003174137,1.4210854715202004e-14,1.4210854715202004e-13,0.0,0.0,0.0,-33.998299999999965,-17.14380000000053,0.00010000000002285958,3.552713678800501e-13,27.406999999999993,-26.193200000000033,45.497699999999995,-51.14189999999982,46.71149999999996,-4.4304000000003185
1175,-9.999999998022702e-05,9.947598300641403e-14,-1.5631940186722204e-13,0.0,0.0,0.0,-35.35509999999995,-13.550900000001192,0.00010000000001220144,2.5579538487363607e-13,27.232799999999944,-29.382600000000046,47.998499999999986,-48.90600000000124,45.848699999999766,-3.057300000001014
1176,3.730349362740526e-14,-8.526512829121202e-14,1.1368683772161603e-13,0.0,0.0,0.0,-34.937699999999964,-16.417999999998337,1.5987211554602254e-14,-8.526512829121202e-14,29.79900000000006,-28.49420000000002,46.522699999999965,-51.355699999998265,47.82749999999977,-3.5281999999984848
1177,-3.552713678800501e-15,-5.684341886080802e-14,8.526512829121202e-14,0.0,0.0,0.0,-38.25960000000001,-4.6889000000006185,2.4868995751603507e-14,-7.673861546209082e-13,19.13880000000009,-28.782500000000155,46.54020000000008,-42.94850000000298,36.89650000000001,-6.052000000003424
1178,1.9539925233402755e-14,-6.394884621840902e-14,-0.00010000000003174137,0.0,0.0,0.0,-33.38320000000005,-1.8232000000002166,-8.881784197001252e-15,-4.263256414560601e-14,14.891400000000022,-26.22160000000001,43.365399999999966,-35.20649999999961,32.035199999999975,-3.1712999999994054
1179,-8.881784197001252e-15,-9.237055564881302e-14,-5.684341886080802e-14,0.0,0.0,0.0,-35.21630000000006,-10.90810000000068,5.329070518200751e-15,-9.999999961962658e-05,22.435500000000197,-27.861100000000008,46.853300000000104,-46.12449999999977,41.42770000000029,-4.696799999999477
1180,1.7763568394002505e-14,0.00010000000005305765,7.105427357601002e-15,0.0,0.0,0.0,-33.89360000000004,0.012200000000781586,0.00010000000002108322,9.999999977594598e-05,15.787299999999899,-27.024799999999935,45.98829999999999,-33.881099999998824,34.75079999999984,0.8697000000007833
1181,-2.1316282072803006e-14,-9.999999995358166e-05,-4.263256414560601e-14,0.0,0.0,0.0,-36.48490000000001,-6.005000000000901,1.0658141036401503e-14,2.1316282072803006e-13,20.447400000000037,-27.89889999999994,45.73330000000006,-42.49000000000076,38.28180000000027,-4.208200000000495
1182,-8.881784197001252e-15,2.1316282072803006e-14,-7.815970093361102e-14,0.0,0.0,0.0,-32.38299999999999,-8.220800000000198,9.999999999621423e-05,3.694822225952521e-13,21.67220000000021,-27.194900000000125,43.923100000000034,-40.603700000000146,38.400400000000005,-2.203300000000141
1183,-9.999999996068709e-05,-9.999999993226538e-05,1.7763568394002505e-13,0.0,0.0,0.0,-32.421200000000034,-4.913799999999544,-8.881784197001252e-15,-5.684341886080802e-14,16.11449999999987,-28.470599999999912,44.17520000000008,-37.33519999999908,31.81910000000004,-5.516099999998353
1184,3.552713678800501e-15,-1.8474111129762605e-13,-1.5631940186722204e-13,0.0,0.0,0.0,-36.618599999999965,-13.202599999998988,-1.7763568394002505e-15,-1.4210854715202004e-13,21.270600000000154,-27.445299999999946,46.57850000000007,-49.82119999999898,40.40380000000016,-9.417399999998814
1185,5.329070518200751e-15,4.263256414560601e-14,-8.526512829121202e-14,0.0,0.0,0.0,-34.80789999999994,-1.7758999999996767,5.329070518200751e-15,7.105427357601002e-14,22.223900000000132,-29.58570000000011,47.247399999999985,-36.58379999999963,39.88560000000001,3.301800000000611
1186,3.197442310920451e-14,0.00010000000001042508,-1.4921397450962104e-13,0.0,0.0,0.0,-35.30379999999993,-15.695199999999922,-2.4868995751603507e-14,-0.0001000000002733259,26.90210000000016,-27.752400000000037,46.28280000000001,-50.9990000000018,45.432500000000246,-5.566500000002236
1187,0.0001000000000015433,-7.105427357601002e-15,7.105427357601002e-15,0.0,0.0,0.0,-37.21920000000008,-14.35589999999942,-3.019806626980426e-14,2.2737367544323206e-13,24.79799999999997,-27.941499999999905,48.626300000000015,-51.574999999999065,45.482800000000196,-6.092199999999096
1188,-8.881784197001252e-15,-9.999999987542196e-05,1.4210854715202004e-13,0.0,0.0,0.0,-29.497500000000045,-10.408500000000874,-2.3092638912203256e-14,-1.9895196601282805e-13,21.026099999999932,-26.509800000000006,43.424399999999984,-39.906100000000436,37.940700000000135,-1.9654000000002938
1189,-1.4210854715202004e-14,-1.2079226507921703e-13,-7.105427357601002e-14,0.0,0.0,0.0,-36.0366,-8.377900000000217,9.999999999443787e-05,0.0,19.313700000000058,-28.083199999999906,45.52600000000002,-44.41439999999976,36.75650000000006,-7.6578999999990245
1190,5.329070518200751e-15,-0.00010000000006016307,4.263256414560601e-14,0.0,0.0,0.0,-34.38010000000002,-10.255500000000104,9.999999998555609e-05,-2.842170943040401e-14,18.45020000000014,-26.85469999999995,45.687,-44.635600000000906,37.28250000000007,-7.353100000000836
1191,3.9968028886505635e-14,-2.842170943040401e-14,-1.5631940186722204e-13,0.0,0.0,0.0,-36.2339,-7.5108000000005575,1.2434497875801753e-14,3.410605131648481e-13,15.94910000000004,-26.925600000000017,44.83269999999999,-43.74469999999985,33.8561999999999,-9.888499999999496
1192,0.00010000000003174137,7.105427357601002e-15,1.7763568394002505e-13,0.0,0.0,0.0,-40.60249999999995,-8.574400000000413,2.6645352591003757e-14,-0.00010000000040122359,23.40480000000006,-30.89930000000021,49.49670000000002,-49.176900000000984,42.00219999999975,-7.174700000001465
1193,3.197442310920451e-14,1.6342482922482304e-13,9.999999998200337e-05,0.0,0.0,0.0,-36.28840000000007,-10.132800000001371,-4.618527782440651e-14,-9.999999930698777e-05,20.181299999999855,-27.459399999999953,46.47370000000002,-46.42120000000084,39.195599999999814,-7.2256000000005685
1194,2.6645352591003757e-14,0.00010000000005305765,3.552713678800501e-14,0.0,0.0,0.0,-36.700899999999976,-4.0011000000006725,-1.7763568394002505e-15,-0.00010000000017384991,16.36870000000003,-27.813899999999876,46.47419999999992,-40.70200000000099,35.028999999999954,-5.673000000000577
1195,-2.842170943040401e-14,3.552713678800501e-14,1.7763568394002505e-13,0.0,0.0,0.0,-33.36560000000001,-13.505800000000967,2.3092638912203256e-14,-1.2789769243681803e-13,22.846699999999924,-26.736599999999967,45.105499999999935,-46.871400000000094,41.21559999999978,-5.655800000000539
1196,-4.085620730620576e-14,1.4210854715202004e-14,1.2789769243681803e-13,0.0,0.0,0.0,-36.68379999999992,-10.587499999999512,-2.1316282072803006e-14,-9.999999930698777e-05,20.074299999999955,-28.527399999999986,47.56689999999997,-47.27139999999831,39.11380000000017,-8.157599999999057
1197,-3.197442310920451e-14,9.947598300641403e-14,-4.263256414560601e-14,0.0,0.0,0.0,-33.23050000000008,-5.030899999999402,0.00010000000000687237,-4.689582056016661e-13,16.42189999999998,-28.026499999999977,43.57479999999997,-38.26129999999917,31.970200000000084,-6.291099999999531
1198,1.9539925233402755e-14,3.552713678800501e-14,-1.2079226507921703e-13,0.0,0.0,0.0,-36.32459999999991,-11.227399999999559,-3.375077994860476e-14,-9.947598300641403e-14,24.89440000000008,-29.20779999999995,46.48089999999998,-47.5519999999991,42.16749999999999,-5.3844999999991074
1199,-1.4210854715202004e-14,2.1316282072803006e-14,-1.4210854715202004e-14,0.0,0.0,0.0,-33.90340000000002,-10.437999999999732,5.329070518200751e-15,-5.258016244624741e-13,17.107399999999913,-27.92720000000005,43.98890000000004,-44.341400000000505,33.169100000000014,-11.172300000000256
1200,2.6645352591003757e-14,-1.0658141036401503e-13,-7.815970093361102e-14,0.0,0.0,0.0,-34.46140000000008,-14.147800000000064,2.1316282072803006e-14,0.00010000000054333213,24.640099999999983,-27.0295,44.63380000000007,-48.60910000000132,42.24439999999994,-6.36470000000115
1201,-5.329070518200751e-15,-1.5631940186722204e-13,2.1316282072803006e-14,0.0,0.0,0.0,-35.67499999999994,-7.603399999999752,8.881784197001252e-15,2.7000623958883807e-13,17.791100000000025,-27.454799999999885,43.64089999999999,-43.278399999999834,33.97720000000035,-9.301199999999483
1202,2.5757174171303632e-14,9.999999994647624e-05,-0.00010000000003174137,0.0,0.0,0.0,-35.607199999999985,-12.73180000000032,1.7763568394002505e-15,2.1316282072803006e-13,23.00569999999989,-28.67849999999993,46.383300000000006,-48.339000000000084,40.71049999999997,-7.628499999999889
1203,9.999999995180531e-05,-7.105427357601002e-15,-9.999999994647624e-05,0.0,0.0,0.0,-33.94649999999995,-9.971899999999405,-3.730349362740526e-14,-4.263256414560601e-14,25.05189999999999,-29.618799999999958,48.09180000000002,-43.91839999999847,43.524900000000166,-0.3934999999987525
1204,9.999999998555609e-05,9.237055564881302e-14,-7.815970093361102e-14,0.0,0.0,0.0,-36.19840000000001,-15.132699999999339,1.4210854715202004e-14,6.252776074688882e-13,32.94250000000004,-28.895900000000083,48.59540000000001,-51.33099999999892,52.641999999999854,1.311000000000476
1205,-1.7763568394002505e-14,-9.999999992515995e-05,4.263256414560601e-14,0.0,0.0,0.0,-39.54210000000005,-6.654100000000874,8.881784197001252e-15,2.842170943040401e-14,23.922799999999995,-28.07849999999994,49.2433,-46.196300000000406,45.08760000000005,-1.1087000000010292
1206,-0.00010000000001042508,-5.684341886080802e-14,0.0001000000001454282,0.0,0.0,0.0,-36.246000000000045,-11.567800000000194,-5.329070518200751e-15,1.5631940186722204e-13,22.585499999999985,-28.08790000000016,46.892100000000084,-47.813799999998224,41.38969999999979,-6.42409999999866
1207,-0.00010000000000331966,0.00010000000012411192,0.00010000000018095534,0.0,0.0,0.0,-35.95299999999996,-10.857200000000109,-9.999999998200337e-05,4.689582056016661e-13,24.27169999999989,-27.83269999999999,46.602600000000066,-46.8101999999986,43.041600000000194,-3.7685999999984148
1208,2.3092638912203256e-14,1.4210854715202004e-14,-1.0658141036401503e-13,0.0,0.0,0.0,-33.61809999999997,-24.933099999999325,-1.5987211554602254e-14,-1.8474111129762605e-13,32.16229999999981,-29.514799999999994,46.4287,-58.55119999999826,49.0761999999997,-9.474999999998559
1209,-5.329070518200751e-15,-1.4921397450962104e-13,0.00010000000006016307,0.0,0.0,0.0,-34.30560000000004,-13.038599999999661,-3.019806626980426e-14,-2.7000623958883807e-13,26.620399999999837,-28.15399999999996,45.61570000000002,-47.34410000000044,44.082099999999784,-3.262000000000427
1210,1.0658141036401503e-14,-7.105427357601002e-14,-5.684341886080802e-14,0.0,0.0,0.0,-37.46130000000006,-10.414400000000121,0.00010000000002285958,2.7000623958883807e-13,24.203200000000024,-27.55399999999993,47.67940000000003,-47.87560000000023,44.32860000000035,-3.5469999999998834
1211,0.00010000000002285958,1.4210854715202004e-14,-9.999999991805453e-05,0.0,0.0,0.0,-34.2892,-11.006499999999964,1.5987211554602254e-14,5.968558980384842e-13,26.090200000000056,-28.730599999999967,46.09379999999996,-45.29569999999907,43.45340000000016,-1.8422999999989145
1212,3.019806626980426e-14,1.7053025658242404e-13,7.105427357601002e-15,0.0,0.0,0.0,-39.913799999999945,-15.191199999999636,-8.881784197001252e-15,1.5631940186722204e-13,27.96260000000008,-29.689600000000212,48.09190000000007,-55.10499999999929,46.364899999999935,-8.740099999999359
1213,2.3092638912203256e-14,-2.842170943040401e-14,-0.00010000000009569021,0.0,0.0,0.0,-39.657299999999985,-5.690900000001168,9.999999999088516e-05,7.105427357601002e-13,17.71190000000004,-28.59349999999983,45.18349999999998,-45.34820000000167,34.301900000000416,-11.046300000001708
1214,-1.7763568394002505e-15,0.0001000000000672685,-1.7763568394002505e-13,0.0,0.0,0.0,-37.86659999999999,-14.346699999999874,1.5987211554602254e-14,4.973799150320701e-13,26.575100000000106,-30.034599999999998,47.641000000000005,-52.21320000000058,44.18150000000011,-8.031700000000924
1215,1.2434497875801753e-14,9.999999992515995e-05,-7.105427357601002e-15,0.0,0.0,0.0,-30.26100000000007,-9.792199999999927,-9.99999999891088e-05,-9.99999995485723e-05,20.67710000000015,-26.273500000000148,44.116099999999975,-40.05329999999965,38.51969999999986,-1.533599999999339
1216,-4.618527782440651e-14,3.552713678800501e-14,-1.4210854715202004e-14,0.0,0.0,0.0,-32.218599999999945,-14.054500000001532,3.552713678800501e-14,6.821210263296962e-13,26.31539999999992,-26.32080000000017,46.24389999999996,-46.27310000000125,46.2384999999996,-0.03460000000142571
1217,-2.4868995751603507e-14,1.2079226507921703e-13,-1.2789769243681803e-13,0.0,0.0,0.0,-33.81750000000003,-0.2926000000009239,-9.999999995713438e-05,2.4158453015843406e-13,14.909299999999995,-31.116699999999945,46.02309999999994,-34.11020000000036,29.815699999999765,-4.294500000000596
1218,-9.99999999766743e-05,-7.105427357601002e-14,1.2789769243681803e-13,0.0,0.0,0.0,-30.425399999999932,0.582699999999786,1.4210854715202004e-14,4.689582056016661e-13,12.464299999999845,-26.178900000000063,42.848099999999974,-29.84280000000045,29.133499999999756,-0.7093000000004679
1219,9.999999999443787e-05,3.552713678800501e-14,-0.00010000000000331966,0.0,0.0,0.0,-36.80429999999997,2.1519000000002606,1.2434497875801753e-14,4.121147867408581e-13,9.643799999999949,-29.58100000000006,45.104799999999976,-34.65239999999892,25.16759999999998,-9.484799999998941
1220,1.0658141036401503e-14,2.1316282072803006e-14,-0.00010000000017384991,0.0,0.0,0.0,-33.90099999999997,5.323800000000432,-2.842170943040401e-14,1.7053025658242404e-13,12.445400000000088,-29.113199999999956,47.09410000000006,-28.577299999999013,30.426299999999966,1.8490000000014035
1221,-2.3092638912203256e-14,-6.394884621840902e-14,-6.394884621840902e-14,0.0,0.0,0.0,-31.37169999999993,-4.614800000000741,-7.105427357601002e-15,2.7000623958883807e-13,15.887499999999804,-25.05920000000002,43.99739999999997,-35.986500000000845,34.825699999999756,-1.1608000000013163
1222,9.999999996601616e-05,1.4921397450962104e-13,9.999999999621423e-05,0.0,0.0,0.0,-34.99010000000001,-1.854800000001191,-1.4210854715202004e-14,-1.9895196601282805e-13,15.698899999999838,-27.218499999999842,45.69780000000001,-36.844700000001296,34.17820000000012,-2.6665000000016263
1223,-3.907985046680551e-14,7.105427357601002e-15,0.00010000000001753051,0.0,0.0,0.0,-32.4069,1.226699999999937,-3.375077994860476e-14,0.00010000000054333213,12.295100000000144,-28.054900000000018,44.53689999999998,-31.179999999999097,28.777100000000107,-2.4028999999989864
1224,9.999999999088516e-05,1.3500311979441904e-13,5.684341886080802e-14,0.0,0.0,0.0,-33.413100000000014,-11.344499999999965,1.7763568394002505e-15,-0.00010000000008858478,19.92040000000017,-26.264099999999893,44.09169999999995,-44.7575999999999,37.74800000000012,-7.009600000000006
1225,-7.105427357601002e-15,0.00010000000000331966,-0.00010000000006016307,0.0,0.0,0.0,-33.766100000000016,-10.195999999999497,0.0,-9.999999996068709e-05,20.600199999999877,-26.292499999999997,44.48710000000002,-43.962199999999584,38.79480000000001,-5.167399999999567
1226,4.973799150320701e-14,-3.552713678800501e-14,2.1316282072803006e-14,0.0,0.0,0.0,-35.910900000000005,-9.604900000000082,-2.4868995751603507e-14,-0.00010000000064280812,20.663899999999977,-28.995099999999923,46.01260000000002,-45.515900000000684,37.68140000000019,-7.8345000000002685
1227,1.4210854715202004e-14,-9.999999997489795e-05,9.99999999109491e-05,0.0,0.0,0.0,-38.584300000000084,-9.787299999999046,-3.552713678800501e-14,-5.258016244624741e-13,22.6491000000002,-29.609500000000104,46.3478,-48.37159999999925,39.387399999999985,-8.984199999999042
1228,9.999999999088516e-05,-1.4210854715202004e-14,-1.7763568394002505e-13,0.0,0.0,0.0,-37.33160000000002,-11.959199999999289,-3.019806626980426e-14,-1.4210854715202004e-14,22.41960000000009,-29.009299999999932,47.09850000000002,-49.290700000000115,40.508800000000065,-8.781900000000043
1229,0.0001000000000423995,-7.105427357601002e-14,-3.552713678800501e-14,0.0,0.0,0.0,-38.18579999999997,-3.991299999998951,0.00010000000001220144,-7.105427357601002e-14,18.59669999999999,-28.957400000000007,46.99459999999996,-42.17689999999813,36.63390000000006,-5.542999999998528
1230,-9.999999995713438e-05,-9.999999989673825e-05,0.0,0.0,0.0,0.0,-39.805,-8.34240000000004,-0.00010000000001575415,2.2737367544323206e-13,23.376000000000133,-30.044099999999844,48.245500000000064,-48.14769999999935,41.57740000000035,-6.5702999999992215
1231,-8.881784197001252e-15,-0.00010000000001753051,-9.999999992515995e-05,0.0,0.0,0.0,-35.88220000000003,-7.925200000000245,1.0658141036401503e-14,0.0001000000004296453,20.413999999999916,-29.13219999999987,47.60360000000003,-43.80749999999952,38.88540000000019,-4.922099999999787
1232,-0.0001000000000264123,0.00010000000009569021,0.00010000000001753051,0.0,0.0,0.0,-37.63290000000003,-7.338500000000749,-0.00010000000002285958,-5.542233338928781e-13,18.541099999999954,-27.78079999999995,46.819700000000026,-44.97140000000162,37.57999999999991,-7.391400000001482
1233,9.999999998377973e-05,-3.552713678800501e-14,9.947598300641403e-14,0.0,0.0,0.0,-37.606199999999966,-9.286199999999518,1.4210854715202004e-14,1.1368683772161603e-13,22.554000000000073,-29.92119999999985,48.540400000000076,-46.8922999999984,41.17320000000041,-5.719099999997759
1234,-4.085620730620576e-14,9.999999986121111e-05,9.237055564881302e-14,0.0,0.0,0.0,-33.268500000000046,-13.891699999999048,-2.1316282072803006e-14,0.00010000000006016307,22.673400000000086,-26.59950000000015,46.69269999999999,-47.15999999999971,42.766599999999926,-4.393400000000014
1235,1.0658141036401503e-14,1.4210854715202004e-14,-1.4921397450962104e-13,0.0,0.0,0.0,-36.559000000000005,-5.446400000000001,-0.00010000000003174137,2.984279490192421e-13,19.943900000000145,-28.44700000000011,47.34379999999998,-42.00549999999906,38.84070000000001,-3.164799999998813
1236,-9.999999996779252e-05,-9.999999993226538e-05,2.842170943040401e-14,0.0,0.0,0.0,-34.21140000000003,-8.825900000000601,-1.4210854715202004e-14,5.684341886080801e-13,20.373799999999953,-29.146299999999947,45.83399999999998,-43.037499999999966,37.0615000000001,-5.975999999999864
1237,0.00010000000000331966,2.1316282072803006e-14,2.842170943040401e-14,0.0,0.0,0.0,-32.933700000000044,-3.810599999998825,9.999999999088516e-05,3.694822225952521e-13,18.451799999999825,-30.53540000000008,46.555900000000015,-36.744099999998724,34.47229999999965,-2.2717999999993097
1238,-1.4210854715202004e-14,4.973799150320701e-14,-0.00010000000010990107,0.0,0.0,0.0,-35.08979999999996,-7.042200000001081,0.00010000000002285958,-8.526512829121202e-13,17.499099999999945,-27.941399999999973,45.43279999999995,-42.13200000000188,34.99049999999981,-7.141500000001393
1239,-2.4868995751603507e-14,9.999999989673825e-05,-7.105427357601002e-15,0.0,0.0,0.0,-35.400999999999954,-5.961400000000253,-3.375077994860476e-14,1.4210854715202004e-14,17.76080000000007,-29.051799999999943,45.48720000000002,-41.3623000000003,34.196200000000374,-7.166099999999922
1240,-3.375077994860476e-14,-5.684341886080802e-14,1.4210854715202004e-14,0.0,0.0,0.0,-33.55880000000008,-10.909399999999525,3.019806626980426e-14,0.00010000000060017555,20.526000000000053,-28.551000000000187,46.056499999999936,-44.46809999999769,38.0314999999998,-6.4365999999974335
1241,-7.105427357601002e-15,7.815970093361102e-14,-0.0001000000001454282,0.0,0.0,0.0,-36.9749,-10.85540000000083,9.999999995002895e-05,-3.126388037344441e-13,22.36750000000007,-28.42820000000006,47.939699999999974,-47.83030000000113,41.87899999999987,-5.951300000001268
1242,-1.7763568394002505e-14,-4.973799150320701e-14,0.0,0.0,0.0,0.0,-35.89719999999997,-3.7096000000003677,4.085620730620576e-14,-8.526512829121202e-14,15.847400000000043,-28.11160000000004,44.80970000000004,-39.60680000000016,32.54549999999993,-7.06130000000023
1243,-3.552713678800501e-15,0.0,-9.999999995358166e-05,0.0,0.0,0.0,-37.3998,-6.308600000000094,9.999999999266151e-05,-2.7000623958883807e-13,21.942599999999924,-29.83139999999989,47.55789999999993,-43.70840000000054,39.669100000000086,-4.039300000000225
1244,0.00010000000000687237,-2.842170943040401e-14,-4.263256414560601e-14,0.0,0.0,0.0,-37.18150000000001,-18.859800000000245,-0.00010000000002285958,1.7053025658242404e-13,27.054800000000192,-27.984,46.94369999999998,-56.04129999999995,46.014500000000055,-10.026800000000122
1245,3.197442310920451e-14,4.973799150320701e-14,1.2789769243681803e-13,0.0,0.0,0.0,-36.783100000000005,-10.273100000000486,0.0,-1.4210854715202004e-14,22.020300000000052,-27.544499999999857,44.926500000000004,-47.05619999999989,39.402300000000196,-7.653899999999467
1246,1.4210854715202004e-14,-8.526512829121202e-14,-0.00010000000018095534,0.0,0.0,0.0,-37.320000000000014,-2.2293999999988863,1.7763568394002505e-14,3.410605131648481e-13,19.341100000000132,-28.32419999999997,46.81030000000008,-39.54949999999846,37.827200000000246,-1.7222999999982136
1247,-9.99999999766743e-05,-1.4210854715202004e-14,1.2789769243681803e-13,0.0,0.0,0.0,-35.43189999999993,-13.03419999999901,-8.881784197001252e-15,7.105427357601002e-14,20.755500000000012,-29.472400000000036,46.980300000000035,-48.466199999999006,38.26340000000001,-10.202799999998767
1248,-0.00010000000000687237,1.4210854715202004e-14,9.999999996779252e-05,0.0,0.0,0.0,-35.28810000000003,-6.438899999999975,-3.019806626980426e-14,-1.8474111129762605e-13,16.56920000000007,-29.62820000000015,46.09189999999996,-41.72699999999985,33.03289999999977,-8.694100000000084
1249,3.552713678800501e-14,7.105427357601002e-14,-9.999999981147312e-05,0.0,0.0,0.0,-33.302199999999914,-12.968900000000065,7.105427357601002e-15,4.263256414560601e-13,22.40920000000009,-29.15569999999998,46.32979999999996,-46.271199999998515,39.58330000000007,-6.6878999999982085
1250,1.5987211554602254e-14,-0.00010000000008147936,9.947598300641403e-14,0.0,0.0,0.0,-31.608100000000032,-6.260800000000653,0.00010000000003351772,7.105427357601002e-13,14.68689999999987,-25.45130000000013,44.89050000000007,-37.86890000000008,34.126099999999695,-3.742800000000166
1251,-1.2434497875801753e-14,-9.947598300641403e-14,0.00010000000006016307,0.0,0.0,0.0,-36.13310000000004,-9.177300000000443,8.881784197001252e-15,9.947598300641403e-14,24.89489999999998,-29.54800000000001,48.335699999999996,-45.31029999999966,43.682599999999965,-1.627699999999244
1252,3.375077994860476e-14,1.2079226507921703e-13,0.0001000000001454282,0.0,0.0,0.0,-41.59450000000005,-8.72650000000036,1.7763568394002505e-15,-5.826450433232822e-13,24.236499999999893,-30.833100000000172,49.75430000000002,-50.32090000000143,43.157699999999856,-7.163200000002256
1253,1.2434497875801753e-14,-7.105427357601002e-15,4.973799150320701e-14,0.0,0.0,0.0,-38.093500000000006,-11.093999999999262,1.5987211554602254e-14,-0.00010000000017384991,22.87539999999986,-30.13379999999995,47.67589999999998,-49.18759999999942,40.417500000000004,-8.770099999999879
1254,-3.197442310920451e-14,9.947598300641403e-14,-7.105427357601002e-15,0.0,0.0,0.0,-36.590699999999906,-7.004500000000604,-3.552713678800501e-14,3.126388037344441e-13,19.067699999999963,-27.81860000000008,46.38449999999999,-43.59520000000023,37.63359999999976,-5.961600000000018
1255,-0.0001000000000139778,9.999999996068709e-05,7.815970093361102e-14,0.0,0.0,0.0,-35.80099999999995,-5.369499999999412,9.999999997312159e-05,-9.999999960541572e-05,16.093500000000052,-28.475399999999887,43.72810000000003,-41.17049999999833,31.346200000000312,-9.824299999998011
1256,2.842170943040401e-14,0.00010000000010990107,-0.0001000000001951662,0.0,0.0,0.0,-36.13070000000007,-14.894199999999802,-1.0658141036401503e-14,-9.999999964804829e-05,23.119899999999998,-27.487900000000167,47.97199999999997,-51.02499999999948,43.603999999999914,-7.420999999999559
1257,-3.375077994860476e-14,4.973799150320701e-14,9.999999997489795e-05,0.0,0.0,0.0,-34.34160000000006,-4.399400000000366,2.6645352591003757e-14,3.836930773104541e-13,15.728800000000202,-29.311699999999846,46.406,-38.74090000000059,32.82310000000058,-5.917800000000916
1258,-9.999999999621423e-05,-7.105427357601002e-15,6.394884621840902e-14,0.0,0.0,0.0,-35.92000000000009,-12.744199999998795,-2.3092638912203256e-14,-3.268496584496461e-13,25.063500000000094,-29.656599999999877,47.86590000000004,-48.66429999999902,43.27280000000003,-5.3914999999989845
1259,3.730349362740526e-14,-0.00010000000001042508,1.1368683772161603e-13,0.0,0.0,0.0,-31.88869999999997,-4.059800000000806,1.9539925233402755e-14,1.7053025658242404e-13,15.098399999999934,-26.60899999999988,46.014999999999986,-35.94859999999994,34.50440000000004,-1.4441999999999098
1260,3.730349362740526e-14,-2.842170943040401e-14,-2.1316282072803006e-14,0.0,0.0,0.0,-32.80619999999999,-2.228100000000829,-9.999999999799059e-05,3.268496584496461e-13,14.79140000000002,-26.188500000000055,43.28789999999998,-35.03440000000005,31.890799999999945,-3.143600000000106
1261,0.00010000000002285958,9.99999999891088e-05,1.4210854715202004e-14,0.0,0.0,0.0,-32.30889999999995,-11.484200000000339,-2.842170943040401e-14,-4.121147867408581e-13,20.543699999999923,-27.733599999999967,45.4483,-43.792899999999506,38.25840000000007,-5.534499999999198
1262,-3.552713678800501e-15,0.00010000000009569021,-2.842170943040401e-14,0.0,0.0,0.0,-43.26269999999999,-10.385699999999982,-1.7763568394002505e-14,-5.115907697472721e-13,22.496400000000087,-30.68199999999991,49.29110000000004,-53.64830000000043,41.105500000000106,-12.542800000000554
1263,3.552713678800501e-15,7.815970093361102e-14,-9.999999995358166e-05,0.0,0.0,0.0,-37.1512,-5.17039999999966,0.0001000000000015433,1.4210854715202004e-13,16.7579000000001,-29.2314,45.603500000000004,-42.32159999999854,33.1300000000001,-9.191599999998665
1264,4.440892098500626e-14,9.999999993226538e-05,-1.4921397450962104e-13,0.0,0.0,0.0,-37.81480000000001,-6.861299999999961,-0.0001000000000139778,-0.00010000000018806077,19.750200000000003,-28.390299999999826,48.23879999999993,-44.67620000000015,39.598699999999994,-5.077500000000157
1265,5.329070518200751e-15,-0.00010000000004595222,-0.00010000000005305765,0.0,0.0,0.0,-39.20059999999996,-12.382900000001428,-0.00010000000001753051,2.842170943040401e-14,23.724099999999897,-30.332299999999897,48.70180000000006,-51.58380000000136,42.09359999999995,-9.490200000001408
1266,3.375077994860476e-14,-9.237055564881302e-14,1.3500311979441904e-13,0.0,0.0,0.0,-37.4147,-7.519199999998843,-1.2434497875801753e-14,-3.410605131648481e-13,20.972900000000017,-31.055299999999974,48.2076,-44.93389999999849,38.12519999999993,-6.808699999998552
1267,3.197442310920451e-14,-2.842170943040401e-14,4.263256414560601e-14,0.0,0.0,0.0,-36.13649999999998,-15.063900000000562,9.99999999891088e-05,1.2789769243681803e-13,28.87469999999996,-29.01399999999986,49.232900000000086,-51.20030000000072,49.09360000000007,-2.1067000000008775
1268,-2.6645352591003757e-14,-7.105427357601002e-14,-5.684341886080802e-14,0.0,0.0,0.0,-38.56290000000002,-14.5858000000005,3.552713678800501e-15,9.947598300641403e-14,27.63820000000002,-29.609300000000033,47.64700000000002,-53.14869999999978,45.675900000000006,-7.472800000000234
1269,0.0001000000000423995,3.552713678800501e-14,-0.00010000000002463594,0.0,0.0,0.0,-37.453699999999955,-10.082700000001456,2.3092638912203256e-14,2.842170943040401e-14,22.47179999999992,-30.034699999999916,47.87399999999999,-47.53640000000152,40.31110000000022,-7.225300000001305
1270,3.375077994860476e-14,-7.105427357601002e-15,-1.7053025658242404e-13,0.0,0.0,0.0,-35.567499999999946,-12.836199999999344,1.2434497875801753e-14,-0.0001000000001454282,30.874299999999955,-30.71980000000002,48.56960000000002,-48.40380000000016,48.72409999999996,0.3203000000002447
1271,-1.7763568394002505e-15,7.815970093361102e-14,1.1368683772161603e-13,0.0,0.0,0.0,-36.36420000000007,-6.570100000001457,0.0,0.00010000000018806077,24.356000000000055,-28.050099999999944,47.28859999999998,-42.934200000002264,43.594500000000096,0.6602999999975978
1272,-2.1316282072803006e-14,9.999999994647624e-05,-5.684341886080802e-14,0.0,0.0,0.0,-31.204199999999982,-12.461200000001035,-2.3092638912203256e-14,9.999999976173513e-05,21.87960000000008,-27.0957000000001,45.83800000000004,-43.665200000001946,40.62190000000002,-3.0433000000023895
1273,-9.999999999976694e-05,9.947598300641403e-14,-0.00010000000008858478,0.0,0.0,0.0,-35.59949999999999,-9.063399999999746,-0.00010000000000331966,2.2737367544323206e-13,19.554100000000023,-27.426499999999912,46.85789999999995,-44.66319999999871,38.98550000000017,-5.677699999998531
1274,2.842170943040401e-14,9.999999997489795e-05,1.2079226507921703e-13,0.0,0.0,0.0,-31.311899999999934,-10.850899999999871,1.0658141036401503e-14,-4.973799150320701e-13,24.873799999999825,-28.640699999999946,47.599300000000014,-42.16269999999983,43.83239999999989,1.6697000000000628
1275,9.999999999088516e-05,0.00010000000013832278,5.684341886080802e-14,0.0,0.0,0.0,-34.18859999999999,-6.81869999999898,-1.2434497875801753e-14,1.1368683772161603e-13,17.840099999999957,-28.60770000000005,46.69899999999999,-41.007099999998275,35.931400000000124,-5.07569999999815
1276,-2.842170943040401e-14,-8.526512829121202e-14,-4.263256414560601e-14,0.0,0.0,0.0,-33.830299999999966,-11.187300000000825,-3.375077994860476e-14,-3.552713678800501e-13,20.806099999999972,-26.556900000000127,46.54239999999999,-45.0176000000006,40.79159999999983,-4.226000000001221
1277,2.4868995751603507e-14,9.999999998200337e-05,0.00010000000010279564,0.0,0.0,0.0,-39.14339999999994,-13.892300000001239,-7.105427357601002e-15,9.947598300641403e-14,27.75110000000004,-31.61740000000019,49.25439999999994,-53.035500000000766,45.38809999999991,-7.64740000000041
1278,-1.7763568394002505e-14,-0.00010000000004595222,2.842170943040401e-14,0.0,0.0,0.0,-35.20699999999999,-11.372600000001103,3.019806626980426e-14,-5.400124791776761e-13,20.517100000000006,-29.023399999999953,48.97329999999998,-46.57970000000148,40.46700000000015,-6.112700000001567
1279,3.375077994860476e-14,-2.1316282072803006e-14,4.263256414560601e-14,0.0,0.0,0.0,-34.600199999999994,-9.25859999999911,0.00010000000002463594,-0.00010000000068544068,20.388099999999994,-27.757200000000005,46.50799999999995,-43.85879999999929,39.13889999999994,-4.719899999999804
1280,9.999999998200337e-05,7.105427357601002e-15,-7.105427357601002e-15,0.0,0.0,0.0,-32.79010000000004,-10.94080000000061,1.9539925233402755e-14,6.679101716144942e-13,17.789600000000007,-28.243799999999858,46.223700000000015,-43.730799999999405,35.76950000000028,-7.9612999999991345
1281,-0.00010000000000687237,-7.815970093361102e-14,2.1316282072803006e-14,0.0,0.0,0.0,-35.942300000000046,-13.158900000000607,1.0658141036401503e-14,1.1368683772161603e-13,24.804200000000115,-30.181099999999937,44.962500000000055,-49.10130000000038,39.58560000000001,-9.515699999999917
1282,-9.999999996956888e-05,-1.1368683772161603e-13,-9.947598300641403e-14,0.0,0.0,0.0,-38.77730000000004,-11.806499999999705,-1.2434497875801753e-14,1.7053025658242404e-13,25.395599999999984,-30.50230000000014,49.40380000000002,-50.58390000000048,44.297099999999745,-6.2868000000007385
1283,9.999999997134523e-05,-0.00010000000008858478,4.973799150320701e-14,0.0,0.0,0.0,-35.65110000000005,-13.540499999998858,-0.0001000000000139778,4.263256414560601e-14,30.06830000000011,-29.307000000000066,48.527300000000025,-49.19169999999893,49.28860000000007,0.09690000000136934
1284,-3.019806626980426e-14,0.00010000000000331966,5.684341886080802e-14,0.0,0.0,0.0,-39.5966,-13.67429999999883,0.00010000000000331966,-2.5579538487363607e-13,23.519100000000186,-29.708700000000135,48.80219999999997,-53.27069999999861,42.61260000000002,-10.658099999998143
1285,0.0,-9.947598300641403e-14,-9.999999985410568e-05,0.0,0.0,0.0,-34.77480000000006,-5.765600000000013,-3.552713678800501e-15,1.1368683772161603e-13,19.23400000000002,-26.71289999999997,46.14130000000005,-40.54049999999921,38.66239999999988,-1.8780999999993426
1286,-0.00010000000001575415,9.999999995358166e-05,1.4210854715202004e-14,0.0,0.0,0.0,-32.47190000000008,-15.548900000000287,-2.220446049250313e-14,-9.999999988963282e-05,24.02979999999985,-26.60890000000004,45.60830000000005,-48.0209,43.02919999999986,-4.991700000000144
1287,3.552713678800501e-14,-4.263256414560601e-14,-0.00010000000004595222,0.0,0.0,0.0,-37.352800000000045,-7.395900000000733,1.7763568394002505e-15,-1.4210854715202004e-13,18.982300000000002,-29.15580000000007,48.15400000000003,-44.74880000000093,37.980499999999964,-6.7683000000007425
1288,-3.552713678800501e-14,-2.842170943040401e-14,1.1368683772161603e-13,0.0,0.0,0.0,-35.79050000000007,-12.071100000000438,1.509903313490213e-14,-5.684341886080801e-13,27.835899999999967,-28.58400000000004,47.868799999999936,-47.86159999999947,47.120699999999864,-0.7408999999998329
1289,2.842170943040401e-14,5.684341886080802e-14,0.00010000000017384991,0.0,0.0,0.0,-34.58170000000002,-6.288899999999227,9.999999999443787e-05,3.836930773104541e-13,19.851900000000057,-28.588699999999896,47.2226,-40.87039999999915,38.485800000000275,-2.384599999999324
1290,2.4868995751603507e-14,7.105427357601002e-14,-7.105427357601002e-15,0.0,0.0,0.0,-32.79260000000004,-13.345000000000102,5.1514348342607263e-14,9.999999990384367e-05,24.18419999999982,-25.177300000000002,44.3764,-46.13749999999958,43.3832999999997,-2.7541999999998765
1291,-0.00010000000003351772,4.263256414560601e-14,1.3500311979441904e-13,0.0,0.0,0.0,-40.32110000000006,-16.737599999999265,-2.6645352591003757e-14,-9.99999998327894e-05,32.24209999999998,-30.601599999999813,48.499699999999905,-57.058899999998545,50.14020000000007,-6.918699999998466
1292,6.217248937900877e-15,-9.237055564881302e-14,-4.263256414560601e-14,0.0,0.0,0.0,-35.57010000000003,-20.043200000001306,7.105427357601002e-15,2.1316282072803006e-13,37.44720000000011,-28.976200000000013,47.313100000000006,-55.6133000000021,55.78409999999988,0.17079999999778295
1293,-9.999999999621423e-05,1.4210854715202004e-14,9.99999999891088e-05,0.0,0.0,0.0,-40.38499999999995,-13.092200000000158,9.999999997845066e-05,-9.999999959120487e-05,26.929300000000026,-30.138599999999812,49.732299999999974,-53.477199999999726,46.523000000000415,-6.954199999999311
1294,1.9539925233402755e-14,-2.842170943040401e-14,-1.3500311979441904e-13,0.0,0.0,0.0,-31.322599999999973,-11.181100000001223,-0.00010000000000243148,-8.526512829121202e-14,19.782100000000078,-27.979199999999985,43.41640000000001,-42.50380000000115,35.2193000000001,-7.2845000000015006
1295,1.7763568394002505e-15,9.999999994647624e-05,-9.999999996779252e-05,0.0,0.0,0.0,-35.41009999999998,-8.966299999999382,-3.907985046680551e-14,-1.9895196601282805e-13,23.382700000000032,-27.2704000000001,44.236799999999974,-44.37640000000059,40.349099999999794,-4.027300000000793
1296,-1.4210854715202004e-14,-2.1316282072803006e-14,1.2079226507921703e-13,0.0,0.0,0.0,-37.515100000000004,2.5990000000001494,3.552713678800501e-14,-4.121147867408581e-13,13.696200000000037,-27.32239999999996,44.72309999999993,-34.91610000000033,31.096899999999895,-3.8192000000008903
1297,9.999999998022702e-05,-7.815970093361102e-14,6.394884621840902e-14,0.0,0.0,0.0,-33.56210000000011,-13.877999999999577,2.4868995751603507e-14,-2.2737367544323206e-13,25.00320000000008,-29.0707999999999,48.190599999999996,-47.439999999999856,44.12300000000029,-3.316999999999787
1298,-2.1316282072803006e-14,-7.105427357601002e-14,0.00010000000005305765,0.0,0.0,0.0,-36.92960000000003,-1.1705999999987142,3.197442310920451e-14,3.410605131648481e-13,15.575699999999848,-27.60599999999988,46.85319999999999,-38.100099999999216,34.82289999999984,-3.277199999999148
1299,-5.329070518200751e-15,9.947598300641403e-14,7.105427357601002e-15,0.0,0.0,0.0,-35.52479999999999,-9.725299999999024,-9.999999996068709e-05,-4.263256414560601e-14,19.752299999999966,-26.925600000000117,45.63710000000002,-45.2501999999988,38.46379999999975,-6.786399999998821
1300,0.00010000000001930687,4.973799150320701e-14,-1.2079226507921703e-13,0.0,0.0,0.0,-37.82739999999994,-7.460300000000071,1.5987211554602254e-14,-0.00010000000079912752,21.632900000000173,-29.023499999999892,46.38169999999991,-45.287700000001024,38.99110000000019,-6.296600000000382
1301,-3.197442310920451e-14,4.973799150320701e-14,-4.973799150320701e-14,0.0,0.0,0.0,-38.03250000000003,-5.908199999999713,-9.999999999621423e-05,9.999999927856607e-05,18.70999999999984,-28.390400000000007,45.20549999999999,-43.940700000001,35.52509999999994,-8.415600000001064
1302,-1.5987211554602254e-14,-6.394884621840902e-14,2.1316282072803006e-14,0.0,0.0,0.0,-36.40710000000004,-8.11629999999936,-3.375077994860476e-14,9.99999997048917e-05,20.999600000000125,-29.623499999999957,47.12179999999998,-44.52329999999962,38.49790000000003,-6.025399999999365
1303,-1.9539925233402755e-14,9.999999994647624e-05,2.0605739337042905e-13,0.0,0.0,0.0,-37.885700000000035,-10.233799999998865,-3.197442310920451e-14,1.1368683772161603e-13,21.640300000000078,-30.814300000000088,48.18199999999994,-48.11939999999984,39.00800000000004,-9.11140000000048
1304,-0.00010000000000509601,-1.4210854715202004e-14,0.00010000000008858478,0.0,0.0,0.0,-35.19509999999989,-8.846299999999712,3.907985046680551e-14,3.694822225952521e-13,19.12610000000007,-29.1085,46.032500000000006,-44.041399999998546,36.05010000000007,-7.991299999998468
1305,2.3092638912203256e-14,-6.394884621840902e-14,-1.9895196601282805e-13,0.0,0.0,0.0,-36.37329999999999,2.9910000000004118,3.552713678800501e-14,-9.99999993638312e-05,10.541699999999999,-27.747699999999952,42.390500000000046,-33.38239999999955,25.184500000000092,-8.197899999999457
1306,-0.00010000000002818865,-9.947598300641403e-14,1.5631940186722204e-13,0.0,0.0,0.0,-36.079099999999976,-10.45579999999957,1.9539925233402755e-14,-5.684341886080802e-14,21.636699999999884,-28.862800000000156,46.2299,-46.53500000000008,39.00379999999984,-7.531200000000467
1307,-2.1316282072803006e-14,7.815970093361102e-14,-8.526512829121202e-14,0.0,0.0,0.0,-34.45440000000004,-15.66480000000092,2.842170943040401e-14,-3.126388037344441e-13,32.314600000000056,-29.28799999999997,48.35100000000001,-50.11920000000214,51.37760000000033,1.258399999997735
1308,9.999999999443787e-05,9.237055564881302e-14,7.105427357601002e-14,0.0,0.0,0.0,-37.2612,-11.605900000000684,9.999999998022702e-05,1.5631940186722204e-13,20.915000000000113,-29.08479999999993,46.23840000000002,-48.8668999999996,38.068599999999975,-10.798299999999635
1309,-4.973799150320701e-14,9.999999993937081e-05,-7.815970093361102e-14,0.0,0.0,0.0,-31.192200000000028,-9.747600000000332,1.9539925233402755e-14,-2.5579538487363607e-13,16.689900000000055,-26.25939999999993,44.718899999999955,-40.939700000000286,35.1494000000002,-5.790300000000094
1310,-2.842170943040401e-14,-7.105427357601002e-14,7.105427357601002e-15,0.0,0.0,0.0,-38.58960000000001,-2.2945000000001805,9.999999999976694e-05,1.5631940186722204e-13,18.70090000000008,-30.2425000000001,46.41459999999991,-40.88399999999966,34.87299999999978,-6.0109999999994415
1311,3.552713678800501e-14,9.999999985410568e-05,9.999999996779252e-05,0.0,0.0,0.0,-35.123800000000074,-11.534299999999973,-5.329070518200751e-15,-2.842170943040401e-14,26.97899999999995,-29.047199999999975,46.13519999999999,-46.65789999999953,44.06699999999985,-2.5908999999994506
1312,2.3092638912203256e-14,-1.4210854715202004e-14,1.9895196601282805e-13,0.0,0.0,0.0,-34.73480000000008,-11.240900000000394,-1.7763568394002505e-15,-2.2737367544323206e-13,23.96409999999981,-28.168199999999985,47.73000000000004,-45.9757000000009,43.52589999999998,-2.4498000000006996
1313,-4.973799150320701e-14,-4.618527782440651e-14,1.4210854715202004e-14,0.0,0.0,0.0,-39.788699999999984,-10.492300000000668,1.2434497875801753e-14,-1.4210854715202004e-13,23.552999999999916,-28.749500000000047,46.13579999999995,-50.281000000000816,40.93929999999993,-9.341700000001104
1314,-3.375077994860476e-14,-6.394884621840902e-14,1.1368683772161603e-13,0.0,0.0,0.0,-35.40690000000004,-6.491900000001138,1.0658141036401503e-14,-4.263256414560601e-13,22.819199999999977,-28.371399999999852,48.26710000000002,-41.89880000000136,42.71490000000003,0.8160999999986771
1315,9.999999999088516e-05,1.3500311979441904e-13,-2.842170943040401e-14,0.0,0.0,0.0,-35.635899999999985,-9.30459999999999,-1.7763568394002505e-15,-9.999999997489795e-05,22.40430000000006,-28.46110000000013,48.103100000000005,-44.940499999999474,42.04629999999982,-2.8942000000001045
1316,-1.4210854715202004e-14,-6.394884621840902e-14,-1.0658141036401503e-13,0.0,0.0,0.0,-37.303600000000024,-10.769599999998508,-1.509903313490213e-14,-4.263256414560601e-13,24.210899999999988,-29.491299999999832,45.149300000000004,-48.07319999999996,39.868900000000274,-8.204299999999456
1317,-2.3092638912203256e-14,3.552713678800501e-14,0.00010000000000331966,0.0,0.0,0.0,-34.24749999999995,-4.974399999999303,9.999999995446984e-05,9.999999925014436e-05,18.911700000000074,-28.399799999999914,45.91479999999992,-39.22160000000032,36.42670000000031,-2.7949000000000126
1318,1.9539925233402755e-14,4.973799150320701e-14,9.999999996779252e-05,0.0,0.0,0.0,-31.674899999999997,-10.029799999999426,-4.263256414560601e-14,0.00010000000033016931,27.05070000000004,-29.288100000000156,43.52440000000007,-41.704499999999726,41.28700000000007,-0.4174999999996558
1319,-1.2434497875801753e-14,3.552713678800501e-14,-1.4210854715202004e-14,0.0,0.0,0.0,-34.0703999999999,-3.436500000000226,-2.1316282072803006e-14,-5.115907697472721e-13,20.221000000000174,-29.316500000000154,43.28790000000002,-37.506900000000144,34.19240000000004,-3.314499999999647
1320,9.999999998377973e-05,-1.5631940186722204e-13,9.999999981857854e-05,0.0,0.0,0.0,-33.24750000000001,-3.7069999999995886,-9.99999999642398e-05,0.00010000000037280188,16.58770000000011,-28.130399999999973,43.35700000000005,-36.95429999999949,31.814300000000184,-5.139999999998857
1321,-1.0658141036401503e-14,2.1316282072803006e-14,1.3500311979441904e-13,0.0,0.0,0.0,-35.17790000000001,-4.526000000000202,1.7763568394002505e-14,-4.121147867408581e-13,21.014400000000084,-27.51139999999984,43.76640000000007,-39.70390000000029,37.2694000000002,-2.4345000000003196
1322,0.00010000000003529408,9.947598300641403e-14,-7.105427357601002e-15,0.0,0.0,0.0,-33.352300000000064,-21.65829999999842,-1.4210854715202004e-14,-2.984279490192421e-13,27.22780000000005,-29.061299999999875,45.29650000000004,-55.01049999999822,43.46300000000033,-11.547499999997662
1323,1.0658141036401503e-14,-4.263256414560601e-14,2.1316282072803006e-13,0.0,0.0,0.0,-31.767000000000028,-2.6176000000002055,8.881784197001252e-15,3.268496584496461e-13,13.108199999999904,-25.801000000000002,42.67789999999996,-34.38459999999891,29.985099999999974,-4.399499999998945
1324,-2.842170943040401e-14,-9.999999988963282e-05,0.00010000000008147936,0.0,0.0,0.0,-36.33789999999996,-6.273600000000396,-1.7763568394002505e-15,-4.973799150320701e-13,23.587500000000002,-27.69579999999999,44.67579999999996,-42.61150000000097,40.56749999999985,-2.04400000000134
1325,9.99999999482526e-05,1.4210854715202004e-14,1.9895196601282805e-13,0.0,0.0,0.0,-31.505100000000063,-10.905699999999992,5.329070518200751e-15,-1.2789769243681803e-13,22.37329999999995,-27.700499999999977,43.76250000000005,-42.41070000000083,38.43529999999991,-3.9754000000006897
1326,1.0658141036401503e-14,-1.2079226507921703e-13,-4.263256414560601e-14,0.0,0.0,0.0,-37.160599999999995,-9.453099999999186,4.618527782440651e-14,-1.7053025658242404e-13,24.149099999999986,-30.573299999999968,46.68829999999995,-46.61370000000038,40.26409999999974,-6.349600000000642
1327,-2.842170943040401e-14,-9.99999999891088e-05,-9.947598300641403e-14,0.0,0.0,0.0,-31.157400000000024,-7.751300000000761,9.999999999976694e-05,-3.268496584496461e-13,21.850599999999933,-26.665700000000115,45.11369999999995,-38.908700000002014,40.29859999999965,1.3898999999978656
1328,-4.618527782440651e-14,0.00010000000001753051,5.684341886080802e-14,0.0,0.0,0.0,-35.98649999999997,-18.955400000001305,-5.329070518200751e-15,-2.2737367544323206e-13,32.85610000000008,-28.905299999999826,49.145700000000005,-54.94180000000256,53.09650000000026,-1.8453000000025241
1329,-1.2434497875801753e-14,0.00010000000001042508,-1.4210854715202004e-14,0.0,0.0,0.0,-39.856099999999934,-7.930000000000327,2.1316282072803006e-14,-1.8474111129762605e-13,20.530100000000104,-29.897499999999994,46.726699999999994,-47.786000000000385,37.35930000000022,-10.426700000000395
1330,-3.375077994860476e-14,0.00010000000008147936,-0.00010000000003174137,0.0,0.0,0.0,-37.736599999999996,-12.42420000000071,-3.552713678800501e-14,-7.958078640513122e-13,28.040200000000137,-29.850400000000135,47.686200000000014,-50.16080000000193,45.87600000000002,-4.284800000001908
1331,-3.552713678800501e-15,-1.4921397450962104e-13,-9.947598300641403e-14,0.0,0.0,0.0,-33.80329999999999,-6.044999999999909,-2.3092638912203256e-14,0.0,19.64140000000013,-29.79369999999995,47.46219999999994,-39.84830000000184,37.30990000000011,-2.538400000001502
1332,-3.552713678800501e-15,1.4210854715202004e-14,-1.1368683772161603e-13,0.0,0.0,0.0,-38.93740000000002,-13.502100000000233,4.263256414560601e-14,9.999999959120487e-05,27.20619999999992,-29.56209999999995,49.26220000000005,-52.43940000000133,46.9062999999999,-5.533100000001426
1333,-5.329070518200751e-15,8.526512829121202e-14,-1.2079226507921703e-13,0.0,0.0,0.0,-34.07429999999996,-13.905199999999088,-1.4210854715202004e-14,-5.258016244624741e-13,24.231299999999948,-27.99810000000005,44.79060000000001,-47.97949999999918,41.02380000000002,-6.955699999999609
1334,5.1514348342607263e-14,0.00010000000008858478,-4.973799150320701e-14,0.0,0.0,0.0,-32.34430000000001,-6.057200000000332,0.0,-9.999999984700025e-05,17.61719999999993,-28.683299999999967,43.56139999999998,-38.40150000000091,32.49529999999994,-5.906200000000737
1335,1.3322676295501878e-14,-7.815970093361102e-14,1.2079226507921703e-13,0.0,0.0,0.0,-34.12230000000005,-8.193900000001108,1.7763568394002505e-15,1.4210854715202004e-14,18.452700000000036,-26.33969999999985,42.4426,-42.31620000000069,34.55560000000018,-7.760600000000281
1336,-0.0001000000000264123,9.947598300641403e-14,1.8474111129762605e-13,0.0,0.0,0.0,-36.71659999999997,-8.364800000000479,-1.7763568394002505e-15,-8.526512829121202e-14,23.01060000000001,-28.541500000000035,45.33300000000004,-45.08150000000052,39.8020999999999,-5.279400000000621
1337,1.2434497875801753e-14,1.4210854715202004e-14,1.3500311979441904e-13,0.0,0.0,0.0,-34.748300000000015,-20.384999999999245,9.99999999891088e-05,-2.7000623958883807e-13,34.299499999999995,-28.470600000000132,45.65759999999997,-55.13320000000027,51.486499999999715,-3.6467000000003296
1338,0.0,9.99999999891088e-05,9.947598300641403e-14,0.0,0.0,0.0,-34.29069999999998,-8.223399999999714,1.2434497875801753e-14,-1.4210854715202004e-14,21.1568000000001,-26.882999999999953,46.06720000000004,-42.513999999999896,40.340999999999966,-2.172999999999476
1339,1.7763568394002505e-15,-7.105427357601002e-15,6.394884621840902e-14,0.0,0.0,0.0,-35.01139999999996,-14.491000000000152,-1.7763568394002505e-15,2.1316282072803006e-13,24.483900000000055,-29.103699999999847,47.079299999999996,-49.50240000000082,42.45950000000009,-7.0429000000005
1340,1.7763568394002505e-14,1.4210854715202004e-14,-5.684341886080802e-14,0.0,0.0,0.0,-32.99490000000003,-9.971700000000446,-5.3290705182007514e-14,4.405364961712621e-13,20.611799999999942,-26.25929999999996,45.25450000000003,-42.96660000000087,39.60700000000001,-3.35960000000086
1341,-3.730349362740526e-14,-3.552713678800501e-14,1.9184653865522705e-13,0.0,0.0,0.0,-35.533199999999894,-10.189499999999562,-4.796163466380676e-14,0.0,22.02539999999994,-28.286400000000135,46.714400000000076,-45.72269999999878,40.453399999999654,-5.269299999999127
1342,-9.999999996779252e-05,1.4210854715202004e-13,-0.00010000000009569021,0.0,0.0,0.0,-35.709299999999985,-12.756700000000667,9.999999998200337e-05,9.999999963383743e-05,23.391000000000055,-26.339599999999983,45.45770000000002,-48.465999999999866,42.509099999999975,-5.9568999999996635
1343,-1.7763568394002505e-14,-2.1316282072803006e-14,-6.394884621840902e-14,0.0,0.0,0.0,-35.20290000000009,-12.690000000000719,2.3092638912203256e-14,-9.999999990384367e-05,24.569300000000013,-26.44359999999996,47.06520000000004,-47.893000000000924,45.19090000000009,-2.702100000000378
1344,3.019806626980426e-14,-4.973799150320701e-14,-1.4921397450962104e-13,0.0,0.0,0.0,-36.354099999999924,-4.854299999999959,2.6645352591003757e-14,0.0001000000004296453,18.88529999999994,-29.169999999999952,48.28739999999992,-41.20829999999938,38.002699999999905,-3.2055999999997056
1345,3.552713678800501e-14,-2.842170943040401e-14,-1.5631940186722204e-13,0.0,0.0,0.0,-33.94689999999993,-11.364900000001082,-1.7763568394002505e-14,-4.263256414560601e-13,22.828700000000005,-28.909999999999805,46.100899999999974,-45.3118000000012,40.019600000000175,-5.292200000001024
1346,-4.796163466380676e-14,-4.263256414560601e-14,0.00010000000001753051,0.0,0.0,0.0,-34.57289999999997,-13.002500000000236,-1.7763568394002505e-14,9.999999944909632e-05,22.837299999999953,-28.730499999999843,47.6553,-47.57520000000113,41.76210000000022,-5.813100000000915
1347,-0.00010000000001930687,-7.105427357601002e-15,1.4210854715202004e-13,0.0,0.0,0.0,-37.02920000000003,-13.105999999999618,-3.552713678800501e-15,-9.999999964804829e-05,24.894799999999947,-28.1304000000001,46.5538,-50.13539999999931,43.31819999999985,-6.817199999999694
1348,1.4210854715202004e-14,-2.1316282072803006e-14,-4.263256414560601e-14,0.0,0.0,0.0,-35.54209999999994,-12.39620000000069,-4.085620730620576e-14,-1.8474111129762605e-13,25.390100000000153,-28.281599999999955,46.855500000000085,-47.93830000000189,43.96400000000017,-3.974300000001257
1349,-0.00010000000000687237,-1.4210854715202004e-14,7.105427357601002e-15,0.0,0.0,0.0,-27.16730000000009,-16.23500000000051,-1.4210854715202004e-14,0.0,29.6023999999999,-23.01789999999999,41.991699999999994,-43.402400000000796,48.576200000000014,5.173799999999446
1350,-1.2434497875801753e-14,-4.263256414560601e-14,-0.00010000000003174137,0.0,0.0,0.0,-32.03119999999995,-4.21779999999875,4.440892098500626e-14,9.999999987542196e-05,15.511899999999905,-27.59650000000002,44.69799999999996,-36.24899999999862,32.61339999999984,-3.6355999999983197
1351,7.105427357601002e-15,-0.00010000000006016307,1.8474111129762605e-13,0.0,0.0,0.0,-35.84560000000003,-11.701099999999318,-1.9539925233402755e-14,-1.1368683772161603e-13,22.252700000000043,-27.072099999999985,46.43449999999996,-47.54679999999888,41.6150999999999,-5.931699999998756
1352,9.999999998377973e-05,-7.105427357601002e-15,1.1368683772161603e-13,0.0,0.0,0.0,-37.359100000000005,-9.485399999999256,-9.99999999891088e-05,-1.1368683772161603e-13,25.190800000000134,-29.71810000000012,46.73920000000006,-46.84449999999951,42.211900000000185,-4.6325999999993215
1353,-9.999999999443787e-05,-6.394884621840902e-14,-2.1316282072803006e-14,0.0,0.0,0.0,-36.28710000000001,-11.082699999999338,5.1514348342607263e-14,3.552713678800501e-13,27.700400000000126,-28.035900000000076,46.76059999999998,-47.36989999999879,46.42510000000014,-0.9447999999988781
1354,-7.105427357601002e-15,-1.2079226507921703e-13,1.1368683772161603e-13,0.0,0.0,0.0,-40.246700000000004,-15.444100000000198,-3.019806626980426e-14,3.836930773104541e-13,27.20159999999996,-29.99680000000005,47.81199999999999,-55.69080000000015,45.01679999999968,-10.674000000000028
1355,-0.00010000000001220144,6.394884621840902e-14,1.7053025658242404e-13,0.0,0.0,0.0,-35.080000000000055,-7.268399999999815,-4.796163466380676e-14,2.4158453015843406e-13,19.01590000000015,-28.645499999999878,46.82850000000008,-42.34849999999871,37.19890000000036,-5.149599999997896
1356,1.4210854715202004e-14,0.00010000000000331966,1.3500311979441904e-13,0.0,0.0,0.0,-35.22109999999995,-13.69989999999855,-3.552713678800501e-14,9.999999971910256e-05,25.19170000000009,-27.99339999999991,47.50980000000005,-48.92079999999925,44.70810000000023,-4.2126999999990105
1357,-1.4210854715202004e-14,-3.552713678800501e-14,-1.3500311979441904e-13,0.0,0.0,0.0,-33.53950000000003,-13.914600000000068,-1.9539925233402755e-14,-7.105427357601002e-13,25.922699999999907,-27.199599999999997,46.01629999999999,-47.454100000002256,44.73939999999978,-2.7147000000027077
1358,-1.7763568394002505e-14,-4.973799150320701e-14,0.00010000000010279564,0.0,0.0,0.0,-35.24760000000011,-17.87080000000103,1.5987211554602254e-14,-0.00010000000006016307,27.037900000000047,-29.788800000000073,46.528300000000065,-53.11840000000069,43.777400000000156,-9.341000000000314
1359,2.4868995751603507e-14,-1.4210854715202004e-14,4.263256414560601e-14,0.0,0.0,0.0,-36.4727,-11.534800000000168,0.0,0.00010000000000331966,21.812500000000064,-27.020099999999843,45.05810000000004,-48.00739999999914,39.85050000000026,-8.156899999998657
1360,2.6645352591003757e-14,9.999999990384367e-05,-9.999999993226538e-05,0.0,0.0,0.0,-35.28270000000004,-3.946400000000068,-8.881784197001252e-15,1.5631940186722204e-13,16.215399999999978,-26.689300000000046,45.43089999999999,-39.22910000000057,34.95699999999992,-4.27210000000111
1361,2.6645352591003757e-14,-8.526512829121202e-14,-2.842170943040401e-14,0.0,0.0,0.0,-33.31989999999995,-5.81339999999981,-7.105427357601002e-15,-3.126388037344441e-13,21.855600000000184,-29.897499999999965,47.022700000000015,-39.13330000000005,38.98080000000034,-0.15249999999970498
1362,-9.999999995180531e-05,-9.999999996068709e-05,0.00010000000013121735,0.0,0.0,0.0,-38.134299999999946,-9.901600000000137,-9.999999998200337e-05,2.842170943040401e-14,22.251700000000035,-28.57460000000014,44.73610000000001,-48.03609999999918,38.41319999999979,-9.622899999999618
1363,-0.0001000000000264123,9.999999995358166e-05,5.684341886080802e-14,0.0,0.0,0.0,-35.48570000000003,-16.03079999999944,-3.730349362740526e-14,-2.8421709430404007e-13,31.72340000000003,-27.086199999999785,47.67849999999999,-51.51650000000049,52.315700000000234,0.7991999999999777
1364,-1.0658141036401503e-14,7.105427357601002e-15,2.842170943040401e-14,0.0,0.0,0.0,-36.08160000000006,-12.720100000000794,-7.105427357601002e-15,-9.999999971910256e-05,22.62519999999987,-27.194900000000104,47.93430000000001,-48.80180000000021,43.36459999999966,-5.437199999999876
1365,1.4210854715202004e-14,1.4921397450962104e-13,7.815970093361102e-14,0.0,0.0,0.0,-37.41560000000001,-9.027700000000454,9.769962616701378e-15,-2.984279490192421e-13,21.79339999999982,-29.817299999999868,46.88100000000002,-46.443300000000065,38.857099999999974,-7.586200000000545
1366,9.999999999266151e-05,-2.4868995751603507e-14,-0.00010000000015963906,0.0,0.0,0.0,-40.447799999999994,-15.4962000000003,2.4868995751603507e-14,3.979039320256561e-13,32.857700000000065,-30.09130000000016,50.36920000000002,-55.943999999998866,53.135599999999926,-2.808399999999395
1367,9.999999998022702e-05,-9.237055564881302e-14,1.4210854715202004e-13,0.0,0.0,0.0,-37.59859999999995,-9.168900000000743,-8.881784197001252e-15,-4.263256414560601e-14,22.28230000000008,-29.392100000000028,47.07049999999999,-46.76740000000224,39.96070000000016,-6.806700000002088
1368,-2.4868995751603507e-14,-8.526512829121202e-14,-9.237055564881302e-14,0.0,0.0,0.0,-35.29090000000003,-8.130099999999949,2.1316282072803006e-14,0.00010000000000331966,22.768700000000045,-29.236100000000036,48.00910000000006,-43.420899999999165,41.5417000000003,-1.8791999999988676
1369,-2.1316282072803006e-14,2.1316282072803006e-14,9.947598300641403e-14,0.0,0.0,0.0,-35.97519999999997,-10.49900000000034,2.4868995751603507e-14,-2.8421709430404007e-13,23.817600000000027,-27.99350000000011,47.49200000000006,-46.47420000000031,43.31610000000009,-3.1581000000002177
1370,-1.7763568394002505e-15,9.947598300641403e-14,-9.947598300641403e-14,0.0,0.0,0.0,-35.800499999999964,-10.276399999998546,1.7763568394002505e-15,-9.947598300641403e-14,21.26840000000013,-28.168300000000194,46.03179999999994,-46.076899999999384,39.13189999999976,-6.9449999999989345
1371,-7.105427357601002e-15,-3.552713678800501e-14,-1.4210854715202004e-13,0.0,0.0,0.0,-36.61219999999995,-13.02379999999901,-5.329070518200751e-15,-6.536993168992922e-13,23.377799999999986,-30.44090000000015,46.325199999999896,-49.636000000000365,39.26209999999985,-10.37390000000029
1372,-2.6645352591003757e-14,1.1368683772161603e-13,-0.00010000000003174137,0.0,0.0,0.0,-41.430899999999895,0.12759999999996552,3.552713678800501e-14,0.0,17.66169999999984,-29.62830000000001,47.78479999999999,-41.30340000000075,35.818199999999706,-5.485200000001271
1373,1.9539925233402755e-14,9.999999992515995e-05,-3.552713678800501e-14,0.0,0.0,0.0,-37.32770000000005,-15.27069999999873,-9.999999995002895e-05,1.8474111129762605e-13,23.461899999999837,-28.546300000000016,46.84060000000005,-52.598399999998676,41.75619999999987,-10.842199999998577
1374,-7.105427357601002e-15,2.842170943040401e-14,-1.7763568394002505e-13,0.0,0.0,0.0,-33.29269999999994,-13.412399999999572,-1.7763568394002505e-15,-3.979039320256561e-13,21.41969999999997,-30.006199999999907,47.47509999999998,-46.705100000000584,38.88860000000005,-7.816500000000765
1375,-9.999999999266151e-05,2.842170943040401e-14,-7.105427357601002e-15,0.0,0.0,0.0,-41.454399999999985,-15.163700000000002,-4.796163466380676e-14,-6.110667527536862e-13,27.867799999999935,-31.315099999999994,49.93949999999996,-56.618200000000215,46.49219999999967,-10.126000000000083
1376,0.0,1.1368683772161603e-13,-9.999999995358166e-05,0.0,0.0,0.0,-42.734400000000036,-17.67000000000119,2.1316282072803006e-14,-4.405364961712621e-13,29.929900000000153,-31.76869999999999,49.97269999999989,-60.40450000000153,48.13390000000017,-12.270600000001593
1377,1.5987211554602254e-14,-0.00010000000006016307,-0.00010000000015963906,0.0,0.0,0.0,-40.78580000000001,-19.023500000000535,9.999999997312159e-05,-9.99999995201506e-05,32.51679999999997,-31.423799999999844,50.60000000000007,-59.80949999999973,51.6930000000002,-8.116499999999306
1378,-1.0658141036401503e-14,0.0,-5.684341886080802e-14,0.0,0.0,0.0,-41.945299999999996,-15.573599999999644,8.881784197001252e-15,-7.247535904753022e-13,26.429399999999802,-31.017400000000052,48.73150000000008,-57.51890000000104,44.143499999999946,-13.375400000000866
1379,-1.9539925233402755e-14,-9.237055564881302e-14,-2.1316282072803006e-14,0.0,0.0,0.0,-37.93279999999999,-7.272699999999041,-9.999999999088516e-05,6.536993168992922e-13,28.70760000000003,-30.5024,49.21709999999995,-45.20559999999915,47.422300000000206,2.2167000000010617
1380,4.263256414560601e-14,9.999999994647624e-05,8.526512829121202e-14,0.0,0.0,0.0,-35.121900000000025,-12.124900000000927,-0.00010000000001042508,-0.00010000000010279564,23.1146999999998,-27.27999999999986,45.21860000000002,-47.246900000000196,41.05329999999985,-6.193600000000572
1381,2.042810365310288e-14,-7.815970093361102e-14,-9.999999988252739e-05,0.0,0.0,0.0,-36.538400000000024,-12.988399999999316,0.0001000000000139778,-1.8474111129762605e-13,23.705500000000015,-29.963699999999896,45.887999999999934,-49.52679999999951,39.62980000000017,-9.896999999999345
1382,-7.105427357601002e-15,-1.2789769243681803e-13,-3.552713678800501e-14,0.0,0.0,0.0,-36.94769999999993,-18.606499999999695,-1.509903313490213e-14,-5.826450433232822e-13,29.543500000000186,-29.368499999999997,48.66280000000002,-55.55419999999977,48.83780000000032,-6.716399999999666
1383,9.999999998200337e-05,9.237055564881302e-14,2.1316282072803006e-14,0.0,0.0,0.0,-36.83790000000004,-15.058300000000855,-3.375077994860476e-14,-4.547473508864641e-13,27.3469999999999,-28.31940000000003,47.43359999999993,-51.89610000000124,46.461199999999565,-5.434900000001676
1384,-7.105427357601002e-15,4.263256414560601e-14,-1.4921397450962104e-13,0.0,0.0,0.0,-36.20129999999998,-17.360300000000432,1.7763568394002505e-15,-1.1368683772161603e-13,32.73150000000003,-28.702200000000076,48.34409999999992,-53.56159999999933,52.37339999999965,-1.1881999999996822
1385,5.329070518200751e-15,1.1368683772161603e-13,-6.394884621840902e-14,0.0,0.0,0.0,-32.787200000000006,-4.6574999999997395,1.2434497875801753e-14,5.115907697472721e-13,14.605299999999925,-27.275200000000005,44.392300000000034,-37.444699999998875,31.722399999999727,-5.722299999998697
1386,1.5987211554602254e-14,1.4921397450962104e-13,0.0,0.0,0.0,0.0,-35.95579999999997,-14.146899999999,9.999999999799059e-05,-1.2789769243681803e-13,25.26490000000003,-27.549199999999956,46.638999999999946,-50.10259999999916,44.35470000000002,-5.747899999999142
1387,-3.552713678800501e-14,-6.394884621840902e-14,8.526512829121202e-14,0.0,0.0,0.0,-36.97929999999998,-8.233200000000476,-1.9539925233402755e-14,-9.99999997048917e-05,20.554500000000015,-27.256299999999932,45.68819999999999,-45.212600000000535,38.986400000000074,-6.226200000000922
1388,0.00010000000000864873,-4.263256414560601e-14,-8.526512829121202e-14,0.0,0.0,0.0,-32.7058,-4.37630000000005,-3.552713678800501e-15,-2.842170943040401e-14,19.44420000000012,-25.8577,44.73450000000006,-37.081999999999795,38.321000000000296,1.2390000000000398
1389,0.00010000000002108322,4.973799150320701e-14,0.00010000000020937705,0.0,0.0,0.0,-39.344600000000014,-12.155600000000035,7.105427357601002e-15,-6.110667527536862e-13,28.330400000000047,-31.46630000000001,47.67490000000001,-51.500000000000355,44.53899999999993,-6.961000000000425
1390,8.881784197001252e-15,0.00010000000003174137,-9.999999992515995e-05,0.0,0.0,0.0,-37.35779999999993,-15.010799999999211,3.552713678800501e-15,-4.263256414560601e-14,32.34520000000012,-29.968400000000116,49.59020000000006,-52.36859999999821,51.96700000000007,-0.4015999999976927
1391,-9.999999996779252e-05,-9.999999987542196e-05,1.1368683772161603e-13,0.0,0.0,0.0,-36.49080000000001,-11.829100000000238,4.440892098500626e-14,-4.547473508864641e-13,24.268799999999878,-29.595199999999913,45.34759999999996,-48.32009999999906,40.02119999999992,-8.298899999999591
1392,-7.105427357601002e-15,1.6342482922482304e-13,-1.4210854715202004e-14,0.0,0.0,0.0,-33.62340000000004,-1.2991000000015518,2.842170943040401e-14,0.0,11.18130000000004,-26.481399999999994,42.6481,-34.92250000000149,27.34800000000016,-7.574500000001564
1393,-1.0658141036401503e-14,-0.00010000000009569021,-9.999999989673825e-05,0.0,0.0,0.0,-32.30980000000003,-1.6148000000003755,0.00010000000000331966,-6.394884621840902e-13,16.620899999999967,-26.755500000000062,44.122000000000014,-33.924700000001096,33.98740000000004,0.06269999999871345
1394,0.00010000000001042508,-3.552713678800501e-14,1.2789769243681803e-13,0.0,0.0,0.0,-34.58009999999998,-7.19170000000015,1.4210854715202004e-14,0.00010000000035859102,22.97969999999989,-27.823300000000067,48.07209999999997,-41.77159999999931,43.2284999999998,1.4569000000004806
1395,-2.3092638912203256e-14,3.552713678800501e-14,1.3500311979441904e-13,0.0,0.0,0.0,-36.780699999999975,-15.087200000000525,0.00010000000003174137,4.831690603168681e-13,23.80059999999992,-28.059600000000003,46.22990000000005,-51.86780000000036,41.97089999999997,-9.89690000000062
1396,4.263256414560601e-14,-7.105427357601002e-15,-2.1316282072803006e-14,0.0,0.0,0.0,-34.47480000000009,-13.963600000000294,0.00010000000001042508,-9.947598300641403e-14,24.325900000000015,-29.16050000000014,46.11050000000008,-48.43829999999939,41.275900000000064,-7.162399999999089
1397,4.263256414560601e-14,4.263256414560601e-14,-9.999999991805453e-05,0.0,0.0,0.0,-33.55389999999998,-15.29570000000103,9.999999998200337e-05,-9.947598300641403e-14,22.711200000000083,-27.53979999999997,45.17640000000004,-48.849600000000905,40.34780000000015,-8.501800000000763
1398,2.842170943040401e-14,-1.5631940186722204e-13,-1.6342482922482304e-13,0.0,0.0,0.0,-30.617799999999924,-10.237100000001032,7.105427357601002e-15,9.999999986121111e-05,28.554799999999997,-27.691100000000084,48.04499999999998,-40.85480000000189,48.90870000000001,8.05389999999857
1399,-0.00010000000001753051,4.973799150320701e-14,8.526512829121202e-14,0.0,0.0,0.0,-36.54800000000004,-9.982799999998313,-3.375077994860476e-14,3.694822225952521e-13,23.969799999999985,-29.26449999999999,46.30579999999999,-46.53089999999716,41.01109999999987,-5.519799999997517
1400,9.999999998733244e-05,9.237055564881302e-14,-0.0001000000000672685,0.0,0.0,0.0,-35.44900000000003,-8.843099999999183,2.4868995751603507e-14,3.836930773104541e-13,20.466999999999974,-27.388699999999993,46.98420000000008,-44.29209999999863,40.06249999999994,-4.2295999999982214
1401,2.6645352591003757e-14,-4.263256414560601e-14,-3.552713678800501e-14,0.0,0.0,0.0,-34.36120000000005,-6.229399999999707,-9.999999998200337e-05,4.547473508864641e-13,20.766599999999972,-29.907100000000085,47.98809999999999,-40.590699999999686,38.847599999999986,-1.7430999999992451
1402,7.105427357601002e-15,-1.4210854715202004e-14,-3.552713678800501e-14,0.0,0.0,0.0,-37.53730000000002,-12.890699999999114,-2.3092638912203256e-14,-3.268496584496461e-13,23.27820000000008,-29.358900000000133,46.87089999999997,-50.427999999999244,40.79020000000003,-9.637799999999665
1403,1.7763568394002505e-15,-2.842170943040401e-14,9.999999993226538e-05,0.0,0.0,0.0,-31.3273,-15.355199999999783,3.730349362740526e-14,5.684341886080802e-14,26.315699999999925,-29.604699999999866,46.23500000000009,-46.68239999999952,42.94600000000027,-3.7363999999994846
1404,1.4210854715202004e-14,6.394884621840902e-14,-4.263256414560601e-14,0.0,0.0,0.0,-35.02470000000002,-16.442000000000533,9.99999999891088e-05,3.126388037344441e-13,29.69659999999995,-27.16659999999993,47.02149999999992,-51.46660000000021,49.55150000000005,-1.915100000000848
1405,3.552713678800501e-14,-1.2079226507921703e-13,1.4210854715202004e-14,0.0,0.0,0.0,-35.333999999999996,-15.128100000000703,1.7763568394002505e-15,5.968558980384842e-13,31.216900000000084,-29.91179999999995,48.33030000000004,-50.462099999999595,49.63540000000029,-0.8266999999993061
1406,9.99999999642398e-05,-4.263256414560601e-14,-4.973799150320701e-14,0.0,0.0,0.0,-34.399899999999946,-17.711099999999664,2.4868995751603507e-14,-1.5631940186722204e-13,30.529900000000072,-28.517899999999983,46.62140000000002,-52.11089999999926,48.63340000000022,-3.4774999999992673
1407,3.552713678800501e-15,7.105427357601002e-14,-9.999999995358166e-05,0.0,0.0,0.0,-37.67790000000001,-16.88139999999862,2.842170943040401e-14,1.7053025658242404e-13,36.81040000000006,-30.61110000000013,48.80879999999994,-54.55939999999816,55.008099999999985,0.44870000000137367
1408,-5.329070518200751e-15,-1.4210854715202004e-14,-5.684341886080802e-14,0.0,0.0,0.0,-35.34459999999998,-15.231500000000281,-2.6645352591003757e-14,-9.999999980436769e-05,23.984699999999865,-28.437499999999858,45.456899999999905,-50.57619999999994,41.00409999999991,-9.572100000000034
1409,2.1316282072803006e-14,-9.999999996779252e-05,1.2079226507921703e-13,0.0,0.0,0.0,-35.08119999999995,-12.600499999999812,-2.3092638912203256e-14,-4.263256414560601e-13,22.94630000000015,-27.591800000000006,45.21529999999993,-47.68179999999958,40.56979999999996,-7.111999999998716
1410,-0.00010000000000331966,7.105427357601002e-14,-1.1368683772161603e-13,0.0,0.0,0.0,-39.71520000000002,-8.61249999999907,0.00010000000001042508,6.963318810448982e-13,23.3654999999998,-29.552699999999923,48.34549999999996,-48.327699999998416,42.158299999999834,-6.16939999999903
1411,7.105427357601002e-15,1.2789769243681803e-13,-5.684341886080802e-14,0.0,0.0,0.0,-38.4536000000001,-7.154799999999597,-1.7763568394002505e-14,-7.815970093361102e-13,21.78659999999983,-28.428199999999862,47.152600000000064,-45.60840000000114,40.511000000000145,-5.09740000000167
1412,3.552713678800501e-15,-1.4210854715202004e-14,-1.4921397450962104e-13,0.0,0.0,0.0,-37.55220000000009,-10.411800000000472,-4.263256414560601e-14,2.7000623958883807e-13,26.42450000000006,-28.82979999999992,48.84099999999995,-47.96400000000072,46.43570000000009,-1.528300000000172
1413,-5.329070518200751e-15,9.999999999621423e-05,-0.0001000000000672685,0.0,0.0,0.0,-34.961500000000065,-8.138100000000652,2.1316282072803006e-14,0.00010000000047227786,20.388400000000185,-26.83570000000001,48.54269999999995,-43.099500000000305,42.095400000000126,-1.0041000000001858
1414,-3.552713678800501e-15,4.263256414560601e-14,2.1316282072803006e-14,0.0,0.0,0.0,-33.19720000000004,-6.428900000001359,-9.999999999799059e-05,5.400124791776761e-13,23.642899999999923,-29.76049999999998,48.39989999999997,-39.626200000000466,42.28229999999991,2.6560999999992205
1415,-2.3092638912203256e-14,7.815970093361102e-14,7.105427357601002e-15,0.0,0.0,0.0,-40.55850000000002,-8.801699999999414,9.999999998377973e-05,-1.7053025658242404e-13,27.367100000000086,-29.533800000000078,50.18380000000001,-49.360099999999505,48.017100000000134,-1.3429999999998259
1416,4.440892098500626e-14,-5.684341886080802e-14,2.842170943040401e-14,0.0,0.0,0.0,-32.8585,-13.181099999999653,5.329070518200751e-15,0.0001000000001454282,26.629399999999947,-25.347399999999965,45.53010000000004,-46.03949999999989,46.81210000000002,0.7726000000001321
1417,-2.1316282072803006e-14,2.1316282072803006e-14,1.4210854715202004e-13,0.0,0.0,0.0,-35.99099999999994,-7.749199999999998,2.4868995751603507e-14,2.7000623958883807e-13,23.31109999999985,-29.117900000000034,46.81640000000003,-43.74019999999973,41.009599999999736,-2.7306000000004502
1418,-0.00010000000000331966,7.105427357601002e-15,-2.1316282072803006e-13,0.0,0.0,0.0,-35.52250000000003,-3.9400000000002358,2.4868995751603507e-14,6.536993168992922e-13,19.644200000000044,-27.25640000000007,46.98409999999998,-39.462599999999554,39.371899999999954,-0.09069999999960743
1419,3.197442310920451e-14,-3.552713678800501e-14,4.263256414560601e-14,0.0,0.0,0.0,-38.929300000000026,-14.3015999999988,2.1316282072803006e-14,-3.979039320256561e-13,28.10269999999999,-29.0707000000002,47.995900000000056,-53.23089999999817,47.02789999999962,-6.2029999999985606
1420,-3.552713678800501e-15,1.2789769243681803e-13,-9.999999995358166e-05,0.0,0.0,0.0,-38.56230000000004,-7.3174000000002195,0.00010000000003529408,4.831690603168681e-13,22.023200000000138,-29.30230000000006,47.94060000000005,-45.87969999999987,40.661500000000245,-5.218199999999847
1421,0.0,-1.4210854715202004e-14,-0.00010000000007437393,0.0,0.0,0.0,-37.56140000000005,-10.553400000000234,3.907985046680551e-14,2.984279490192421e-13,23.989899999999995,-27.648500000000055,48.201500000000074,-48.114899999998556,44.542899999999904,-3.57199999999866
1422,-1.2434497875801753e-14,-9.999999999621423e-05,-2.842170943040401e-14,0.0,0.0,0.0,-37.143299999999954,-5.05899999999939,-9.999999999443787e-05,0.00010000000007437393,20.565099999999894,-27.81860000000018,47.38869999999999,-42.20239999999798,40.13519999999959,-2.0671999999974773
1423,9.999999999443787e-05,-9.237055564881302e-14,-1.8474111129762605e-13,0.0,0.0,0.0,-38.53549999999985,-11.828000000000753,-0.00010000000001930687,3.268496584496461e-13,24.498400000000014,-29.850399999999894,48.437999999999974,-50.36350000000131,43.08600000000021,-7.277500000001098
1424,-2.4868995751603507e-14,-7.815970093361102e-14,-7.105427357601002e-14,0.0,0.0,0.0,-38.23699999999998,-1.9510000000002137,1.7763568394002505e-15,1.8474111129762605e-13,18.842000000000066,-29.53849999999995,49.57659999999999,-40.18800000000063,38.880100000000226,-1.3078999999999539
1425,1.2434497875801753e-14,1.5631940186722204e-13,1.2789769243681803e-13,0.0,0.0,0.0,-39.01029999999998,-6.873599999999282,1.0658141036401503e-14,-3.410605131648481e-13,20.107399999999856,-29.207799999999942,48.23779999999997,-45.88389999999896,39.1374,-6.746499999999195
1426,-3.019806626980426e-14,9.999999992515995e-05,9.999999986121111e-05,0.0,0.0,0.0,-39.56739999999999,-8.916099999999346,3.552713678800501e-15,-7.531752999057062e-13,22.788199999999865,-28.92430000000006,48.87060000000002,-48.48330000000108,42.73449999999994,-5.748800000001374
1427,-2.842170943040401e-14,-1.3500311979441904e-13,-1.4921397450962104e-13,0.0,0.0,0.0,-34.934499999999915,-8.307300000000303,9.999999994647624e-05,1.9895196601282805e-13,18.063599999999884,-28.52260000000014,44.995100000000015,-43.24170000000129,34.53609999999976,-8.705600000001759
1428,-0.0001000000000139778,6.394884621840902e-14,-4.263256414560601e-14,0.0,0.0,0.0,-33.767099999999964,-8.475799999999705,-9.999999999976694e-05,-2.984279490192421e-13,18.17300000000004,-26.221499999999914,43.451799999999956,-42.24309999999939,35.4033000000002,-6.839799999999649
1429,1.7763568394002505e-14,2.1316282072803006e-14,1.4210854715202004e-14,0.0,0.0,0.0,-37.582299999999975,-14.187400000001489,-3.019806626980426e-14,-5.258016244624741e-13,20.176199999999803,-27.842199999999927,45.43179999999997,-51.76970000000118,37.76579999999984,-14.00390000000111
1430,0.00010000000003351772,4.263256414560601e-14,-1.1368683772161603e-13,0.0,0.0,0.0,-34.29160000000002,-10.63559999999978,-4.085620730620576e-14,-5.258016244624741e-13,22.656899999999926,-28.395099999999907,49.13629999999998,-44.927100000000294,43.398099999999886,-1.5290000000006359
1431,0.0001000000000264123,5.684341886080802e-14,9.999999994647624e-05,0.0,0.0,0.0,-36.60720000000003,-6.989199999999865,-9.99999999642398e-05,-0.0001000000001454282,16.997899999999937,-29.122699999999988,45.58869999999994,-43.59640000000081,33.4639,-10.132500000000583
1432,9.999999999443787e-05,-1.2789769243681803e-13,-1.4210854715202004e-14,0.0,0.0,0.0,-38.562499999999986,-5.039600000000352,-4.796163466380676e-14,2.4158453015843406e-13,18.472900000000017,-29.713300000000054,46.86829999999993,-43.60199999999962,35.627900000000004,-7.974099999999389
1433,3.552713678800501e-14,1.4210854715202004e-14,-1.1368683772161603e-13,0.0,0.0,0.0,-38.959899999999976,-6.578499999999547,-3.907985046680551e-14,0.00010000000041543444,21.82850000000013,-30.502399999999923,48.00709999999991,-45.53830000000006,39.33320000000012,-6.205100000000172
1434,4.618527782440651e-14,1.0658141036401503e-13,9.999999987542196e-05,0.0,0.0,0.0,-37.53180000000002,-12.216500000000117,-8.881784197001252e-15,-9.99999999891088e-05,20.668400000000013,-30.157399999999996,46.586499999999994,-49.74829999999926,37.0974999999999,-12.65079999999891
1435,-2.3092638912203256e-14,-0.00010000000000331966,-7.815970093361102e-14,0.0,0.0,0.0,-39.81699999999997,-11.068400000001315,2.842170943040401e-14,-2.1316282072803006e-13,22.594799999999967,-29.0423999999999,48.60280000000001,-50.88550000000164,42.15520000000008,-8.730300000001115
1436,5.329070518200751e-15,-7.105427357601002e-15,1.1368683772161603e-13,0.0,0.0,0.0,-36.92020000000001,-8.244399999999768,-1.7763568394002505e-15,9.947598300641403e-14,27.090399999999967,-30.762299999999982,48.80959999999995,-45.164599999999965,45.13769999999994,-0.026900000000473767
1437,-1.5987211554602254e-14,-0.00010000000001042508,-7.105427357601002e-15,0.0,0.0,0.0,-36.86500000000007,-12.67889999999855,-9.999999999976694e-05,-4.973799150320701e-13,26.650300000000016,-31.19699999999996,49.03649999999998,-49.54409999999932,44.48980000000004,-5.05429999999928
1438,0.0001000000000015433,0.0,9.947598300641403e-14,0.0,0.0,0.0,-40.21870000000004,-7.325200000000269,-8.881784197001252e-15,1.9895196601282805e-13,20.808100000000074,-29.82199999999999,47.36999999999998,-47.54379999999945,38.35610000000007,-9.187699999999381
1439,4.085620730620576e-14,-2.1316282072803006e-14,9.999999981147312e-05,0.0,0.0,0.0,-34.10540000000007,-3.1684999999997956,3.197442310920451e-14,3.836930773104541e-13,16.209000000000035,-28.995199999999897,45.39129999999993,-37.273799999999326,32.60510000000018,-4.668699999999376
1440,-7.105427357601002e-15,1.9895196601282805e-13,1.4210854715202004e-14,0.0,0.0,0.0,-40.26439999999996,-3.0113999999991456,2.3092638912203256e-14,-3.268496584496461e-13,17.770300000000088,-29.269200000000005,46.82090000000001,-43.27579999999881,35.32200000000009,-7.953799999999177
1441,0.00010000000003174137,9.237055564881302e-14,-2.842170943040401e-14,0.0,0.0,0.0,-35.486499999999964,-8.213199999999862,7.105427357601002e-15,3.410605131648481e-13,21.025300000000076,-30.07710000000006,46.75180000000002,-43.69960000000006,37.70000000000003,-5.999600000000029
1442,-2.6645352591003757e-14,1.7763568394002505e-13,-1.7763568394002505e-13,0.0,0.0,0.0,-36.812700000000014,-12.854599999998676,1.7763568394002505e-15,-4.547473508864641e-13,22.077500000000054,-28.480099999999958,44.84580000000006,-49.6672999999993,38.44320000000016,-11.224099999999602
1443,4.796163466380676e-14,-7.105427357601002e-15,-6.394884621840902e-14,0.0,0.0,0.0,-33.4774,-7.5984999999990634,0.00010000000004062315,8.526512829121202e-14,20.61740000000014,-28.716300000000096,46.05309999999998,-41.075799999998964,37.95420000000002,-3.1215999999991695
1444,2.4868995751603507e-14,-8.526512829121202e-14,-0.00010000000005305765,0.0,0.0,0.0,-34.0519,-9.247400000001367,-9.99999999766743e-05,-2.7000623958883807e-13,23.120099999999972,-27.84699999999993,46.30229999999999,-43.299500000001785,41.57539999999992,-1.724100000001414
1445,3.730349362740526e-14,1.3500311979441904e-13,0.00010000000001042508,0.0,0.0,0.0,-32.068900000000056,-4.471500000001637,0.0,-3.694822225952521e-13,15.809600000000028,-25.47500000000003,43.26830000000005,-36.54030000000195,33.602900000000275,-2.9374000000016736
1446,-4.618527782440651e-14,-1.8474111129762605e-13,-1.4210854715202004e-14,0.0,0.0,0.0,-35.20690000000007,-0.8810999999989946,9.999999997134523e-05,4.405364961712621e-13,15.06150000000003,-28.172900000000006,45.02029999999994,-36.08789999999907,31.908899999999967,-4.178999999999554
1447,1.9539925233402755e-14,-0.0001000000001454282,-3.552713678800501e-14,0.0,0.0,0.0,-36.89070000000002,0.08549999999979363,-9.999999996601616e-05,0.00010000000024490419,15.79460000000013,-30.143300000000053,45.526499999999984,-36.8053000000001,31.177799999999948,-5.627500000000381
1448,-9.999999997312159e-05,9.999999997489795e-05,-3.552713678800501e-14,0.0,0.0,0.0,-34.6386,-0.4046000000002685,-7.105427357601002e-15,2.842170943040401e-14,15.351199999999974,-28.191899999999904,44.705099999999916,-35.04319999999993,31.8644000000001,-3.1788000000000523
1449,1.0658141036401503e-14,4.263256414560601e-14,0.00010000000010279564,0.0,0.0,0.0,-35.733200000000075,3.734099999999991,-3.375077994860476e-14,0.0001000000001454282,10.657200000000138,-28.86749999999995,45.15810000000001,-31.998899999999907,26.947800000000086,-5.051099999999828
1450,-3.019806626980426e-14,-9.947598300641403e-14,7.105427357601002e-15,0.0,0.0,0.0,-36.854200000000056,-5.4964999999990205,1.7763568394002505e-15,9.999999953436145e-05,18.823399999999964,-28.040599999999955,45.51910000000003,-42.35059999999913,36.301900000000266,-6.048699999998867
1451,-9.999999999976694e-05,-5.684341886080802e-14,4.973799150320701e-14,0.0,0.0,0.0,-33.74400000000001,-1.2902000000009153,-1.7763568394002505e-15,-4.547473508864641e-13,18.508799999999976,-27.733600000000003,44.223099999999995,-35.034300000000684,34.99829999999986,-0.03600000000037795
1452,-3.907985046680551e-14,-0.00010000000000331966,1.2789769243681803e-13,0.0,0.0,0.0,-36.531699999999944,-11.765600000000866,2.6645352591003757e-14,1.7053025658242404e-13,25.571900000000138,-30.029899999999884,45.132099999999994,-48.29740000000041,40.67410000000025,-7.623300000000157
1453,3.019806626980426e-14,1.1368683772161603e-13,-4.973799150320701e-14,0.0,0.0,0.0,-36.56740000000004,-3.258099999999718,-2.3092638912203256e-14,-9.99999999891088e-05,17.219999999999956,-30.100800000000156,44.94329999999995,-39.82559999999968,32.06249999999998,-7.763099999999703
1454,-9.999999999799059e-05,-9.99999999109491e-05,1.1368683772161603e-13,0.0,0.0,0.0,-34.226999999999975,-11.254200000000665,-5.329070518200751e-15,-8.526512829121202e-14,23.471100000000074,-27.12869999999993,45.01160000000006,-45.48140000000103,41.354000000000084,-4.127400000000719
1455,-3.197442310920451e-14,-2.1316282072803006e-14,2.0605739337042905e-13,0.0,0.0,0.0,-34.46429999999997,-10.226899999999667,-1.0658141036401503e-14,3.410605131648481e-13,20.681300000000036,-28.10680000000005,43.57349999999997,-44.69119999999974,36.14799999999984,-8.543199999999672
1456,3.552713678800501e-14,1.4210854715202004e-14,-7.105427357601002e-14,0.0,0.0,0.0,-35.193499999999965,-2.8914000000000755,-3.730349362740526e-14,4.831690603168681e-13,16.030500000000018,-27.870600000000067,44.642099999999985,-38.08490000000015,32.801999999999936,-5.282900000000666
1457,-1.7763568394002505e-15,1.0658141036401503e-13,0.00010000000018095534,0.0,0.0,0.0,-37.369600000000005,-8.052399999999054,-7.105427357601002e-15,1.8474111129762605e-13,19.64100000000012,-28.026500000000013,44.121700000000004,-45.42189999999876,35.7362,-9.68569999999876
1458,-9.999999995802256e-05,5.684341886080802e-14,2.842170943040401e-14,0.0,0.0,0.0,-35.73200000000002,-9.59500000000012,2.6645352591003757e-14,-9.999999990384367e-05,22.217500000000022,-28.777699999999875,43.05550000000001,-45.327199999999735,36.49529999999993,-8.83189999999935
1459,-7.105427357601002e-15,9.99999999109491e-05,7.105427357601002e-14,0.0,0.0,0.0,-30.443399999999976,-7.707000000000068,0.0,9.999999969068085e-05,16.05740000000005,-27.005899999999812,42.266199999999955,-38.15020000000014,31.317700000000194,-6.832499999999719
1460,1.0658141036401503e-14,9.999999988252739e-05,-7.815970093361102e-14,0.0,0.0,0.0,-30.880000000000067,-10.032100000000831,1.7763568394002505e-14,-0.00010000000040122359,19.020900000000175,-27.27520000000014,43.789199999999965,-40.91210000000004,35.5349,-5.377200000000499
1461,9.999999998733244e-05,-7.815970093361102e-14,-5.684341886080802e-14,0.0,0.0,0.0,-32.705900000000035,-7.671600000000737,0.0,4.405364961712621e-13,18.565100000000136,-27.03900000000003,43.628000000000064,-40.37739999999934,35.15410000000017,-5.2232999999991705
1462,9.999999999443787e-05,-1.4210854715202004e-14,2.842170943040401e-14,0.0,0.0,0.0,-32.67360000000006,-18.332799999999033,-1.0658141036401503e-14,-8.526512829121202e-14,28.427400000000066,-26.35389999999999,46.62429999999998,-51.00629999999926,48.69780000000006,-2.3084999999994267
1463,9.999999995713438e-05,-9.237055564881302e-14,1.3500311979441904e-13,0.0,0.0,0.0,-37.259000000000064,-10.14280000000005,0.00010000000003973497,3.410605131648481e-13,24.100199999999933,-30.26139999999996,44.56769999999999,-47.40160000000006,38.406499999999966,-8.995099999999866
1464,9.99999999766743e-05,3.552713678800501e-14,2.0605739337042905e-13,0.0,0.0,0.0,-32.167600000000014,-7.24439999999921,0.00010000000003884679,-4.405364961712621e-13,18.731200000000182,-26.21690000000018,43.26569999999997,-39.411799999998735,35.77999999999986,-3.6317999999986483
1465,0.00010000000000776055,0.0,-0.00010000000010279564,0.0,0.0,0.0,-32.63220000000004,-5.502999999999361,-2.842170943040401e-14,-0.0001000000003017476,20.608099999999876,-26.892600000000016,44.49429999999999,-38.1353000000001,38.209799999999845,0.07449999999952439
1466,0.00010000000002818865,1.6342482922482304e-13,-1.7763568394002505e-13,0.0,0.0,0.0,-30.530299999999933,-14.984599999999087,-7.105427357601002e-15,2.1316282072803006e-13,27.283200000000086,-29.562100000000015,44.79610000000002,-45.514799999999994,42.517199999999974,-2.997599999999558
1467,-0.00010000000001042508,-9.999999996779252e-05,8.526512829121202e-14,0.0,0.0,0.0,-30.526499999999974,-9.982500000000488,-2.6645352591003757e-14,2.4158453015843406e-13,23.14090000000007,-25.75379999999987,42.90580000000003,-40.50919999999968,40.29290000000023,-0.21629999999899496
1468,-3.197442310920451e-14,7.105427357601002e-14,-6.394884621840902e-14,0.0,0.0,0.0,-33.01839999999998,-6.400000000000478,1.7763568394002505e-15,6.252776074688882e-13,18.143000000000164,-27.053100000000086,44.25389999999996,-39.41840000000002,35.343800000000265,-4.074599999999755
1469,-9.999999998200337e-05,0.00010000000010990107,8.526512829121202e-14,0.0,0.0,0.0,-36.736800000000024,-3.6623000000005135,-1.4210854715202004e-14,1.8474111129762605e-13,16.001599999999954,-28.00289999999989,45.86930000000004,-40.39909999999976,33.86799999999999,-6.5310999999995545
1470,-0.0001000000000015433,-5.684341886080802e-14,-6.394884621840902e-14,0.0,0.0,0.0,-31.983400000000042,-14.277100000000068,7.105427357601002e-15,-3.126388037344441e-13,24.8278000000001,-28.730499999999957,44.802599999999934,-46.26059999999953,40.89990000000019,-5.360699999999788
1471,3.552713678800501e-14,7.105427357601002e-15,1.1368683772161603e-13,0.0,0.0,0.0,-34.592300000000016,-10.171300000000034,-9.99999999642398e-05,2.4158453015843406e-13,18.819100000000116,-29.042400000000008,45.01810000000005,-44.76370000000034,34.79480000000015,-9.96890000000019
1472,0.00010000000001753051,-9.999999995358166e-05,-4.263256414560601e-14,0.0,0.0,0.0,-29.71930000000004,-12.192299999999932,-0.00010000000001042508,-1.2789769243681803e-13,18.037600000000175,-26.150599999999983,42.11189999999999,-41.91170000000021,33.9989000000003,-7.912800000000146
1473,-1.7763568394002505e-14,0.00010000000003884679,1.6342482922482304e-13,0.0,0.0,0.0,-32.01289999999997,-12.601200000001405,-1.5987211554602254e-14,-5.542233338928781e-13,19.7974999999998,-26.55699999999998,42.313999999999986,-44.6140000000011,35.55449999999992,-9.059500000002096
1474,-0.00010000000001220144,1.2789769243681803e-13,-0.00010000000006016307,0.0,0.0,0.0,-34.4168,-11.44940000000146,-0.00010000000004950493,1.7053025658242404e-13,22.47269999999994,-26.80740000000003,42.66979999999996,-45.866500000000656,38.33509999999998,-7.531400000001355
1475,1.7763568394002505e-15,0.00010000000013121735,9.999999997489795e-05,0.0,0.0,0.0,-29.624699999999944,-18.903700000000875,-9.999999997134523e-05,9.999999997489795e-05,32.43579999999996,-29.321100000000094,43.89670000000006,-48.52819999999974,47.01140000000004,-1.516799999999705
1476,1.2434497875801753e-14,7.105427357601002e-15,0.0,0.0,0.0,0.0,-34.54289999999995,-10.074899999999264,9.999999998022702e-05,-0.00010000000020227162,24.43239999999986,-29.08489999999997,45.00239999999999,-44.61779999999976,40.34989999999988,-4.2678999999992016
1477,9.999999995535802e-05,5.684341886080802e-14,1.4921397450962104e-13,0.0,0.0,0.0,-29.139599999999973,-7.07669999999862,-1.7763568394002505e-14,-1.9895196601282805e-13,18.94280000000008,-26.972799999999985,42.47919999999999,-36.21619999999717,34.44920000000009,-1.7669999999970827
1478,5.329070518200751e-15,6.394884621840902e-14,-0.00010000000002463594,0.0,0.0,0.0,-32.27439999999997,-8.652399999999773,9.999999998200337e-05,-4.121147867408581e-13,19.94990000000006,-29.193499999999993,41.773399999999974,-40.9268,32.52979999999992,-8.396999999999842
1479,4.085620730620576e-14,-1.1368683772161603e-13,2.1316282072803006e-14,0.0,0.0,0.0,-35.060200000000016,-6.182599999998981,3.552713678800501e-15,-1.4210854715202004e-14,20.935900000000117,-26.97759999999986,42.635500000000015,-41.24279999999901,36.59380000000016,-4.648999999998857
1480,0.00010000000001575415,1.2789769243681803e-13,1.6342482922482304e-13,0.0,0.0,0.0,-34.23939999999996,-7.221999999999902,3.552713678800501e-14,6.252776074688882e-13,19.95840000000001,-26.571200000000182,40.00770000000002,-41.4612999999986,33.394899999999964,-8.066399999999085
1481,-7.105427357601002e-15,1.4210854715202004e-14,-9.999999994647624e-05,0.0,0.0,0.0,-29.20200000000003,-3.78220000000001,4.263256414560601e-14,1.8474111129762605e-13,14.796799999999944,-25.243400000000165,40.819299999999984,-32.984299999999266,30.372699999999877,-2.6115999999991573
1482,7.105427357601002e-15,7.105427357601002e-14,-6.394884621840902e-14,0.0,0.0,0.0,-33.70650000000005,-9.339899999999933,-4.085620730620576e-14,1.1368683772161603e-13,20.91749999999998,-29.496000000000052,44.87629999999993,-43.04639999999978,36.29779999999974,-6.748599999999811
1483,-2.4868995751603507e-14,7.105427357601002e-14,0.00010000000006016307,0.0,0.0,0.0,-35.10229999999995,-4.303999999999906,0.0,-1.9895196601282805e-13,17.92460000000016,-27.01999999999999,43.51449999999995,-39.40619999999868,34.41910000000012,-4.987099999998556
1484,1.5987211554602254e-14,-0.00010000000000331966,9.237055564881302e-14,0.0,0.0,0.0,-37.18299999999992,-2.3006999999997078,-1.0658141036401503e-14,0.00010000000055754299,16.43159999999993,-28.371400000000094,42.0223,-39.483699999998464,30.082499999999722,-9.40119999999851
1485,-1.7763568394002505e-14,-7.105427357601002e-15,-9.999999993226538e-05,0.0,0.0,0.0,-25.45099999999992,-11.197199999999029,-0.00010000000002996501,1.7053025658242404e-13,17.52380000000014,-25.52219999999989,41.943200000000104,-36.648399999999455,33.944800000000356,-2.703599999999554
1486,2.1316282072803006e-14,-2.842170943040401e-14,-1.4921397450962104e-13,0.0,0.0,0.0,-31.673100000000098,-4.690700000000444,2.1316282072803006e-14,-9.999999913645752e-05,14.327199999999987,-26.949300000000072,41.682900000000046,-36.36389999999999,29.060799999999848,-7.303099999999688
1487,-2.4868995751603507e-14,7.105427357601002e-14,-7.105427357601002e-15,0.0,0.0,0.0,-37.2203,-7.9186999999986725,-0.00010000000002108322,9.999999957699401e-05,23.838899999999892,-28.707000000000015,44.88600000000004,-45.138999999998745,40.017900000000026,-5.121099999999174
1488,-2.220446049250313e-14,-5.684341886080802e-14,-9.237055564881302e-14,0.0,0.0,0.0,-33.30569999999999,-10.684300000000238,-0.00010000000002285958,9.947598300641403e-14,19.505900000000135,-26.731899999999996,43.751100000000044,-43.99010000000088,36.52510000000018,-7.465000000000693
1489,1.7763568394002505e-15,-4.973799150320701e-14,-7.105427357601002e-15,0.0,0.0,0.0,-36.95029999999999,-10.046600000000932,2.6645352591003757e-14,-9.999999991805453e-05,22.309899999999953,-28.61240000000005,43.673100000000076,-46.99700000000189,37.37059999999998,-9.62640000000168
1490,2.1316282072803006e-14,-9.999999991805453e-05,-3.552713678800501e-14,0.0,0.0,0.0,-34.61780000000008,-3.571099999999099,-1.7763568394002505e-14,-3.410605131648481e-13,19.24799999999994,-28.876999999999953,44.680500000000016,-38.18900000000026,35.051500000000004,-3.137500000000486
1491,-0.00010000000001930687,-2.842170943040401e-14,-1.2079226507921703e-13,0.0,0.0,0.0,-39.000699999999966,-11.57420000000107,9.999999999443787e-05,-9.99999998327894e-05,23.061500000000006,-29.500700000000066,46.53349999999999,-50.57500000000151,40.09429999999993,-10.480700000001349
1492,0.0,0.00010000000000331966,-9.999999996068709e-05,0.0,0.0,0.0,-33.99910000000002,-6.4618999999997015,9.999999994469988e-05,1.8474111129762605e-13,17.47149999999988,-28.39030000000014,45.449000000000034,-40.46089999999876,34.530199999999894,-5.930699999998417
1493,2.4868995751603507e-14,2.1316282072803006e-14,-1.3500311979441904e-13,0.0,0.0,0.0,-38.40020000000001,-1.3685999999993435,-8.881784197001252e-15,8.242295734817162e-13,17.359799999999865,-29.973099999999896,45.899899999999946,-39.7688,33.286599999999915,-6.482200000000084
1494,-0.00010000000001575415,3.552713678800501e-14,-9.99999999109491e-05,0.0,0.0,0.0,-36.588200000000015,-11.544099999999059,3.197442310920451e-14,4.405364961712621e-13,22.21739999999997,-30.799999999999933,45.53229999999992,-48.132499999998444,36.94969999999996,-11.182799999998032
1495,1.7763568394002505e-15,-4.973799150320701e-14,3.552713678800501e-14,0.0,0.0,0.0,-37.63839999999999,-8.945800000001185,-9.99999999482526e-05,9.999999949172889e-05,20.267500000000073,-31.16860000000002,44.45330000000001,-46.584200000001644,33.55220000000007,-13.03200000000112
1496,8.881784197001252e-15,-1.1368683772161603e-13,9.999999990384367e-05,0.0,0.0,0.0,-36.33109999999998,-3.172799999999807,2.4868995751603507e-14,1.1368683772161603e-13,13.985099999999907,-28.409200000000155,44.303499999999914,-39.50379999999939,29.879399999999666,-9.624399999999724
1497,-3.552713678800501e-14,-3.552713678800501e-14,2.1316282072803006e-14,0.0,0.0,0.0,-38.43899999999994,-9.589599999999894,2.4868995751603507e-14,3.410605131648481e-13,23.16230000000003,-29.24560000000004,47.14030000000005,-48.02859999999919,41.057000000000045,-6.971599999999597
1498,-2.1316282072803006e-14,8.526512829121202e-14,-1.4210854715202004e-14,0.0,0.0,0.0,-35.386900000000075,-15.557100000001476,-1.509903313490213e-14,-1.5631940186722204e-13,26.281599999999916,-30.62059999999981,44.422599999999925,-50.944000000001495,40.08359999999992,-10.860400000001356
1499,-0.0001000000000015433,-7.105427357601002e-15,-0.00010000000010990107,0.0,0.0,0.0,-39.001000000000005,-7.092200000001391,2.4868995751603507e-14,-4.689582056016661e-13,21.780099999999997,-30.478799999999943,46.66029999999998,-46.093400000001836,37.96160000000003,-8.131800000001348


