GENERALIZED BORN:
Complex Energy Terms
Frame #,BOND,ANGLE,DIHED,UB,IMP,CMAP,VDWAALS,EEL,1-4 VDW,1-4 EEL,EGB,ESURF,G gas,G solv,TOTAL
0,378.5847,1006.8097,1713.7417,0.0,0.0,0.0,-1037.4401,-8912.3493,501.5175,5169.0632,-1673.9192,49.20111936,-1180.0726000000004,-1624.7180806400002,-2804.7906806400006
1,393.4632,1057.9502,1716.7189,0.0,0.0,0.0,-1011.3881,-8911.7784,489.9871,5196.1466,-1728.1234,49.925359439999994,-1068.9004999999988,-1678.19804056,-2747.0985405599986
2,413.4213,1041.6324,1717.2109,0.0,0.0,0.0,-1008.1728,-9048.4009,489.5452,5194.6094,-1589.7881,50.4554112,-1200.1544999999996,-1539.3326888,-2739.4871887999993
3,372.6894,1057.3132,1700.3131,0.0,0.0,0.0,-1013.6649,-9155.6391,474.1821,5189.3273,-1481.6711,50.499348479999995,-1375.4789,-1431.17175152,-2806.65065152
4,372.942,1021.2964,1715.7806,0.0,0.0,0.0,-1008.9097,-9194.3437,483.1894,5268.8975,-1484.792,49.41751247999999,-1341.1474999999991,-1435.37448752,-2776.521987519999
5,372.5222,1065.2223,1709.0261,0.0,0.0,0.0,-1018.8271,-9064.1785,483.601,5223.9935,-1584.4554,50.41012248,-1228.6405000000013,-1534.0452775200001,-2762.685777520001
6,406.5546,1021.1594,1681.366,0.0,0.0,0.0,-1009.182,-8955.2051,490.293,5216.1408,-1677.3435,51.521385599999995,-1148.8732999999993,-1625.8221144,-2774.695414399999
7,375.7127,1016.879,1688.9976,0.0,0.0,0.0,-1001.7401,-8969.2604,491.1289,5184.886,-1652.4737,52.042638239999995,-1213.3962999999994,-1600.43106176,-2813.8273617599993
8,414.8682,1005.7496,1706.009,0.0,0.0,0.0,-1000.389,-9078.615,488.9106,5206.2708,-1562.8094,53.22124296,-1257.1957999999995,-1509.5881570400002,-2766.7839570399997
9,391.5365,1045.8313,1723.2,0.0,0.0,0.0,-1000.5045,-9102.0266,488.3344,5217.1735,-1574.806,53.42448024,-1236.4553999999998,-1521.38151976,-2757.83691976
10,387.2288,1063.467,1696.8415,0.0,0.0,0.0,-1013.783,-9029.2675,471.4063,5203.1249,-1602.6,51.25767768,-1220.982,-1551.34232232,-2772.3243223199997
11,393.7268,1006.2335,1686.4762,0.0,0.0,0.0,-982.987,-8929.2348,497.6493,5191.0161,-1687.5561,53.33664672,-1137.1198999999997,-1634.21945328,-2771.3393532799996
12,403.3249,1037.8022,1720.9124,0.0,0.0,0.0,-997.5182,-9053.8855,480.9961,5182.1798,-1596.4692,52.20639,-1226.1882999999998,-1544.26281,-2770.45111
13,383.5531,1047.8468,1702.1961,0.0,0.0,0.0,-1009.7178,-9024.6418,494.2717,5222.726,-1587.5605,52.3752012,-1183.7659000000003,-1535.1852988,-2718.9511988000004
14,401.5196,1061.6756,1688.693,0.0,0.0,0.0,-1008.8479,-8953.747,475.3242,5187.0493,-1687.2776,52.62062472,-1148.3331999999991,-1634.6569752799999,-2782.990175279999
15,365.9388,1097.452,1711.9011,0.0,0.0,0.0,-1018.8443,-8864.1071,493.3547,5207.5427,-1759.3664,54.01516464,-1006.762099999999,-1705.3512353600001,-2712.113335359999
16,367.0363,1072.4949,1685.0924,0.0,0.0,0.0,-1005.4521,-8865.1498,478.9124,5183.1752,-1753.1852,53.5213944,-1083.890699999999,-1699.6638056,-2783.5545055999987
17,407.3033,1010.1986,1707.8458,0.0,0.0,0.0,-995.7174,-8903.0237,477.3288,5231.6546,-1764.5339,54.40295808,-1064.409999999999,-1710.13094192,-2774.5409419199987
18,417.4217,1038.2449,1691.4954,0.0,0.0,0.0,-993.0853,-8889.3525,483.3825,5206.0248,-1772.0556,54.672831359999996,-1045.8685000000005,-1717.38276864,-2763.25126864
19,365.7659,1079.0103,1707.118,0.0,0.0,0.0,-989.6042,-8892.2202,491.152,5170.3858,-1707.4324,52.748802,-1068.3923999999997,-1654.6835979999998,-2723.0759979999993
20,385.4123,1024.0073,1677.3756,0.0,0.0,0.0,-989.7453,-9014.5581,502.6644,5242.0843,-1666.1163,53.08729128,-1172.7595000000001,-1613.0290087199999,-2785.7885087199998
21,405.0421,1049.1362,1703.5378,0.0,0.0,0.0,-990.1811,-8922.0638,493.0281,5194.6099,-1709.0979,54.857518559999995,-1066.8908000000001,-1654.24038144,-2721.13118144
22,375.0105,1034.4962,1699.7148,0.0,0.0,0.0,-989.9236,-8971.7234,479.8461,5244.9223,-1723.7323,54.01819008,-1127.6571000000013,-1669.7141099199998,-2797.371209920001
23,376.9457,1059.1644,1709.1402,0.0,0.0,0.0,-990.8876,-8958.9068,484.4848,5227.464,-1701.4207,53.08024464,-1092.5953000000009,-1648.3404553599999,-2740.9357553600007
24,397.3165,1014.1787,1710.2952,0.0,0.0,0.0,-976.0528,-9002.3334,486.1856,5219.5507,-1695.1024,55.5130548,-1150.8594999999996,-1639.5893452,-2790.448845199999
25,388.8173,1063.2399,1709.123,0.0,0.0,0.0,-990.8616,-8952.7981,470.6589,5238.2047,-1738.8357,55.221246719999996,-1073.6158999999998,-1683.6144532800001,-2757.2303532799997
26,405.2785,1014.4559,1713.2854,0.0,0.0,0.0,-1001.3513,-9059.5835,495.1438,5286.988,-1621.3741,52.28303688,-1145.7832000000008,-1569.09106312,-2714.8742631200007
27,391.6585,1048.7807,1703.9654,0.0,0.0,0.0,-984.2014,-9005.8747,474.5665,5213.2793,-1660.01,54.3006828,-1157.8257000000003,-1605.7093172,-2763.5350172000008
28,353.0959,1085.8878,1713.3575,0.0,0.0,0.0,-1018.6545,-9021.0956,469.8098,5213.1175,-1652.0811,52.252027919999996,-1204.4816,-1599.82907208,-2804.3106720800006
29,413.743,1036.6376,1700.6936,0.0,0.0,0.0,-1006.1053,-9121.7627,499.9526,5223.6074,-1566.1596,51.42710664,-1253.2338,-1514.73249336,-2767.96629336
30,374.8488,1041.5171,1685.9745,0.0,0.0,0.0,-1001.6248,-9019.4456,498.6291,5233.3828,-1649.7054,52.869766320000004,-1186.7180999999991,-1596.83563368,-2783.553733679999
31,405.9544,1048.69,1714.8908,0.0,0.0,0.0,-1009.001,-9024.0648,492.5486,5240.9044,-1670.523,53.36943839999999,-1130.0775999999996,-1617.1535615999999,-2747.2311615999997
32,416.2451,1026.9497,1709.5212,0.0,0.0,0.0,-991.6509,-8894.269,475.9868,5194.3051,-1755.0141,52.01039376,-1062.9120000000012,-1703.0037062400002,-2765.9157062400013
33,378.2081,1055.5013,1689.5384,0.0,0.0,0.0,-973.6171,-8978.3718,491.1397,5213.5179,-1696.2399,52.12012248,-1124.0835000000015,-1644.11977752,-2768.2032775200014
34,375.1532,1062.0874,1703.881,0.0,0.0,0.0,-1004.9365,-8940.9295,478.7262,5221.1111,-1706.3667,53.19147672,-1104.9071000000004,-1653.17522328,-2758.0823232800003
35,425.2831,1055.7641,1712.9431,0.0,0.0,0.0,-997.2155,-8898.2208,470.1318,5204.3589,-1740.9158,53.66469888,-1026.9552999999987,-1687.25110112,-2714.2064011199986
36,412.005,1077.7713,1721.9539,0.0,0.0,0.0,-995.6995,-8924.5096,487.9048,5245.344,-1766.8486,53.33615712,-975.2300999999989,-1713.51244288,-2688.7425428799993
37,401.0731,1072.697,1737.0127,0.0,0.0,0.0,-1005.5877,-8829.048,478.0121,5205.5837,-1832.2148,54.68971752,-940.2571000000007,-1777.52508248,-2717.7821824800003
38,380.6936,1049.5549,1710.0555,0.0,0.0,0.0,-951.9759,-8908.8105,482.2697,5233.6002,-1795.2646,55.70710632,-1004.6124999999993,-1739.5574936799999,-2744.169993679999
39,396.6784,1049.7011,1677.6994,0.0,0.0,0.0,-944.3258,-9025.1706,485.3166,5231.7336,-1671.5689,55.193238,-1128.3673,-1616.375662,-2744.7429620000003
40,412.3605,1025.0352,1701.717,0.0,0.0,0.0,-996.6967,-9020.586,481.7337,5206.1056,-1630.4475,53.30837232,-1190.3306999999995,-1577.13912768,-2767.4698276799995
41,384.9939,1045.3021,1716.5234,0.0,0.0,0.0,-990.8191,-8948.8074,501.4344,5218.9311,-1694.9781,53.765238239999995,-1072.4416,-1641.2128617600001,-2713.6544617600002
42,407.4339,1038.236,1708.8777,0.0,0.0,0.0,-999.7928,-9054.2141,487.7179,5203.5358,-1621.672,51.91596576,-1208.2056000000002,-1569.75603424,-2777.9616342400004
43,405.8131,1040.0095,1723.4049,0.0,0.0,0.0,-1005.2187,-8909.0155,477.0625,5214.3251,-1730.3504,55.2427272,-1053.6191,-1675.1076728,-2728.7267728
44,369.9984,1023.9358,1713.7052,0.0,0.0,0.0,-958.7846,-8944.8955,473.6443,5285.6811,-1767.6821,56.14733088,-1036.7153000000008,-1711.53476912,-2748.2500691200007
45,403.3167,1036.5148,1720.448,0.0,0.0,0.0,-984.7694,-9026.0358,484.9648,5244.012,-1666.9162,53.553360239999996,-1121.5489000000007,-1613.3628397599998,-2734.9117397600003
46,391.666,1071.9278,1717.8157,0.0,0.0,0.0,-1008.4457,-8965.5469,482.6361,5219.7127,-1713.5517,52.557624,-1090.2343,-1660.994076,-2751.228376
47,392.3828,1029.5071,1698.0559,0.0,0.0,0.0,-968.4495,-9007.4237,500.9589,5239.5924,-1673.3387,54.42870384,-1115.3760999999986,-1618.90999616,-2734.286096159999
48,384.3832,1067.6072,1704.0495,0.0,0.0,0.0,-983.4751,-8947.0697,466.6758,5197.2671,-1704.5659,53.53026912,-1110.562,-1651.03563088,-2761.59763088
49,418.6604,1027.4404,1716.6403,0.0,0.0,0.0,-984.1849,-9043.4813,482.9708,5166.4701,-1610.9106,53.11289448,-1215.4841999999999,-1557.79770552,-2773.2819055200002
50,402.885,1046.5854,1712.7997,0.0,0.0,0.0,-968.6804,-8991.3427,485.9788,5185.9868,-1669.201,52.36113312,-1125.7874000000002,-1616.83986688,-2742.62726688
51,411.6173,1059.1537,1713.6341,0.0,0.0,0.0,-988.4534,-8981.7376,495.6043,5227.8342,-1679.8727,52.794423359999996,-1062.3474000000006,-1627.0782766399998,-2689.4256766400003
52,396.1003,1009.8668,1704.9399,0.0,0.0,0.0,-982.5678,-8940.4501,492.9074,5234.9374,-1729.406,55.2219408,-1084.2660999999998,-1674.1840591999999,-2758.4501591999997
53,384.5759,1051.3033,1704.4543,0.0,0.0,0.0,-977.6259,-8802.5532,478.7205,5232.0902,-1865.1207,54.72595944,-929.0349000000006,-1810.39474056,-2739.4296405600007
54,384.3641,1089.3474,1676.3434,0.0,0.0,0.0,-999.3616,-8820.4687,489.0014,5214.6388,-1827.9158,53.3728188,-966.1351999999997,-1774.5429812,-2740.6781811999995
55,383.6762,1014.7905,1722.6054,0.0,0.0,0.0,-967.0559,-8770.4501,483.9828,5197.1492,-1837.67,55.94687352,-935.3019000000004,-1781.72312648,-2717.0250264800006
56,377.2316,1054.5662,1698.6896,0.0,0.0,0.0,-1001.3985,-8811.1285,480.454,5221.7256,-1831.0622,53.32134816,-979.8600000000015,-1777.74085184,-2757.6008518400017
57,407.0288,1074.6437,1694.2783,0.0,0.0,0.0,-1004.2301,-8835.2578,475.437,5212.5046,-1804.9223,52.5827196,-975.5954999999994,-1752.3395804,-2727.9350803999996
58,383.6972,1035.8991,1700.1507,0.0,0.0,0.0,-987.6149,-8819.8391,485.1125,5192.0298,-1797.8468,55.535508,-1010.5646999999981,-1742.311292,-2752.8759919999984
59,378.0316,1002.1787,1725.2401,0.0,0.0,0.0,-1005.3256,-8877.0476,476.5418,5238.9747,-1775.0266,55.81282896,-1061.4063000000006,-1719.21377104,-2780.6200710400008
60,392.4223,1061.6258,1703.6201,0.0,0.0,0.0,-995.1245,-8881.6356,480.5659,5255.2503,-1781.4114,53.649300239999995,-983.2757000000001,-1727.76209976,-2711.0377997600003
61,361.2082,1036.304,1713.7159,0.0,0.0,0.0,-990.1343,-8848.0806,492.7192,5215.7527,-1814.7724,54.506412,-1018.5148999999992,-1760.265988,-2778.780887999999
62,383.6194,1033.3488,1693.4199,0.0,0.0,0.0,-978.9227,-8737.2256,485.4976,5230.7453,-1897.4191,56.443118399999996,-889.5173000000004,-1840.9759816,-2730.4932816000005
63,396.1778,1013.9623,1676.7777,0.0,0.0,0.0,-997.3922,-8945.0023,483.438,5243.215,-1695.3541,53.85457584,-1128.8237,-1641.49952416,-2770.32322416
64,396.2504,1070.9994,1698.7084,0.0,0.0,0.0,-993.4789,-8874.4189,487.0284,5219.6638,-1799.163,55.031292719999996,-995.2474000000002,-1744.13170728,-2739.3791072800004
65,408.5148,1053.4146,1726.3709,0.0,0.0,0.0,-989.6999,-8849.3672,468.7119,5187.9768,-1778.6657,55.23918696,-994.0781000000006,-1723.42651304,-2717.5046130400005
66,381.4038,1041.3695,1702.6331,0.0,0.0,0.0,-987.0611,-8855.159,474.7883,5194.189,-1775.5298,54.55472472,-1047.8363999999992,-1720.97507528,-2768.8114752799993
67,385.2886,1022.1314,1691.9404,0.0,0.0,0.0,-999.0705,-8793.1744,489.8119,5207.0951,-1813.5787,53.2945008,-995.9775000000009,-1760.2841992,-2756.2616992000007
68,396.895,998.6829,1710.5095,0.0,0.0,0.0,-973.9513,-8919.1501,495.4447,5201.2053,-1732.2249,54.10371096,-1090.3640000000014,-1678.12118904,-2768.4851890400014
69,402.0262,1058.5427,1726.0529,0.0,0.0,0.0,-1028.1211,-8912.9377,480.6945,5226.3509,-1735.0843,52.246320479999994,-1047.3916000000008,-1682.83797952,-2730.2295795200007
70,403.2143,1004.3232,1706.2284,0.0,0.0,0.0,-996.9646,-9002.4436,495.7631,5209.1812,-1647.299,52.4954736,-1180.6980000000003,-1594.8035264,-2775.5015264000003
71,360.7755,1055.8217,1692.3122,0.0,0.0,0.0,-996.995,-8981.0181,484.8301,5223.221,-1667.5993,52.395217200000005,-1161.0526,-1615.2040828000002,-2776.2566828
72,404.5814,1059.6853,1689.2471,0.0,0.0,0.0,-1018.6,-8987.6639,490.3756,5186.7426,-1611.7956,51.587027279999994,-1175.6318999999994,-1560.20857272,-2735.8404727199995
73,416.6452,1072.1304,1693.9609,0.0,0.0,0.0,-998.767,-8924.2211,471.0003,5168.2762,-1686.599,53.31881952,-1100.9751000000006,-1633.28018048,-2734.2552804800007
74,422.3469,1006.9314,1689.4347,0.0,0.0,0.0,-989.4055,-8816.2046,490.5699,5175.9366,-1825.9793,55.2103524,-1020.3905999999988,-1770.7689476,-2791.159547599999
75,418.3549,1048.9191,1704.7207,0.0,0.0,0.0,-990.0304,-8852.4084,483.0076,5210.0204,-1811.1629,53.6200992,-977.4161000000004,-1757.5428008000001,-2734.9589008000007
76,395.546,1029.5228,1684.8714,0.0,0.0,0.0,-973.8666,-9017.3299,487.4214,5211.1094,-1644.7764,53.46694368,-1182.7255000000005,-1591.30945632,-2774.03495632
77,407.3543,1008.1992,1722.7102,0.0,0.0,0.0,-987.465,-8837.383,481.6536,5181.7403,-1799.8915,54.69963768,-1023.1904000000004,-1745.19186232,-2768.3822623200003
78,400.1004,1037.6567,1697.7577,0.0,0.0,0.0,-1007.4014,-8776.8425,469.345,5199.8257,-1851.3184,52.964279999999995,-979.5583999999999,-1798.3541200000002,-2777.91252
79,392.2507,1039.5635,1695.7364,0.0,0.0,0.0,-965.8864,-8867.2634,483.5431,5249.3968,-1825.5488,55.28802167999999,-972.6592999999993,-1770.26077832,-2742.9200783199994
80,428.9591,1053.3435,1683.5493,0.0,0.0,0.0,-990.0813,-8862.4699,470.2995,5201.4943,-1767.9184,53.36195256,-1014.9054999999998,-1714.55644744,-2729.4619474399997
81,397.1024,992.6309,1713.2415,0.0,0.0,0.0,-991.5662,-8795.7862,488.5214,5207.1478,-1826.6247,53.267405759999995,-988.7084000000013,-1773.35729424,-2762.0656942400014
82,374.1386,1038.1311,1690.9917,0.0,0.0,0.0,-995.8164,-8722.5453,485.1972,5191.7512,-1877.2556,56.33369208,-938.1519000000008,-1820.92190792,-2759.0738079200005
83,407.0691,1053.0894,1695.8311,0.0,0.0,0.0,-999.2034,-8977.9063,475.9785,5185.2228,-1639.9449,51.347303999999994,-1159.9188000000004,-1588.597596,-2748.5163960000004
84,400.4243,1027.6776,1704.1926,0.0,0.0,0.0,-961.1441,-8899.3345,480.9886,5212.9776,-1782.916,53.93544408,-1034.2179000000006,-1728.98055592,-2763.198455920001
85,412.0429,1058.5063,1691.8687,0.0,0.0,0.0,-986.9322,-8749.6941,493.222,5220.5759,-1903.3003,56.027634479999996,-860.4105000000009,-1847.2726655200001,-2707.683165520001
86,420.847,1056.203,1694.9991,0.0,0.0,0.0,-1017.1472,-8827.5978,481.8602,5253.3856,-1836.1033,54.226634399999995,-937.4500999999991,-1781.8766656,-2719.326765599999
87,403.3807,1083.0897,1715.8319,0.0,0.0,0.0,-1012.2418,-8827.1544,490.0313,5182.6223,-1811.8157,53.191886399999994,-964.4403000000002,-1758.6238136000002,-2723.0641136000004
88,385.4598,1042.0931,1674.4139,0.0,0.0,0.0,-994.4185,-8833.5611,482.4845,5187.1463,-1801.4764,51.266108880000004,-1056.3819999999996,-1750.21029112,-2806.5922911199996
89,411.0339,1030.0763,1695.0695,0.0,0.0,0.0,-1018.9441,-8808.2539,482.5496,5186.5355,-1804.1583,53.238203999999996,-1021.9331999999995,-1750.920096,-2772.8532959999993
90,389.0341,1048.9592,1714.2985,0.0,0.0,0.0,-999.648,-8851.8817,486.7983,5192.3826,-1775.054,52.24695912,-1020.0569999999998,-1722.8070408800002,-2742.8640408799997
91,364.8815,1090.6214,1698.2741,0.0,0.0,0.0,-1018.7286,-9019.7597,493.5246,5228.7653,-1648.1204,51.02612856,-1162.421400000001,-1597.09427144,-2759.515671440001
92,397.0582,1061.907,1713.0579,0.0,0.0,0.0,-1024.7728,-8870.0566,468.6588,5187.8057,-1755.5833,50.73021576,-1066.3418000000001,-1704.85308424,-2771.19488424
93,390.5759,996.0543,1694.9364,0.0,0.0,0.0,-988.9386,-8924.3548,458.9978,5222.2078,-1711.6933,53.48938752,-1150.5211999999983,-1658.2039124799999,-2808.725112479998
94,407.5953,1033.7343,1745.0655,0.0,0.0,0.0,-1014.1706,-9014.1799,472.3323,5212.6967,-1656.928,49.78760112,-1156.9263999999985,-1607.14039888,-2764.0667988799983
95,404.9708,1041.556,1722.6875,0.0,0.0,0.0,-1008.8361,-8962.607,480.7387,5213.8026,-1700.3962,52.14533256,-1107.6875,-1648.2508674399999,-2755.93836744
96,398.7984,1037.8869,1711.774,0.0,0.0,0.0,-972.7751,-8982.859,483.6841,5215.4776,-1710.0775,51.617754,-1108.0131000000001,-1658.459746,-2766.4728460000006
97,365.0619,1057.6275,1697.2315,0.0,0.0,0.0,-999.1107,-8950.8847,477.9263,5230.3631,-1712.0658,53.47223136,-1121.785100000001,-1658.59356864,-2780.3786686400013
98,382.925,1085.3723,1695.0916,0.0,0.0,0.0,-1014.6499,-9058.9065,487.3988,5256.3488,-1603.4963,51.059154959999994,-1166.4198999999999,-1552.4371450400001,-2718.85704504
99,394.8402,1049.9353,1698.598,0.0,0.0,0.0,-987.5692,-8930.3488,493.4893,5201.9259,-1700.3219,54.27962208,-1079.1292999999996,-1646.0422779199998,-2725.1715779199994
100,386.9453,1089.7938,1709.9824,0.0,0.0,0.0,-993.6711,-8955.8249,488.0855,5214.8744,-1709.1243,53.46330336,-1059.8145999999997,-1655.66099664,-2715.47559664
101,390.7151,1000.4784,1696.4613,0.0,0.0,0.0,-971.5934,-8849.9844,475.5712,5191.5402,-1777.2285,54.895774319999994,-1066.811599999999,-1722.3327256799998,-2789.1443256799994
102,388.4799,1060.2602,1688.4319,0.0,0.0,0.0,-979.7713,-8893.3968,489.6056,5240.4751,-1788.0137,53.94789072,-1005.9154000000008,-1734.06580928,-2739.9812092800007
103,396.3022,1017.0429,1685.8044,0.0,0.0,0.0,-998.8828,-8767.0004,480.3252,5223.4416,-1880.7395,54.5036364,-962.9669000000004,-1826.2358636,-2789.2027636000003
104,396.4344,1005.4586,1686.0995,0.0,0.0,0.0,-950.2608,-8855.5839,489.7913,5215.7106,-1811.032,56.060762399999994,-1012.3502999999992,-1754.9712376,-2767.3215375999994
105,370.864,1023.5761,1710.5886,0.0,0.0,0.0,-1004.7074,-8746.5574,495.9349,5219.476,-1873.1173,51.747948,-930.8252000000002,-1821.369352,-2752.194552
106,379.9629,1026.1619,1687.7286,0.0,0.0,0.0,-978.479,-8833.9376,506.4623,5210.6104,-1817.3218,54.49001328,-1001.4904999999999,-1762.8317867199999,-2764.3222867199997
107,400.8943,1080.2637,1693.5045,0.0,0.0,0.0,-972.3417,-8796.1692,494.1227,5220.9945,-1845.487,55.078820639999996,-878.7312000000011,-1790.40817936,-2669.1393793600014
108,392.747,1077.3661,1702.2838,0.0,0.0,0.0,-978.7445,-8780.8878,479.281,5217.5984,-1857.9761,56.1350628,-890.3560000000007,-1801.8410372,-2692.1970372000005
109,392.7644,1039.6624,1701.7838,0.0,0.0,0.0,-978.7002,-8837.7334,483.0068,5218.7451,-1800.9607,53.787951359999994,-980.4710999999988,-1747.17274864,-2727.643848639999
110,401.6592,1057.4161,1697.7154,0.0,0.0,0.0,-996.3776,-8958.396,485.2611,5224.8802,-1677.7241,52.45299,-1087.8416000000016,-1625.27111,-2713.1127100000012
111,384.5999,1045.0292,1686.4381,0.0,0.0,0.0,-989.6612,-9044.1006,476.8432,5215.5749,-1600.0242,52.630031519999996,-1225.2765,-1547.39416848,-2772.6706684799997
112,416.1475,1060.7938,1720.5144,0.0,0.0,0.0,-984.8287,-8899.1262,461.2515,5211.9222,-1761.4321,56.39151168,-1013.3254999999999,-1705.04058832,-2718.36608832
113,380.6425,1048.4155,1736.904,0.0,0.0,0.0,-981.0864,-9027.1951,488.6833,5224.0442,-1662.2856,53.74869408,-1129.5920000000015,-1608.53690592,-2738.1289059200017
114,391.4397,1111.9071,1708.973,0.0,0.0,0.0,-989.2936,-9002.4557,497.9663,5250.4234,-1699.797,53.74002528,-1031.0398000000005,-1646.05697472,-2677.0967747200007
115,383.3495,1071.6814,1663.5148,0.0,0.0,0.0,-994.2168,-8843.2246,483.6106,5228.2327,-1767.8146,55.13740344,-1007.0524000000005,-1712.6771965599999,-2719.72959656
116,369.3863,1095.2182,1705.0418,0.0,0.0,0.0,-982.4367,-8902.1756,491.6926,5207.1384,-1758.8792,54.2452788,-1016.1350000000002,-1704.6339212,-2720.7689212000005
117,387.5506,1051.463,1707.1417,0.0,0.0,0.0,-955.5109,-8995.5035,491.9244,5278.5294,-1741.1188,56.67935472,-1034.4053000000004,-1684.43944528,-2718.8447452800006
118,416.967,1068.169,1714.6689,0.0,0.0,0.0,-984.51,-8899.787,486.16,5214.785,-1755.3823,54.49136976,-983.5471000000007,-1700.89093024,-2684.438030240001
119,411.4306,991.7165,1678.7765,0.0,0.0,0.0,-969.1562,-8974.9355,477.9115,5187.4442,-1659.9585,54.4886856,-1196.812399999999,-1605.4698144,-2802.282214399999
120,409.6945,1059.4111,1720.3797,0.0,0.0,0.0,-971.2236,-8864.0515,483.9506,5179.9841,-1796.0167,55.628677440000004,-981.8550999999998,-1740.3880225599999,-2722.24312256
121,397.3633,1047.3233,1720.2402,0.0,0.0,0.0,-991.9721,-8914.0899,483.1778,5230.2301,-1744.0384,52.878634559999995,-1027.7273000000005,-1691.15976544,-2718.8870654400002
122,386.8337,1002.8499,1710.8843,0.0,0.0,0.0,-975.9382,-9052.0096,497.1644,5230.7145,-1631.6954,53.07228144,-1199.5010000000002,-1578.62311856,-2778.12411856
123,394.6589,1044.389,1701.4546,0.0,0.0,0.0,-994.6798,-8883.5288,473.0792,5226.4007,-1786.1952,54.60210144,-1038.2261999999992,-1731.59309856,-2769.8192985599994
124,366.8981,1090.5848,1707.6838,0.0,0.0,0.0,-997.8163,-8956.0253,480.5718,5219.4475,-1688.7598,53.698094639999994,-1088.6556,-1635.0617053600001,-2723.71730536
125,394.9268,1075.1313,1700.4245,0.0,0.0,0.0,-987.5142,-8987.8614,478.3221,5179.4193,-1637.9958,53.17071048,-1147.1516000000001,-1584.82508952,-2731.97668952
126,403.8335,1029.3166,1719.5634,0.0,0.0,0.0,-979.2606,-8890.1222,476.1914,5197.9213,-1771.5759,54.84833208,-1042.5566,-1716.72756792,-2759.2841679199996
127,411.5452,1044.1488,1709.0562,0.0,0.0,0.0,-986.3049,-9009.5002,480.0907,5194.2634,-1649.2697,54.28938384,-1156.7008000000014,-1594.98031616,-2751.6811161600012
128,397.9486,1021.6026,1716.9027,0.0,0.0,0.0,-968.566,-8879.0698,482.8454,5210.0938,-1754.4144,56.536427520000004,-1018.2426999999989,-1697.87797248,-2716.1206724799986
129,406.327,1035.3394,1683.215,0.0,0.0,0.0,-972.8458,-8984.9525,491.3705,5262.0375,-1702.3395,55.49719104,-1079.508899999999,-1646.84230896,-2726.351208959999
130,393.9833,1021.7685,1706.4541,0.0,0.0,0.0,-969.6209,-8934.694,483.5735,5248.2822,-1760.1483,56.191640400000004,-1050.2532999999994,-1703.9566596,-2754.2099595999994
131,382.3396,1071.5327,1692.9314,0.0,0.0,0.0,-967.4143,-8962.6664,490.9961,5282.8984,-1759.2202,55.494122399999995,-1009.3824999999997,-1703.7260776,-2713.1085775999995
132,375.4078,1039.9962,1710.8442,0.0,0.0,0.0,-970.5286,-9127.7715,479.0818,5238.1836,-1546.8453,54.526556879999994,-1254.7865000000002,-1492.31874312,-2747.10524312
133,392.8726,1071.8786,1712.3312,0.0,0.0,0.0,-1009.0415,-9032.1198,480.5927,5243.0863,-1639.6771,52.40558952,-1140.3999000000003,-1587.2715104800002,-2727.6714104800003
134,386.8466,1027.6209,1716.9044,0.0,0.0,0.0,-977.296,-9003.7219,471.7504,5256.4077,-1660.7607,54.07723944,-1121.487900000001,-1606.68346056,-2728.1713605600007
135,349.5102,1061.6265,1709.9379,0.0,0.0,0.0,-979.1682,-8947.4952,489.5903,5220.2335,-1708.9425,54.010876319999994,-1095.7649999999994,-1654.93162368,-2750.6966236799994
136,417.5065,1005.8007,1739.4898,0.0,0.0,0.0,-995.6385,-8970.4922,484.1413,5248.6949,-1689.7429,51.97006368,-1070.4975000000004,-1637.77283632,-2708.2703363200008
137,395.918,1080.7167,1721.0077,0.0,0.0,0.0,-989.5947,-8997.3299,492.3605,5212.2566,-1668.4603,51.8446728,-1084.665100000001,-1616.6156272,-2701.280727200001
138,382.6101,1020.1801,1679.8588,0.0,0.0,0.0,-993.7139,-8983.4178,487.0238,5235.1043,-1678.5914,52.519826159999994,-1172.3545999999997,-1626.07157384,-2798.42617384
139,374.6337,1003.0573,1719.9755,0.0,0.0,0.0,-995.903,-8939.1136,487.8876,5247.1654,-1724.8611,53.8974648,-1102.2971000000007,-1670.9636352,-2773.260735200001
140,417.1724,1031.265,1701.2402,0.0,0.0,0.0,-980.5933,-8868.2064,486.2397,5208.8121,-1788.5925,53.894743919999996,-1004.0702999999985,-1734.69775608,-2738.768056079998
141,374.1843,1040.2136,1713.1198,0.0,0.0,0.0,-980.1763,-8911.0835,496.1412,5291.2262,-1787.5449,55.53871344,-976.3747000000012,-1732.00618656,-2708.3808865600013
142,410.8585,1064.7022,1689.7013,0.0,0.0,0.0,-963.9345,-8887.7879,486.9968,5201.8815,-1731.0349,54.79142904,-997.5820999999996,-1676.2434709600002,-2673.82557096
143,373.677,1057.4884,1693.5436,0.0,0.0,0.0,-1002.5255,-8848.0088,472.082,5180.3564,-1763.4477,52.8842952,-1073.3868999999995,-1710.5634048,-2783.9503047999992
144,384.6815,1069.034,1685.2515,0.0,0.0,0.0,-970.2338,-8793.2152,493.4999,5182.5101,-1824.4229,54.36165528,-948.4719999999998,-1770.06124472,-2718.53324472
145,418.5531,1032.586,1694.5594,0.0,0.0,0.0,-975.8403,-8731.0972,482.086,5176.7142,-1879.5087,56.70198792,-902.438799999999,-1822.8067120800001,-2725.245512079999
146,407.0945,1082.6259,1689.9357,0.0,0.0,0.0,-980.5426,-8736.4321,503.7752,5219.5596,-1901.0178,56.5316676,-813.9838,-1844.4861324,-2658.4699324
147,362.2553,1010.3755,1682.5551,0.0,0.0,0.0,-964.8699,-8799.0903,495.9548,5201.8917,-1835.0987,55.47664584,-1010.9277999999995,-1779.62205416,-2790.5498541599995
148,376.9175,1055.9792,1668.7275,0.0,0.0,0.0,-1010.4565,-8746.3821,497.7782,5177.6638,-1840.6763,53.27998632,-979.7724000000007,-1787.39631368,-2767.168713680001
149,389.3369,1048.7565,1679.209,0.0,0.0,0.0,-981.3999,-8854.1034,486.8357,5238.9142,-1805.3445,54.4002912,-992.451,-1750.9442087999998,-2743.3952088
150,385.8945,1089.6583,1713.637,0.0,0.0,0.0,-987.8104,-8954.6775,472.8023,5251.4227,-1749.1273,54.11902824,-1029.0730999999996,-1695.00827176,-2724.08137176
151,399.1297,1049.303,1724.8879,0.0,0.0,0.0,-953.1628,-9009.3546,483.0712,5213.1334,-1680.8286,54.65568096,-1092.9922000000006,-1626.1729190400001,-2719.1651190400003
152,417.5389,1104.7154,1708.6879,0.0,0.0,0.0,-996.7936,-9061.8218,478.0975,5234.4933,-1610.0839,53.140861439999995,-1115.0823999999993,-1556.94303856,-2672.025438559999
153,420.0989,1058.7187,1706.2864,0.0,0.0,0.0,-964.3696,-9041.5414,471.6502,5217.8102,-1648.8301,54.514431359999996,-1131.3466000000008,-1594.31566864,-2725.662268640001
154,392.572,1044.6996,1699.5782,0.0,0.0,0.0,-1002.2291,-8974.5921,482.6659,5245.3969,-1690.0626,50.81055552,-1111.9086000000007,-1639.25204448,-2751.160644480001
155,394.5862,1033.6439,1714.5719,0.0,0.0,0.0,-968.9466,-9019.3207,473.7641,5250.7295,-1675.1202,53.927251919999996,-1120.9717,-1621.1929480800002,-2742.1646480800005
156,393.5494,1054.8309,1707.5034,0.0,0.0,0.0,-1006.5547,-9045.8736,484.9631,5255.1322,-1637.3636,52.053872399999996,-1156.4493000000011,-1585.3097275999999,-2741.759027600001
157,427.4325,1057.4131,1690.5406,0.0,0.0,0.0,-991.4309,-8926.9634,482.0517,5189.7328,-1708.9595,51.50778552,-1071.2236000000012,-1657.45171448,-2728.675314480001
158,385.9942,1055.2661,1716.2087,0.0,0.0,0.0,-992.4221,-9013.2668,483.2595,5249.7064,-1669.4439,53.7621372,-1115.253999999999,-1615.6817628,-2730.9357627999993
159,409.7367,1038.0325,1713.9153,0.0,0.0,0.0,-1013.6702,-8977.1522,478.9091,5241.1855,-1676.801,52.128838079999994,-1109.0433000000012,-1624.67216192,-2733.715461920001
160,410.0474,1012.267,1718.9517,0.0,0.0,0.0,-980.7073,-8985.2534,499.7397,5228.408,-1684.0611,53.801565839999995,-1096.5468999999994,-1630.25953416,-2726.8064341599993
161,428.7045,1050.4576,1690.2647,0.0,0.0,0.0,-976.7003,-8934.4202,484.4071,5237.88,-1759.1968,55.810335599999995,-1019.4065999999993,-1703.3864644,-2722.793064399999
162,376.9793,1056.2892,1700.8506,0.0,0.0,0.0,-987.0223,-8817.7962,497.2951,5227.9152,-1841.0102,55.41345432,-945.4891000000007,-1785.59674568,-2731.0858456800006
163,412.0918,1044.3499,1723.2557,0.0,0.0,0.0,-977.3323,-8905.8475,489.1388,5244.8547,-1797.1007,56.28752351999999,-969.4889000000003,-1740.81317648,-2710.3020764800003
164,400.4688,1021.5993,1713.5501,0.0,0.0,0.0,-978.1474,-8924.3631,476.9929,5241.8564,-1748.7742,54.08152416,-1048.0430000000006,-1694.69267584,-2742.7356758400006
165,357.5004,1036.4196,1705.7973,0.0,0.0,0.0,-979.5693,-8877.4273,493.2501,5235.6236,-1783.1615,53.99330544,-1028.4055999999991,-1729.1681945599998,-2757.5737945599994
166,403.8078,1040.4213,1732.4045,0.0,0.0,0.0,-983.3616,-8781.1546,491.3111,5244.8853,-1882.2498,57.160048319999994,-851.6862000000001,-1825.08975168,-2676.77595168
167,410.1035,1033.6371,1692.9189,0.0,0.0,0.0,-974.8084,-8782.2493,473.3297,5202.3835,-1888.8505,55.29009744,-944.6849999999995,-1833.56040256,-2778.2454025599995
168,405.7007,1056.9144,1707.2575,0.0,0.0,0.0,-964.7256,-8722.0712,494.2721,5200.9063,-1916.1747,57.16293768,-821.7458000000006,-1859.0117623200001,-2680.7575623200005
169,366.4858,1087.6488,1710.5655,0.0,0.0,0.0,-975.6768,-8854.1369,494.2817,5237.1493,-1829.9242,57.6734796,-933.6825999999992,-1772.2507203999999,-2705.933320399999
170,382.7989,1042.1183,1700.4889,0.0,0.0,0.0,-939.8576,-8737.9634,486.9093,5262.5552,-1948.4988,57.61930248,-802.9504000000006,-1890.87949752,-2693.829897520001
171,395.1798,1080.3788,1721.3171,0.0,0.0,0.0,-991.3511,-8707.105,477.8591,5185.7482,-1931.7907,57.256148159999995,-837.9731000000002,-1874.53455184,-2712.50765184
172,410.7012,1038.8869,1667.5613,0.0,0.0,0.0,-952.0659,-8732.9675,467.2752,5192.4246,-1898.8774,57.49362576,-908.1841999999997,-1841.38377424,-2749.56797424
173,409.5573,1078.7063,1704.2325,0.0,0.0,0.0,-977.1606,-8820.4674,482.1658,5187.8745,-1822.4087,54.869495040000004,-935.0915999999997,-1767.53920496,-2702.6308049599998
174,399.3687,1057.2199,1711.0569,0.0,0.0,0.0,-980.0931,-8818.8949,490.5304,5237.5629,-1859.4192,54.79112376,-903.2491999999993,-1804.6280762400002,-2707.8772762399994
175,376.2162,1031.6726,1700.087,0.0,0.0,0.0,-984.786,-8766.3821,464.8594,5216.5572,-1859.9915,56.7078768,-961.7757000000001,-1803.2836232000002,-2765.0593232
176,391.0504,1044.152,1690.677,0.0,0.0,0.0,-985.8045,-8721.9917,487.0455,5229.0761,-1917.8245,56.49254928,-865.7952000000005,-1861.33195072,-2727.1271507200004
177,381.0756,1064.2719,1698.0892,0.0,0.0,0.0,-969.1541,-8847.6541,486.8636,5238.9766,-1822.1316,56.90224728,-947.5313000000006,-1765.22935272,-2712.76065272
178,372.671,1043.3251,1690.4721,0.0,0.0,0.0,-999.6688,-8837.6585,472.0741,5238.6968,-1819.7889,52.861969439999996,-1020.0882000000001,-1766.92693056,-2787.01513056
179,400.6408,1052.4898,1700.3335,0.0,0.0,0.0,-986.2552,-8652.4743,504.0895,5180.3889,-1943.312,54.0399636,-800.7870000000003,-1889.2720364,-2690.0590364
180,369.3547,1036.3455,1712.2115,0.0,0.0,0.0,-990.9171,-8738.3046,498.0644,5217.6142,-1892.3413,54.91161576,-895.6313999999993,-1837.4296842400001,-2733.061084239999
181,395.1149,1015.9615,1716.0612,0.0,0.0,0.0,-985.6423,-8740.1859,486.9704,5216.1405,-1890.645,57.116816639999996,-895.5796999999993,-1833.52818336,-2729.1078833599995
182,412.2623,1062.3764,1696.6296,0.0,0.0,0.0,-1002.13,-8718.7939,479.7073,5207.5973,-1912.5135,55.438894080000004,-862.3510000000006,-1857.07460592,-2719.4256059200006
183,371.5248,1044.1252,1693.5968,0.0,0.0,0.0,-1003.9691,-8646.0769,489.6101,5152.0205,-1919.7337,55.19836656,-899.1686000000009,-1864.53533344,-2763.7039334400006
184,390.1629,1067.1332,1682.1828,0.0,0.0,0.0,-968.8718,-8911.2327,495.897,5179.679,-1715.6716,54.07483608,-1065.0496000000003,-1661.5967639199998,-2726.64636392
185,408.52,1075.7835,1681.6083,0.0,0.0,0.0,-986.9112,-8762.2962,480.1452,5182.5787,-1834.4017,55.135963440000005,-920.5717000000013,-1779.2657365599998,-2699.837436560001
186,377.1736,998.7847,1703.4679,0.0,0.0,0.0,-973.535,-8839.0179,490.7875,5206.5987,-1772.5881,54.32171544,-1035.7405000000008,-1718.26638456,-2754.006884560001
187,384.4925,1009.8063,1702.1317,0.0,0.0,0.0,-998.1381,-8699.1513,476.1389,5210.7703,-1941.2973,54.573421679999996,-913.9496999999992,-1886.72387832,-2800.6735783199993
188,397.0031,998.2537,1701.7961,0.0,0.0,0.0,-1001.1949,-8761.1068,497.3903,5238.6735,-1890.6016,55.533268799999995,-929.1849999999995,-1835.0683311999999,-2764.2533311999996
189,433.5639,1044.5295,1688.4754,0.0,0.0,0.0,-974.7743,-8714.3779,477.6751,5214.2601,-1951.5407,56.82942,-830.6481999999987,-1894.71128,-2725.3594799999987
190,397.5638,1022.5646,1678.7336,0.0,0.0,0.0,-979.4028,-8733.8119,493.929,5194.0508,-1896.2755,55.0825884,-926.3729000000003,-1841.1929116,-2767.5658116
191,388.9328,1035.7829,1696.076,0.0,0.0,0.0,-987.9586,-8626.5679,491.0766,5193.6837,-1992.3899,56.01195072,-808.9745000000003,-1936.37794928,-2745.35244928
192,393.9568,1062.1536,1690.4732,0.0,0.0,0.0,-993.3805,-8658.5561,506.3851,5183.624,-1935.8861,54.7778376,-815.3438999999998,-1881.1082624,-2696.4521623999995
193,405.3628,998.9857,1711.9068,0.0,0.0,0.0,-996.2407,-8748.7686,480.9339,5229.1882,-1917.1257,54.97068528,-918.6318999999994,-1862.15501472,-2780.7869147199995
194,406.8291,1030.1906,1708.0969,0.0,0.0,0.0,-996.3325,-8743.6522,487.0493,5199.0506,-1864.0315,54.79976376,-908.7682000000013,-1809.2317362400001,-2717.9999362400013
195,399.1638,1046.4269,1695.6694,0.0,0.0,0.0,-978.7858,-8805.4889,494.7411,5176.5888,-1801.4716,54.575580959999996,-971.6846999999998,-1746.89601904,-2718.5807190399996
196,421.7087,1067.0304,1678.6836,0.0,0.0,0.0,-1018.2526,-8762.0658,477.7249,5168.6474,-1821.7782,52.91053704,-966.5234,-1768.86766296,-2735.39106296
197,434.5303,1044.4365,1706.6342,0.0,0.0,0.0,-986.7086,-8849.2332,486.4535,5184.4226,-1770.8934,52.693344,-979.4647000000004,-1718.200056,-2697.6647560000006
198,428.084,1059.1265,1705.3526,0.0,0.0,0.0,-1011.4105,-8715.8817,499.6751,5181.5939,-1860.5672,54.51615072,-853.4600999999993,-1806.05104928,-2659.5111492799992
199,391.1086,1005.8482,1686.7951,0.0,0.0,0.0,-957.5309,-8780.2996,489.893,5184.3647,-1842.6941,54.63160488,-979.8208999999997,-1788.06249512,-2767.8833951199995
200,403.8291,1013.9888,1688.2777,0.0,0.0,0.0,-983.412,-8727.0565,487.2446,5156.5904,-1840.4725,56.468588399999994,-960.5379000000003,-1784.0039116,-2744.5418116
201,395.2,1093.8868,1696.7729,0.0,0.0,0.0,-997.1278,-8794.2966,484.7875,5190.1462,-1812.0837,55.50070392,-930.6309999999994,-1756.58299608,-2687.2139960799996
202,365.5123,1042.2063,1679.775,0.0,0.0,0.0,-980.7863,-8890.8169,462.9357,5187.6928,-1755.2135,54.073102320000004,-1133.4811,-1701.14039768,-2834.6214976799997
203,407.6537,997.9385,1701.7103,0.0,0.0,0.0,-1001.592,-8949.0765,499.033,5254.3993,-1730.8464,53.09979264,-1089.9336999999996,-1677.7466073599999,-2767.6803073599995
204,386.55,1070.9712,1683.8019,0.0,0.0,0.0,-978.8938,-8887.0623,480.8981,5201.134,-1738.4373,53.32524264,-1042.6008999999995,-1685.11205736,-2727.7129573599996
205,385.9257,1023.2975,1720.3126,0.0,0.0,0.0,-985.0129,-8936.2615,484.7437,5296.4488,-1823.1738,56.13853032,-1010.5461000000005,-1767.03526968,-2777.5813696800005
206,417.172,1061.2044,1697.2866,0.0,0.0,0.0,-979.549,-8765.8018,476.7357,5172.7695,-1874.9721,55.493854559999996,-920.1825999999992,-1819.47824544,-2739.6608454399993
207,421.0349,1049.675,1700.1818,0.0,0.0,0.0,-977.002,-8870.1283,492.1757,5211.9485,-1810.6643,55.8162648,-972.1144000000004,-1754.8480352,-2726.9624352
208,398.7673,1081.1695,1701.8033,0.0,0.0,0.0,-979.9036,-8825.4318,486.7827,5228.4714,-1821.4291,55.65423312,-908.3412000000008,-1765.77486688,-2674.116066880001
209,405.7389,1043.0401,1710.444,0.0,0.0,0.0,-1008.6301,-8872.9278,486.1326,5136.3588,-1726.3297,53.62211232,-1099.8435,-1672.70758768,-2772.5510876800004
210,376.6603,1056.698,1717.7636,0.0,0.0,0.0,-994.8266,-8906.6784,480.744,5220.0109,-1775.3814,53.99664264,-1049.628200000001,-1721.38475736,-2771.012957360001
211,405.1494,1022.4752,1708.6594,0.0,0.0,0.0,-999.7487,-8979.0589,483.78,5229.4304,-1700.0015,52.12450944,-1129.3132000000005,-1647.8769905600002,-2777.1901905600007
212,370.079,1069.4107,1722.2196,0.0,0.0,0.0,-980.5745,-8930.919,485.4831,5219.5816,-1751.0584,53.623594080000004,-1044.7194999999992,-1697.43480592,-2742.154305919999
213,375.2787,1034.0456,1711.8831,0.0,0.0,0.0,-957.1133,-8934.9487,488.9127,5226.7853,-1762.958,55.86278976,-1055.1566000000012,-1707.0952102400001,-2762.2518102400013
214,370.3579,1057.0393,1713.4852,0.0,0.0,0.0,-992.5794,-8858.4141,493.8878,5202.9954,-1805.0302,54.28426824,-1013.2278999999999,-1750.7459317599998,-2763.97383176
215,386.5885,1053.9544,1691.2382,0.0,0.0,0.0,-961.1005,-8852.6804,494.4915,5217.604,-1787.4051,54.873475199999994,-969.9042999999992,-1732.5316248,-2702.435924799999
216,428.1453,1037.4098,1725.503,0.0,0.0,0.0,-975.2546,-8867.6951,480.1486,5183.8796,-1782.8503,53.648196479999996,-987.8634000000002,-1729.20210352,-2717.06550352
217,379.8241,1029.9138,1719.1498,0.0,0.0,0.0,-989.9081,-8886.0035,496.2955,5239.5999,-1782.42,53.9146404,-1011.1284999999998,-1728.5053596,-2739.6338596
218,399.2751,1047.8061,1731.8154,0.0,0.0,0.0,-971.7681,-8861.5799,462.0789,5271.9221,-1855.9313,57.50683416,-920.4504000000015,-1798.42446584,-2718.874865840002
219,404.0619,1082.7622,1674.8033,0.0,0.0,0.0,-1003.9778,-8860.3493,470.4601,5243.7422,-1789.7504,53.952978959999996,-988.4974000000002,-1735.7974210399998,-2724.29482104
220,383.8752,1044.9303,1685.8177,0.0,0.0,0.0,-993.6471,-8770.1985,491.1303,5214.3536,-1850.0636,53.92226088,-943.7385000000004,-1796.1413391199999,-2739.8798391200003
221,380.8518,1063.2988,1685.0006,0.0,0.0,0.0,-1028.6186,-8830.8767,497.1987,5189.6135,-1748.2465,53.771668559999995,-1043.5319,-1694.47483144,-2738.0067314400003
222,396.0472,1046.0068,1685.5802,0.0,0.0,0.0,-991.0651,-8763.3089,472.6489,5197.2318,-1866.845,54.34020144,-956.8590999999997,-1812.50479856,-2769.36389856
223,397.4914,1051.377,1704.9085,0.0,0.0,0.0,-1006.9104,-8780.0086,497.8487,5192.34,-1820.641,53.494943039999995,-942.9533999999985,-1767.1460569600001,-2710.0994569599984
224,395.7065,1067.2674,1689.9891,0.0,0.0,0.0,-969.8719,-8698.0799,470.1278,5170.8947,-1915.6644,54.33186168,-873.966300000001,-1861.33253832,-2735.2988383200004
225,438.6876,1051.527,1694.187,0.0,0.0,0.0,-993.5969,-8665.6266,468.6884,5212.4278,-1961.6798,53.67354912,-793.7056999999986,-1908.00625088,-2701.7119508799983
226,410.9224,1053.5218,1656.5947,0.0,0.0,0.0,-974.731,-8762.4683,489.3288,5240.4838,-1907.0503,55.069716959999994,-886.3478000000005,-1851.98058304,-2738.3283830400005
227,396.1553,1042.0494,1719.115,0.0,0.0,0.0,-1002.996,-8661.4872,480.8989,5215.4109,-1962.636,54.41749128,-810.8536999999997,-1908.21850872,-2719.0722087199997
228,370.5847,1015.5418,1706.4717,0.0,0.0,0.0,-999.8078,-8725.4355,496.6979,5260.0412,-1937.5582,54.56352816,-875.906,-1882.99467184,-2758.90067184
229,402.5347,1059.0425,1710.4005,0.0,0.0,0.0,-1005.7946,-8786.2582,475.5336,5242.4776,-1897.2734,55.78321176,-902.0639000000001,-1841.49018824,-2743.55408824
230,370.9798,1050.4304,1693.7503,0.0,0.0,0.0,-985.5665,-8826.9723,494.6241,5217.145,-1831.7441,55.02457224,-985.609199999999,-1776.71952776,-2762.328727759999
231,408.3509,1004.6779,1688.9413,0.0,0.0,0.0,-1008.4316,-8827.6664,486.3244,5220.8204,-1820.0069,53.11946088,-1026.9830999999995,-1766.8874391200002,-2793.8705391199996
232,421.6608,1006.3773,1706.317,0.0,0.0,0.0,-1030.6282,-8874.8065,466.6123,5218.2891,-1776.7563,53.90583048,-1086.1782000000012,-1722.85046952,-2809.028669520001
233,435.479,1035.2167,1700.1254,0.0,0.0,0.0,-983.6053,-8874.2159,474.5631,5209.4063,-1764.7543,51.98918112,-1003.0306999999993,-1712.76511888,-2715.7958188799994
234,389.6022,1021.3701,1726.2705,0.0,0.0,0.0,-1018.9945,-8887.9958,488.4174,5202.9383,-1732.1572,52.079634,-1078.3918000000003,-1680.0775660000002,-2758.4693660000003
235,379.1662,1045.3455,1693.6024,0.0,0.0,0.0,-975.6801,-8898.573,502.1495,5226.2771,-1776.4085,53.8110216,-1027.7124000000013,-1722.5974784,-2750.3098784000013
236,425.5329,1066.3823,1719.9349,0.0,0.0,0.0,-998.3468,-8859.2728,489.1019,5224.8882,-1806.4211,54.71235504,-931.7794000000013,-1751.70874496,-2683.488144960001
237,376.7542,1080.2572,1698.9758,0.0,0.0,0.0,-1005.7173,-8898.774,486.0155,5229.135,-1735.6895,53.48573784,-1033.3535999999986,-1682.20376216,-2715.5573621599983
238,394.4388,1099.9492,1718.2793,0.0,0.0,0.0,-969.7688,-8925.1186,479.3665,5274.1873,-1786.5214,55.75059432,-928.6662999999999,-1730.7708056800002,-2659.43710568
239,405.2913,1034.9429,1705.8629,0.0,0.0,0.0,-985.5433,-8965.2559,494.3263,5272.0139,-1770.0857,54.07154712,-1038.3619000000008,-1716.01415288,-2754.3760528800008
240,380.6644,1046.3785,1677.7377,0.0,0.0,0.0,-991.9675,-8849.5717,492.5937,5269.2722,-1839.9759,55.80051336,-974.8926999999994,-1784.17538664,-2759.0680866399994
241,384.757,1035.0479,1704.0004,0.0,0.0,0.0,-987.7501,-8922.8001,512.0274,5266.3266,-1756.9011,54.5376456,-1008.3909000000003,-1702.3634544000001,-2710.7543544000005
242,394.4968,997.4692,1701.3714,0.0,0.0,0.0,-990.0172,-8888.485,505.7831,5260.1084,-1784.1971,54.98517528,-1019.2733000000007,-1729.21192472,-2748.485224720001
243,380.0153,1056.7942,1685.1308,0.0,0.0,0.0,-977.1101,-8947.5233,497.7148,5237.3961,-1723.2566,52.26756336,-1067.5822000000007,-1670.98903664,-2738.5712366400003
244,373.116,1029.4599,1702.1745,0.0,0.0,0.0,-979.8307,-8946.1497,485.1121,5235.1802,-1712.2737,51.630612479999996,-1100.9376999999995,-1660.6430875199999,-2761.5807875199994
245,379.1907,1010.905,1704.8298,0.0,0.0,0.0,-970.127,-9093.11,486.4766,5281.5555,-1658.7564,53.88698016,-1200.2794000000004,-1604.86941984,-2805.1488198400007
246,381.9503,1053.8501,1724.3684,0.0,0.0,0.0,-956.2998,-8918.6803,480.7259,5203.5432,-1763.7551,54.15430679999999,-1030.542199999999,-1709.6007932,-2740.142993199999
247,385.4528,1088.6107,1680.0253,0.0,0.0,0.0,-1004.3634,-8819.9179,470.3187,5179.0974,-1795.8009,52.71036048,-1020.7764000000006,-1743.09053952,-2763.866939520001
248,394.618,1077.3826,1694.1309,0.0,0.0,0.0,-983.6742,-8922.376,492.0461,5219.557,-1761.1881,53.56252152,-1028.3156000000008,-1707.62557848,-2735.9411784800013
249,397.8933,1051.0604,1692.4279,0.0,0.0,0.0,-985.3519,-8999.3383,496.7954,5234.6789,-1659.4404,52.97521895999999,-1111.8343000000004,-1606.46518104,-2718.2994810400005
250,413.98,1041.3289,1695.4183,0.0,0.0,0.0,-975.5879,-8844.9557,476.6231,5201.6409,-1788.6496,55.2606768,-991.5523999999996,-1733.3889232,-2724.9413231999993
251,382.059,1064.1625,1718.3061,0.0,0.0,0.0,-1016.2215,-8933.9383,470.0742,5220.2407,-1706.575,53.66312136,-1095.3172999999997,-1652.91187864,-2748.2291786399996
252,392.9599,1034.8218,1697.3624,0.0,0.0,0.0,-984.0413,-8860.108,470.6963,5170.0503,-1759.7773,54.4930812,-1078.2586000000001,-1705.2842188,-2783.5428188
253,401.0132,1044.5148,1697.181,0.0,0.0,0.0,-997.6873,-8809.6031,487.3746,5198.3205,-1814.6727,54.823642559999996,-978.886300000001,-1759.84905744,-2738.7353574400013
254,369.5459,1048.1766,1712.7502,0.0,0.0,0.0,-985.4609,-9015.7521,484.4065,5214.3694,-1635.1362,53.95698864,-1171.9643999999998,-1581.17921136,-2753.14361136
255,424.2119,1060.2216,1702.3914,0.0,0.0,0.0,-994.2574,-9040.3765,479.2563,5201.9709,-1615.7654,51.82781832,-1166.5818,-1563.93758168,-2730.51938168
256,397.3105,1055.4278,1713.8699,0.0,0.0,0.0,-1015.8441,-8958.5198,481.7827,5239.2413,-1715.1425,50.605010639999996,-1086.7317000000012,-1664.5374893599999,-2751.2691893600013
257,412.7372,1071.2674,1705.8674,0.0,0.0,0.0,-987.0038,-8854.9752,481.2157,5195.7933,-1795.1627,53.74053936,-975.098,-1741.4221606400001,-2716.5201606399996
258,403.9049,1049.5751,1696.6955,0.0,0.0,0.0,-987.6476,-8850.6315,478.1999,5203.7094,-1782.4181,55.16558424,-1006.1943000000001,-1727.25251576,-2733.44681576
259,384.8662,1036.4885,1685.1633,0.0,0.0,0.0,-992.0585,-9088.0161,490.283,5271.6819,-1634.3588,51.83796816,-1211.5917000000009,-1582.52083184,-2794.112531840001
260,394.9241,1061.5061,1722.4074,0.0,0.0,0.0,-992.6542,-8983.0544,462.3341,5220.5567,-1676.5501,53.3630952,-1113.9802000000009,-1623.1870047999998,-2737.167204800001
261,380.4981,1085.7577,1725.8139,0.0,0.0,0.0,-985.5155,-8939.5937,499.1635,5223.8612,-1685.2549,53.32377096,-1010.014799999999,-1631.9311290399999,-2641.945929039999
262,396.4917,1019.1246,1699.8104,0.0,0.0,0.0,-972.3063,-9062.3997,477.2675,5255.1514,-1622.1868,55.27917936,-1186.8604000000005,-1566.90762064,-2753.7680206400005
263,381.6171,1062.105,1711.5744,0.0,0.0,0.0,-981.8806,-9102.8397,487.5758,5233.0498,-1614.6634,54.833641199999995,-1208.798200000001,-1559.8297587999998,-2768.627958800001
264,380.639,1039.5761,1696.6732,0.0,0.0,0.0,-979.0661,-8996.0554,504.3378,5251.7418,-1682.0328,53.7867612,-1102.1535999999996,-1628.2460388,-2730.3996387999996
265,390.9045,1022.9976,1721.2985,0.0,0.0,0.0,-966.0478,-8911.5438,491.9972,5228.5489,-1761.492,55.48533984,-1021.8449,-1706.00666016,-2727.85156016
266,401.1116,1042.9137,1700.7186,0.0,0.0,0.0,-987.9637,-8901.2318,488.9929,5213.7431,-1724.3825,53.16882336,-1041.7155999999995,-1671.21367664,-2712.9292766399994
267,392.353,1051.389,1684.5287,0.0,0.0,0.0,-988.7868,-8776.2791,477.0499,5150.2728,-1772.3011,54.41127048,-1009.4724999999999,-1717.88982952,-2727.3623295199995
268,399.1146,1048.5075,1690.0513,0.0,0.0,0.0,-972.1802,-8844.2954,470.7569,5154.1353,-1733.3634,55.25109432,-1053.9100000000008,-1678.11230568,-2732.022305680001
269,404.406,1024.242,1700.7986,0.0,0.0,0.0,-1002.3722,-9022.2695,498.184,5243.78,-1649.005,52.72590096,-1153.2311,-1596.2790990400001,-2749.51019904
270,400.5479,1078.0036,1707.3381,0.0,0.0,0.0,-957.8299,-8937.568,493.7192,5196.3638,-1717.6104,55.20556944,-1019.4252999999999,-1662.40483056,-2681.83013056
271,387.7998,1058.5393,1689.0633,0.0,0.0,0.0,-995.4639,-8909.5659,482.1839,5192.4826,-1743.1004,54.946002959999994,-1094.9608999999991,-1688.15439704,-2783.1152970399994
272,390.0998,1024.8934,1703.6766,0.0,0.0,0.0,-986.3352,-8890.6832,476.7864,5198.8429,-1738.7416,53.24180112,-1082.7192999999997,-1685.49979888,-2768.21909888
273,396.0652,1058.9519,1703.3102,0.0,0.0,0.0,-974.5465,-8939.4843,495.9409,5192.9939,-1689.4244,53.88235992,-1066.7686999999996,-1635.54204008,-2702.3107400799995
274,385.1128,1026.0985,1710.0241,0.0,0.0,0.0,-965.6419,-9048.3287,491.8685,5259.6612,-1630.7927,50.57435664,-1141.205500000001,-1580.21834336,-2721.423843360001
275,401.999,1040.4202,1716.8458,0.0,0.0,0.0,-1011.1544,-9002.0938,482.1896,5266.7575,-1698.5144,51.87042288,-1105.0361000000012,-1646.64397712,-2751.680077120001
276,378.0498,989.1433,1727.4321,0.0,0.0,0.0,-971.8379,-9046.614,490.7693,5255.5717,-1644.9645,54.433834559999994,-1177.4856999999993,-1590.5306654400001,-2768.0163654399994
277,379.8858,1027.5604,1694.7931,0.0,0.0,0.0,-979.8123,-8937.471,481.7339,5243.9115,-1718.867,54.054486,-1089.3985999999995,-1664.812514,-2754.2111139999997
278,383.0273,1065.735,1706.2973,0.0,0.0,0.0,-981.5193,-8926.2789,485.0318,5278.7048,-1781.6074,53.14325544,-989.0019999999995,-1728.46414456,-2717.4661445599995
279,391.5022,1058.1505,1717.4931,0.0,0.0,0.0,-994.713,-8860.3853,495.2695,5215.982,-1782.5878,53.90084088,-976.7009999999991,-1728.68695912,-2705.3879591199993
280,404.7029,1032.3338,1673.2059,0.0,0.0,0.0,-956.1471,-8890.6119,484.332,5259.5265,-1793.4955,54.93480624,-992.6579000000002,-1738.56069376,-2731.21859376
281,395.1024,1101.9037,1708.7953,0.0,0.0,0.0,-998.8173,-8885.8669,475.9856,5209.8043,-1741.0544,55.02587688,-993.0929000000015,-1686.02852312,-2679.1214231200015
282,397.4817,1059.7658,1693.2633,0.0,0.0,0.0,-991.3296,-8875.3305,486.4146,5217.5264,-1788.4638,55.35721151999999,-1012.2083000000002,-1733.10658848,-2745.3148884800003
283,377.1597,1025.3735,1705.7062,0.0,0.0,0.0,-996.2736,-8972.1576,482.0462,5242.4384,-1679.9442,53.1108036,-1135.7072000000007,-1626.8333963999999,-2762.5405964000006
284,405.859,1052.0059,1704.1643,0.0,0.0,0.0,-1016.0193,-8902.332,475.5509,5210.3579,-1702.1892,51.28683408,-1070.4133000000002,-1650.90236592,-2721.31566592
285,388.3353,1057.3925,1702.5619,0.0,0.0,0.0,-995.5043,-8876.0268,489.7556,5247.1956,-1788.9391,53.84905992,-986.2901999999995,-1735.09004008,-2721.3802400799996
286,403.3918,1060.006,1705.0342,0.0,0.0,0.0,-987.0865,-8901.8217,476.6122,5164.4207,-1714.5853,55.01997864,-1079.4433000000008,-1659.5653213599999,-2739.0086213600007
287,394.2698,1018.8291,1727.9684,0.0,0.0,0.0,-1006.5097,-8887.308,497.4095,5230.7669,-1745.4411,54.27247392,-1024.5740000000014,-1691.16862608,-2715.7426260800016
288,387.2881,1037.8167,1699.9945,0.0,0.0,0.0,-995.6507,-8959.0175,484.6873,5203.0644,-1650.8613,53.466363359999995,-1141.8172000000004,-1597.39493664,-2739.2121366400006
289,391.8607,1001.4865,1706.9496,0.0,0.0,0.0,-1017.4058,-8929.8034,479.7119,5223.8371,-1709.1507,52.55564112,-1143.363400000001,-1656.59505888,-2799.958458880001
290,390.7543,998.1514,1701.4204,0.0,0.0,0.0,-1022.0227,-9026.0067,487.4924,5232.4248,-1604.7169,53.07680952,-1237.7860999999994,-1551.6400904799998,-2789.426190479999
291,402.55,1049.6221,1700.9092,0.0,0.0,0.0,-999.8007,-8943.1407,482.9105,5212.0324,-1687.8297,53.579394,-1094.9171999999999,-1634.250306,-2729.1675060000002
292,384.3049,1052.9939,1711.2488,0.0,0.0,0.0,-986.4598,-8897.42,483.772,5183.2661,-1722.7787,53.467270559999996,-1068.294100000001,-1669.31142944,-2737.6055294400007
293,392.7975,1096.1259,1712.8924,0.0,0.0,0.0,-987.4253,-8969.3266,491.4292,5221.3556,-1709.6916,53.78575968,-1042.1513000000004,-1655.9058403200002,-2698.0571403200006
294,385.0559,1049.9762,1707.835,0.0,0.0,0.0,-965.6963,-8916.587,495.536,5233.7952,-1749.7748,56.55105216,-1010.085,-1693.22374784,-2703.3087478400003
295,404.9751,1063.3381,1724.7816,0.0,0.0,0.0,-991.205,-8910.6488,469.2552,5227.3429,-1744.0484,54.14056344,-1012.1609000000017,-1689.9078365599999,-2702.0687365600015
296,379.5936,1023.507,1693.9754,0.0,0.0,0.0,-1006.5102,-8909.8893,488.5433,5255.2798,-1745.398,53.703558,-1075.5004,-1691.694442,-2767.194842
297,378.7696,1027.7991,1689.7151,0.0,0.0,0.0,-958.1385,-8922.2027,482.5397,5190.6837,-1722.4745,55.931262479999994,-1110.8339999999998,-1666.54323752,-2777.37723752
298,374.7808,1051.7639,1703.0188,0.0,0.0,0.0,-998.3272,-8890.5801,486.0117,5179.9814,-1736.3266,55.73049984,-1093.350699999999,-1680.59610016,-2773.9468001599994
299,373.0067,1025.2802,1714.7859,0.0,0.0,0.0,-1017.8366,-8849.5018,485.6172,5229.7328,-1764.626,54.500515199999995,-1038.9156000000012,-1710.1254847999999,-2749.0410848000015
300,388.4978,1020.6817,1691.3913,0.0,0.0,0.0,-995.2082,-8940.849,487.5646,5218.2494,-1703.4539,55.30836024,-1129.6724000000004,-1648.14553976,-2777.81793976
301,382.7462,1049.2317,1690.8381,0.0,0.0,0.0,-986.6368,-8919.1585,481.1459,5232.1202,-1748.5894,55.594628639999996,-1069.7131999999992,-1692.99477136,-2762.707971359999
302,401.322,1092.36,1684.7914,0.0,0.0,0.0,-993.6302,-8911.8102,471.1223,5180.8252,-1710.3282,55.00484136,-1075.0195000000003,-1655.32335864,-2730.3428586400005
303,382.9326,1023.3951,1680.2318,0.0,0.0,0.0,-992.4013,-8927.2839,492.9168,5175.1267,-1658.593,54.773881919999994,-1165.0822000000007,-1603.8191180800002,-2768.9013180800007
304,384.8412,1037.5372,1716.2024,0.0,0.0,0.0,-977.7908,-8983.0968,480.1475,5201.2501,-1659.6999,53.7601716,-1140.9091999999991,-1605.9397284000001,-2746.8489283999993
305,423.2181,1064.9389,1691.0887,0.0,0.0,0.0,-983.259,-9022.2565,473.2887,5149.6288,-1599.3592,54.14556168,-1203.3522999999986,-1545.2136383200002,-2748.5659383199986
306,410.2618,1053.7536,1696.4247,0.0,0.0,0.0,-977.2487,-9020.0606,474.4194,5161.4557,-1580.3649,53.82337752,-1200.9941000000008,-1526.5415224800001,-2727.5356224800007
307,402.1385,1058.011,1671.3541,0.0,0.0,0.0,-977.656,-9005.4217,473.9968,5179.1783,-1606.9099,56.75208984,-1198.3990000000013,-1550.15781016,-2748.5568101600015
308,403.5136,1070.3227,1681.0529,0.0,0.0,0.0,-978.4251,-8886.731,478.7064,5148.6635,-1703.7049,54.76182984,-1082.8970000000008,-1648.94307016,-2731.840070160001
309,408.2428,1074.4356,1702.807,0.0,0.0,0.0,-1005.9011,-8850.7658,482.1739,5178.3853,-1737.9685,54.15789528,-1010.6222999999991,-1683.81060472,-2694.432904719999
310,400.4626,1072.6947,1676.9718,0.0,0.0,0.0,-999.2701,-8887.5142,471.8263,5186.3219,-1712.7938,53.419824,-1078.5069999999996,-1659.3739759999999,-2737.8809759999995
311,390.929,986.8381,1689.2279,0.0,0.0,0.0,-984.9266,-8933.0674,504.1776,5225.0278,-1693.3904,53.61253488,-1121.7936,-1639.7778651200001,-2761.57146512
312,395.5631,1037.0996,1659.15,0.0,0.0,0.0,-993.3289,-8963.0288,474.933,5214.3373,-1695.9142,54.01121328,-1175.2747,-1641.90298672,-2817.17768672
313,398.449,1028.5049,1703.5491,0.0,0.0,0.0,-976.8074,-8879.5742,489.8058,5216.0171,-1772.4956,55.00104336,-1020.0556999999999,-1717.49455664,-2737.55025664
314,379.429,1029.8428,1673.1451,0.0,0.0,0.0,-982.0964,-8770.0101,487.6209,5165.3029,-1816.8704,53.64402408,-1016.7658000000001,-1763.22637592,-2779.99217592
315,390.7003,1060.3638,1688.8023,0.0,0.0,0.0,-991.9837,-8764.7817,475.9922,5162.28,-1826.3576,54.94201632,-978.6268,-1771.41558368,-2750.04238368
316,408.823,1052.0735,1709.9806,0.0,0.0,0.0,-991.2151,-8748.8497,485.1944,5185.8211,-1849.1335,54.95886648,-898.1722,-1794.1746335199998,-2692.34683352
317,369.0152,1053.8012,1693.8754,0.0,0.0,0.0,-990.2185,-8761.6641,483.2006,5211.3786,-1869.9644,54.84392928,-940.6116000000002,-1815.12047072,-2755.73207072
318,374.5553,1099.1032,1726.2481,0.0,0.0,0.0,-986.6114,-8796.1166,483.9896,5205.8025,-1816.4692,53.93584152,-893.0292999999992,-1762.53335848,-2655.5626584799993
319,396.3679,1046.1529,1688.5048,0.0,0.0,0.0,-980.3128,-8828.7147,492.6832,5190.6261,-1824.4583,55.960732799999995,-994.6926000000003,-1768.4975672,-2763.1901672000004
320,392.2528,1077.1431,1718.2502,0.0,0.0,0.0,-1006.6493,-8963.8348,483.9353,5250.4907,-1727.614,52.74688392,-1048.4120000000003,-1674.86711608,-2723.27911608
321,419.453,1047.0718,1710.9604,0.0,0.0,0.0,-1022.5304,-9004.4672,476.5852,5264.0365,-1645.2255,49.40889696,-1108.8907,-1595.81660304,-2704.7073030399997
322,421.2921,1024.9594,1717.0533,0.0,0.0,0.0,-1008.0192,-8977.429,494.9225,5205.5626,-1651.2567,52.22287512,-1121.6583,-1599.0338248799999,-2720.69212488
323,400.2633,1052.1095,1698.8674,0.0,0.0,0.0,-1010.7262,-8990.5925,488.3736,5254.0796,-1706.4518,51.526466639999995,-1107.6253000000006,-1654.92533336,-2762.5506333600006
324,412.1593,1039.6292,1713.137,0.0,0.0,0.0,-976.151,-8959.537,467.8118,5182.6331,-1681.9031,52.67062728,-1120.3175999999994,-1629.23247272,-2749.550072719999
325,398.1219,1008.8297,1699.2243,0.0,0.0,0.0,-988.3757,-8836.8239,482.1577,5203.9531,-1789.0943,52.510847760000004,-1032.9129000000003,-1736.58345224,-2769.49635224
326,387.5841,1044.4647,1704.437,0.0,0.0,0.0,-990.0916,-8859.4046,483.8671,5165.9373,-1774.3959,52.30202832,-1063.2060000000001,-1722.09387168,-2785.2998716800003
327,387.3037,1061.1932,1674.0096,0.0,0.0,0.0,-981.5048,-8931.4929,498.2064,5233.4389,-1731.8321,53.41107672,-1058.8458999999993,-1678.42102328,-2737.2669232799994
328,371.5845,1108.1816,1714.79,0.0,0.0,0.0,-991.7719,-8879.0466,477.6832,5204.5805,-1748.5292,52.48484424,-993.9986999999992,-1696.04435576,-2690.0430557599993
329,401.8134,1092.6584,1697.0255,0.0,0.0,0.0,-1015.377,-8945.7862,484.4395,5203.3472,-1696.6924,53.12712096,-1081.8791999999994,-1643.56527904,-2725.4444790399994
330,398.6872,1106.3572,1714.2631,0.0,0.0,0.0,-1003.174,-8903.6585,483.9196,5208.6471,-1734.304,51.43385808,-994.9582999999993,-1682.8701419200002,-2677.8284419199995
331,376.2611,1044.9426,1739.0105,0.0,0.0,0.0,-1014.4574,-8882.5847,490.1522,5215.7444,-1755.4855,51.46327296,-1030.9313000000002,-1704.02222704,-2734.95352704
332,405.885,1075.6214,1708.5255,0.0,0.0,0.0,-1001.3686,-8882.4705,480.9437,5195.4504,-1739.8254,51.970060079999996,-1017.4130999999998,-1687.85533992,-2705.2684399199993
333,400.0706,1075.3078,1704.8489,0.0,0.0,0.0,-1022.5315,-8892.0735,487.9709,5239.6123,-1754.984,51.02087544,-1006.7945000000009,-1703.9631245599999,-2710.7576245600007
334,439.8468,1086.0193,1708.0967,0.0,0.0,0.0,-994.4373,-8957.2645,495.3766,5193.1641,-1679.5006,51.09539688,-1029.1983,-1628.4052031200001,-2657.6035031200004
335,393.6097,1051.7179,1656.6602,0.0,0.0,0.0,-994.5111,-8805.6838,484.8222,5187.761,-1826.547,52.56602136,-1025.6239000000014,-1773.98097864,-2799.6048786400015
336,409.8601,1042.806,1692.1075,0.0,0.0,0.0,-1011.6316,-8914.9691,479.1208,5192.9713,-1672.0681,50.839315199999994,-1109.7350000000006,-1621.2287847999999,-2730.9637848000007
337,389.0735,1033.4016,1687.999,0.0,0.0,0.0,-996.4088,-8852.471,489.4264,5196.5613,-1772.0911,53.994550319999995,-1052.4179999999988,-1718.0965496800002,-2770.5145496799987
338,380.9644,1034.0494,1686.3593,0.0,0.0,0.0,-1022.2204,-8826.8817,489.0248,5200.5033,-1775.3869,51.68220192,-1058.200899999999,-1723.70469808,-2781.905598079999
339,440.3077,1057.7963,1692.5772,0.0,0.0,0.0,-991.571,-8905.2417,483.7365,5127.9865,-1673.0805,50.25297744,-1094.4085000000005,-1622.82752256,-2717.2360225600005
340,388.8437,1075.5911,1681.7193,0.0,0.0,0.0,-1011.7118,-8951.1161,489.052,5174.6147,-1663.0942,51.57678744,-1153.0070999999998,-1611.51741256,-2764.52451256
341,410.6401,1023.5992,1695.9401,0.0,0.0,0.0,-1001.6848,-8845.5573,481.0128,5204.5857,-1767.8484,52.69782744,-1031.4642000000003,-1715.15057256,-2746.6147725600003
342,405.7363,1028.1449,1694.2337,0.0,0.0,0.0,-1031.8527,-8767.5019,481.9654,5177.2799,-1821.6638,54.070399439999996,-1011.9943999999987,-1767.59340056,-2779.587800559999
343,428.8716,1028.7901,1709.2401,0.0,0.0,0.0,-995.9457,-8717.2673,483.1268,5153.6665,-1853.3936,52.91048304,-909.5178999999998,-1800.4831169600002,-2710.00101696
344,384.71,1057.269,1714.5586,0.0,0.0,0.0,-992.3739,-8935.3885,464.342,5180.8095,-1683.005,52.726949999999995,-1126.073299999999,-1630.2780500000001,-2756.351349999999
345,382.3548,1039.7347,1700.7178,0.0,0.0,0.0,-1010.5295,-8793.7899,494.3896,5200.336,-1814.3722,53.14200768,-986.7864999999993,-1761.23019232,-2748.016692319999
346,388.9379,1074.7778,1719.9345,0.0,0.0,0.0,-977.7851,-8949.5589,500.9223,5180.3138,-1690.5573,51.20403552,-1062.4577,-1639.35326448,-2701.8109644799997
347,391.31,1047.9035,1690.2412,0.0,0.0,0.0,-1003.257,-8947.4778,503.1101,5169.6532,-1660.0631,50.4755136,-1148.5168000000012,-1609.5875864,-2758.1043864000017
348,375.0853,1100.7148,1727.0176,0.0,0.0,0.0,-1006.3483,-9000.3478,477.04,5192.9595,-1638.8368,51.93244584,-1133.8788999999997,-1586.9043541600001,-2720.7832541599996
349,393.5836,1055.4841,1720.6169,0.0,0.0,0.0,-1009.3296,-8867.2708,510.1408,5180.8192,-1735.8869,51.680782799999996,-1015.9558000000006,-1684.2061171999999,-2700.1619172000005
350,420.3005,1043.0831,1686.8037,0.0,0.0,0.0,-960.2976,-8954.4799,485.0865,5191.8254,-1688.951,52.67821392,-1087.6783000000005,-1636.27278608,-2723.9510860800006
351,397.5702,1029.9476,1696.1448,0.0,0.0,0.0,-1022.6342,-8839.6941,476.4289,5189.433,-1750.0563,51.97389336,-1072.8038000000006,-1698.08240664,-2770.8862066400006
352,379.5222,1033.0244,1717.2652,0.0,0.0,0.0,-1005.7728,-8998.4308,490.9329,5243.8597,-1677.3341,52.23648312,-1139.5991999999997,-1625.09761688,-2764.6968168799995
353,377.8616,1038.3553,1695.7494,0.0,0.0,0.0,-985.348,-9003.1534,489.0017,5212.757,-1668.2766,51.705623519999996,-1174.7763999999997,-1616.57097648,-2791.34737648
354,381.4211,1026.4874,1690.3938,0.0,0.0,0.0,-1014.2432,-8950.281,477.409,5175.3556,-1655.3516,51.17380488,-1213.457300000001,-1604.17779512,-2817.635095120001
355,387.3047,1009.0645,1690.2424,0.0,0.0,0.0,-992.6741,-8969.6483,489.1936,5199.1445,-1661.544,52.27344504,-1187.3727000000008,-1609.27055496,-2796.643254960001
356,401.6342,1082.918,1705.9014,0.0,0.0,0.0,-981.7704,-9021.7122,478.5321,5172.1557,-1619.1857,49.5103932,-1162.3411999999998,-1569.6753068,-2732.0165067999997
357,373.2201,1016.987,1701.7822,0.0,0.0,0.0,-1008.9662,-8994.2331,495.748,5223.0396,-1675.1746,51.44692248,-1192.4223999999995,-1623.72767752,-2816.1500775199997
358,405.449,1029.4407,1707.1048,0.0,0.0,0.0,-1001.5316,-8894.1277,482.9969,5196.0968,-1747.8088,52.33718952,-1074.5710999999983,-1695.47161048,-2770.0427104799983
359,402.5886,1038.3287,1683.3692,0.0,0.0,0.0,-984.6402,-9063.5321,495.8382,5207.7322,-1585.8765,52.26623856,-1220.3153999999995,-1533.6102614400002,-2753.9256614399997
360,401.8418,1037.9519,1682.9891,0.0,0.0,0.0,-1027.5214,-8808.333,490.0706,5205.9013,-1797.5466,53.00870184,-1017.0997000000007,-1744.53789816,-2761.6375981600004
361,361.7465,1006.7471,1693.4984,0.0,0.0,0.0,-989.1056,-8961.264,495.3421,5198.6655,-1663.9853,52.260836399999995,-1194.369999999999,-1611.7244636,-2806.0944635999995
362,411.989,1038.9615,1684.7464,0.0,0.0,0.0,-1018.6594,-8808.693,477.3861,5205.4929,-1797.6084,51.64668432,-1008.776499999999,-1745.96171568,-2754.738215679999
363,419.5814,1060.4282,1693.6666,0.0,0.0,0.0,-1010.8925,-8807.4856,480.0867,5199.3151,-1807.263,50.81424191999999,-965.3001000000004,-1756.4487580799998,-2721.7488580800004
364,405.3199,1038.3963,1705.8403,0.0,0.0,0.0,-1012.2636,-8804.3818,473.5732,5163.1693,-1782.752,53.53846128,-1030.3463999999994,-1729.2135387199999,-2759.5599387199995
365,399.7547,1048.8023,1699.7227,0.0,0.0,0.0,-1022.8313,-8760.8694,472.2678,5196.8626,-1847.3808,52.41266424,-966.2905999999994,-1794.96813576,-2761.258735759999
366,416.8225,1037.0781,1709.4256,0.0,0.0,0.0,-995.9454,-8810.3169,484.6901,5276.8444,-1884.2813,54.4619952,-881.4016000000001,-1829.8193048,-2711.2209048000004
367,398.9383,1074.7746,1666.3398,0.0,0.0,0.0,-987.8277,-8694.6668,485.0545,5200.5864,-1928.5405,53.64666576,-856.8009000000002,-1874.8938342400002,-2731.6947342400003
368,379.2453,1041.0483,1715.713,0.0,0.0,0.0,-976.631,-8905.0655,478.1357,5267.0906,-1784.56,53.643281040000005,-1000.463600000001,-1730.91671896,-2731.3803189600007
369,404.4137,1044.3358,1717.4419,0.0,0.0,0.0,-1007.8852,-8932.5308,477.8975,5241.704,-1731.5619,53.56086912,-1054.6231000000007,-1678.00103088,-2732.6241308800004
370,392.1491,1039.7703,1687.5693,0.0,0.0,0.0,-1007.1764,-8960.9271,480.7802,5243.9389,-1689.9766,52.72483752,-1123.895700000001,-1637.25176248,-2761.1474624800007
371,403.4969,1044.1454,1694.863,0.0,0.0,0.0,-982.5834,-8864.168,475.9404,5196.3911,-1765.2642,52.61639976,-1031.9146,-1712.6478002400002,-2744.56240024
372,408.1771,1033.1011,1703.0924,0.0,0.0,0.0,-992.9764,-8879.7425,488.119,5237.8445,-1806.7195,54.54427104,-1002.3847999999998,-1752.17522896,-2754.56002896
373,376.7633,1025.299,1706.1527,0.0,0.0,0.0,-981.1944,-8959.2766,485.5843,5235.2776,-1718.185,52.702188480000004,-1111.3940999999986,-1665.48281152,-2776.8769115199984
374,402.0878,1036.3025,1718.6788,0.0,0.0,0.0,-985.0893,-8960.2944,470.5809,5237.5569,-1724.7703,52.73331336,-1080.176800000002,-1672.03698664,-2752.213786640002
375,421.4082,1073.5334,1721.8053,0.0,0.0,0.0,-990.617,-8856.6476,473.6007,5168.6542,-1758.6795,54.21712608,-988.2628000000004,-1704.46237392,-2692.7251739200005
376,403.2278,1061.6645,1711.4648,0.0,0.0,0.0,-999.4933,-9035.9017,498.8085,5241.2129,-1664.0055,52.87930848,-1119.0164999999997,-1611.12619152,-2730.14269152
377,409.0882,1054.4267,1706.5838,0.0,0.0,0.0,-1005.2575,-9094.2692,488.4678,5234.3835,-1576.6898,51.54330816,-1206.5767000000005,-1525.1464918400002,-2731.7231918400007
378,435.226,1070.0465,1688.8987,0.0,0.0,0.0,-995.2238,-8921.4483,471.9385,5185.7559,-1703.6664,50.469275520000004,-1064.8064999999997,-1653.19712448,-2718.00362448
379,380.5208,1002.62,1698.0592,0.0,0.0,0.0,-997.7757,-9072.1919,479.5945,5207.9003,-1576.5222,51.010002719999996,-1301.2727999999997,-1525.51219728,-2826.78499728
380,405.6925,1065.0779,1728.1568,0.0,0.0,0.0,-1003.5171,-9126.6379,477.4338,5193.9709,-1515.7976,52.805453039999996,-1259.8230999999996,-1462.9921469600001,-2722.8152469599995
381,374.1246,1021.0601,1671.861,0.0,0.0,0.0,-1016.9329,-9107.203,481.8564,5254.2331,-1580.5469,51.46154136,-1321.0006999999996,-1529.08535864,-2850.08605864
382,392.3919,1058.0652,1705.1751,0.0,0.0,0.0,-985.7187,-9211.9067,497.9496,5231.4539,-1507.6829,50.53402079999999,-1312.5896999999986,-1457.1488792,-2769.7385791999986
383,400.6533,1073.1373,1706.6525,0.0,0.0,0.0,-1013.6437,-9050.662,475.0145,5261.0875,-1673.3627,50.06640528,-1147.7606000000005,-1623.2962947199999,-2771.0568947200004
384,388.2882,1001.4894,1704.4103,0.0,0.0,0.0,-1010.4662,-9024.8462,487.1344,5233.958,-1660.5715,53.33853456,-1220.0321000000004,-1607.23296544,-2827.2650654400004
385,393.7387,1039.5541,1692.857,0.0,0.0,0.0,-989.01,-9071.0993,475.5689,5234.5026,-1618.5802,52.80620256,-1223.888,-1565.7739974400001,-2789.66199744
386,419.563,1051.8616,1723.5169,0.0,0.0,0.0,-979.4815,-8957.5799,497.8404,5191.1373,-1708.5652,54.18635832,-1053.1422000000002,-1654.37884168,-2707.52104168
387,380.572,1096.931,1695.013,0.0,0.0,0.0,-973.8839,-8968.7606,489.83,5242.2171,-1710.1501,54.39251016,-1038.0814,-1655.75758984,-2693.83898984
388,398.6233,1008.0535,1724.4709,0.0,0.0,0.0,-986.2053,-8941.9377,474.5467,5185.1947,-1697.0871,53.01954432,-1137.2539000000006,-1644.06755568,-2781.3214556800003
389,407.9718,1009.1839,1689.8741,0.0,0.0,0.0,-1004.6967,-8909.5689,479.5974,5191.5917,-1716.3842,52.84602864,-1136.0467000000008,-1663.53817136,-2799.5848713600008
390,391.9512,1063.6637,1711.1177,0.0,0.0,0.0,-984.4275,-8936.8401,472.5892,5164.7075,-1684.4753,52.647538319999995,-1117.2382999999982,-1631.82776168,-2749.0660616799983
391,390.5085,1071.0828,1695.1417,0.0,0.0,0.0,-986.6911,-9025.5084,481.9952,5175.5566,-1625.2767,53.64322848,-1197.9147000000003,-1571.6334715199998,-2769.5481715200003
392,389.3864,1040.5505,1723.6015,0.0,0.0,0.0,-1018.1765,-8980.2919,480.572,5193.6416,-1646.0634,53.5779792,-1170.7164000000002,-1592.4854208,-2763.2018208000004
393,367.523,1052.3548,1710.4841,0.0,0.0,0.0,-987.6917,-8999.939,489.8767,5237.1741,-1682.6652,52.53674616,-1130.2179999999998,-1630.12845384,-2760.34645384
394,417.2008,1000.5467,1694.746,0.0,0.0,0.0,-981.5356,-8903.5668,478.8702,5213.1209,-1727.3712,55.379355839999995,-1080.617800000001,-1671.99184416,-2752.609644160001
395,396.4121,1041.6875,1699.0697,0.0,0.0,0.0,-972.5797,-8924.2613,495.1457,5236.376,-1749.6579,54.96922512,-1028.1499999999996,-1694.68867488,-2722.83867488
396,394.7079,1000.6397,1711.7728,0.0,0.0,0.0,-994.6593,-8857.282,493.5229,5211.2935,-1756.9428,52.69796496,-1040.0045,-1704.24483504,-2744.24933504
397,404.6714,996.6809,1721.6927,0.0,0.0,0.0,-990.7165,-8799.365,494.3929,5197.0277,-1835.8381,52.93294847999999,-975.6159000000007,-1782.90515152,-2758.5210515200006
398,406.8781,1003.9763,1697.9916,0.0,0.0,0.0,-998.5046,-8759.7891,491.0816,5179.5354,-1809.4744,54.2726424,-978.8306999999995,-1755.2017576,-2734.0324575999994
399,388.5587,1041.9674,1675.4065,0.0,0.0,0.0,-1009.687,-8819.8828,479.8651,5179.5466,-1767.4621,53.58544199999999,-1064.2254999999996,-1713.876658,-2778.1021579999992
400,398.1896,1030.1258,1672.3872,0.0,0.0,0.0,-1007.5913,-8837.3784,500.0146,5219.3651,-1790.665,53.01079272,-1024.8874000000005,-1737.65420728,-2762.5416072800003
401,388.9052,1065.46,1715.7836,0.0,0.0,0.0,-987.6282,-8806.7849,481.0205,5143.102,-1777.8265,54.803663279999995,-1000.1418000000012,-1723.02283672,-2723.1646367200015
402,387.012,1105.7628,1710.285,0.0,0.0,0.0,-997.5369,-8800.3525,470.5376,5151.4387,-1773.8811,53.41015152,-972.8533000000016,-1720.47094848,-2693.3242484800016
403,389.6885,1078.1577,1687.4974,0.0,0.0,0.0,-1004.8229,-8786.3068,474.6952,5148.032,-1788.8009,54.623511359999995,-1013.0589,-1734.17738864,-2747.23628864
404,382.452,1014.7603,1697.7977,0.0,0.0,0.0,-998.7359,-8900.2256,482.5466,5189.8931,-1700.1986,53.106758639999995,-1131.5117999999993,-1647.09184136,-2778.603641359999
405,390.1849,1036.9611,1711.8859,0.0,0.0,0.0,-995.6533,-9002.5371,499.8071,5242.8895,-1654.2423,51.64523352,-1116.4618999999993,-1602.59706648,-2719.058966479999
406,409.1195,1004.6246,1694.2828,0.0,0.0,0.0,-971.84,-8969.4909,482.7864,5158.9187,-1670.4953,55.076260319999996,-1191.5989000000009,-1615.41903968,-2807.017939680001
407,395.2542,1033.9008,1705.7171,0.0,0.0,0.0,-991.1332,-8944.3853,482.358,5163.1595,-1674.8872,54.234905039999994,-1155.1288999999997,-1620.6522949599998,-2775.78119496
408,381.937,1061.8653,1666.9652,0.0,0.0,0.0,-992.9575,-8954.9911,494.7807,5185.6793,-1671.6687,55.162413359999995,-1156.7210999999998,-1616.5062866399999,-2773.22738664
409,417.6934,1072.6265,1668.7251,0.0,0.0,0.0,-1028.853,-8995.0271,471.826,5154.1273,-1593.0362,51.28866144,-1238.8817999999992,-1541.74753856,-2780.6293385599993
410,361.537,1038.7591,1685.4199,0.0,0.0,0.0,-982.6605,-9124.494,488.3273,5184.0589,-1515.6936,52.38285552,-1349.0523000000003,-1463.31074448,-2812.3630444800006
411,409.8029,1038.2393,1714.9176,0.0,0.0,0.0,-994.3009,-8920.4247,494.9543,5182.4349,-1698.7493,52.16240664,-1074.3765999999996,-1646.58689336,-2720.9634933599996
412,372.6271,1041.1248,1699.754,0.0,0.0,0.0,-995.9384,-8872.0653,487.4631,5160.9841,-1697.3592,52.71601176,-1106.0506000000005,-1644.6431882400002,-2750.6937882400002
413,403.0228,1004.7552,1678.7703,0.0,0.0,0.0,-1006.4748,-9034.8128,472.0852,5221.5284,-1583.4612,52.67927592,-1261.1256999999996,-1530.78192408,-2791.9076240799996
414,361.4987,1068.0152,1672.2738,0.0,0.0,0.0,-1007.8823,-9012.2267,493.6112,5197.198,-1599.407,50.94968328,-1227.512099999999,-1548.4573167199999,-2775.969416719999
415,416.8693,1003.8136,1711.2541,0.0,0.0,0.0,-1000.3081,-9115.5884,480.5614,5227.4775,-1532.6993,51.69419928,-1275.9206000000013,-1481.00510072,-2756.9257007200017
416,418.6065,1061.42,1711.608,0.0,0.0,0.0,-1023.4435,-8925.3322,493.6746,5193.2376,-1672.7893,54.57387312,-1070.2289999999994,-1618.21542688,-2688.4444268799994
417,401.0774,1011.5836,1688.9544,0.0,0.0,0.0,-1024.3919,-8972.5815,480.5709,5139.655,-1583.9489,51.484116959999994,-1275.1321000000007,-1532.4647830400002,-2807.596883040001
418,378.4096,1042.6158,1680.9002,0.0,0.0,0.0,-997.0662,-9013.9284,476.9313,5185.7678,-1586.8019,51.622991999999996,-1246.3699000000006,-1535.1789079999999,-2781.5488080000005
419,377.7152,1043.0848,1700.4431,0.0,0.0,0.0,-997.6315,-9009.9308,508.0201,5182.7958,-1616.4326,52.12742256,-1195.5033000000003,-1564.30517744,-2759.8084774400004
420,418.4842,1034.2544,1724.359,0.0,0.0,0.0,-1027.5301,-8970.9237,478.4814,5218.9441,-1684.9085,51.5647692,-1123.9307,-1633.3437308,-2757.2744308
421,416.8876,1073.7093,1705.3541,0.0,0.0,0.0,-998.526,-8886.0122,484.8534,5170.6831,-1716.894,54.2799396,-1033.0506999999989,-1662.6140604,-2695.664760399999
422,378.9497,1032.254,1695.9819,0.0,0.0,0.0,-998.2116,-8933.6588,495.5867,5182.4198,-1683.9301,53.06637384,-1146.6782999999996,-1630.86372616,-2777.5420261599998
423,420.7425,1081.8881,1694.3892,0.0,0.0,0.0,-1010.6902,-8956.3698,493.1945,5140.3274,-1660.1066,53.41146768,-1136.5183000000006,-1606.69513232,-2743.2134323200007
424,420.3091,1067.3922,1681.2063,0.0,0.0,0.0,-983.3406,-9000.075,470.1039,5157.0036,-1615.1118,53.87560128,-1187.4005000000006,-1561.23619872,-2748.6366987200004
425,369.5448,1048.7251,1703.1017,0.0,0.0,0.0,-1008.4709,-9067.7805,484.8966,5188.378,-1580.2509,51.05208024,-1281.6052000000009,-1529.19881976,-2810.8040197600008
426,373.2244,1064.7213,1661.772,0.0,0.0,0.0,-999.9648,-9082.7908,471.2721,5198.1243,-1544.7748,50.52541608,-1313.6414999999997,-1494.24938392,-2807.89088392
427,389.1575,1064.7198,1715.5302,0.0,0.0,0.0,-1002.5596,-9026.2474,514.6262,5222.1236,-1626.5306,53.68457304,-1122.6497,-1572.84602696,-2695.49572696
428,390.5609,1046.4952,1696.9484,0.0,0.0,0.0,-987.0696,-9077.2242,476.3616,5174.8106,-1567.8614,52.94922048,-1279.1171000000004,-1514.91217952,-2794.0292795200003
429,381.6652,1027.0335,1728.6381,0.0,0.0,0.0,-1017.1139,-9089.1994,474.9435,5218.3711,-1558.2604,51.223734,-1275.6618999999982,-1507.036666,-2782.698565999998
430,391.4927,1050.6258,1685.2185,0.0,0.0,0.0,-986.3137,-9032.1287,487.3753,5184.7645,-1601.4437,53.028064799999996,-1218.9655999999995,-1548.4156352,-2767.3812351999995
431,404.0689,1060.7506,1737.2699,0.0,0.0,0.0,-1015.7713,-8809.6731,480.9116,5170.2092,-1781.8655,53.15158296,-972.234199999999,-1728.71391704,-2700.948117039999
432,399.3358,1019.7085,1686.3212,0.0,0.0,0.0,-979.3079,-8829.5329,496.2863,5180.4608,-1781.108,55.988331839999994,-1026.7282000000005,-1725.11966816,-2751.847868160001
433,397.3489,1045.2656,1698.9557,0.0,0.0,0.0,-986.3134,-8811.4781,470.8884,5180.6375,-1805.2287,54.0278856,-1004.6954000000005,-1751.2008144,-2755.8962144
434,425.8068,1052.8974,1714.6443,0.0,0.0,0.0,-995.3724,-8892.8443,471.8725,5139.4312,-1690.3135,51.5106612,-1083.5645000000004,-1638.8028388,-2722.3673388000007
435,398.8987,1010.236,1706.3135,0.0,0.0,0.0,-967.2126,-8887.4247,476.8726,5209.8605,-1762.3462,55.01789856,-1052.4560000000001,-1707.32830144,-2759.78430144
436,382.6515,1028.4501,1687.2054,0.0,0.0,0.0,-983.856,-9018.9148,503.7414,5178.4536,-1613.4352,53.287577279999994,-1222.2688000000007,-1560.1476227199998,-2782.416422720001
437,386.9243,1013.4587,1704.6892,0.0,0.0,0.0,-991.9986,-8901.4048,495.8694,5147.0893,-1686.3623,53.54091288,-1145.3725000000013,-1632.82138712,-2778.193887120001
438,382.836,1013.6696,1701.0749,0.0,0.0,0.0,-1031.3819,-8868.232,466.6372,5198.4213,-1757.223,52.89315912,-1136.9749000000002,-1704.32984088,-2841.3047408800003
439,390.8821,1016.2251,1692.9413,0.0,0.0,0.0,-1010.2001,-8997.3731,472.1758,5185.8038,-1622.6154,52.26205752,-1249.5451000000012,-1570.3533424799998,-2819.898442480001
440,377.5169,1054.6564,1713.8246,0.0,0.0,0.0,-1003.0033,-8999.9892,478.5096,5183.534,-1611.9789,51.11388144,-1194.951,-1560.86501856,-2755.81601856
441,380.3723,1022.6173,1688.8487,0.0,0.0,0.0,-1001.4525,-8928.1551,486.0983,5148.2506,-1653.8779,52.519476239999996,-1203.4204,-1601.35842376,-2804.77882376
442,401.6754,1037.1449,1705.8406,0.0,0.0,0.0,-979.8279,-8945.1401,487.8007,5184.6643,-1679.7277,54.57135168,-1107.8421000000008,-1625.15634832,-2732.9984483200005
443,372.4511,1043.9603,1703.7701,0.0,0.0,0.0,-984.8022,-9014.6882,491.1249,5181.9213,-1602.1264,51.34003416,-1206.2627000000011,-1550.7863658400001,-2757.0490658400013
444,377.537,1033.232,1694.0554,0.0,0.0,0.0,-1002.3367,-9014.6198,488.4675,5203.0605,-1598.5387,53.522537039999996,-1220.6041000000014,-1545.01616296,-2765.6202629600016
445,401.1566,1056.6735,1701.7242,0.0,0.0,0.0,-999.0395,-9070.4456,484.8148,5198.3553,-1567.6492,51.70300992,-1226.760699999998,-1515.9461900800002,-2742.7068900799977
446,405.4479,1075.2709,1698.2435,0.0,0.0,0.0,-991.8581,-8915.8423,479.2337,5194.4137,-1716.6501,54.46925424,-1055.0907000000007,-1662.18084576,-2717.2715457600007
447,394.8736,1039.2952,1697.7928,0.0,0.0,0.0,-987.449,-9027.7829,485.28,5197.8121,-1613.4729,52.53185088,-1200.1782000000003,-1560.94104912,-2761.11924912
448,397.2371,1016.4855,1696.1309,0.0,0.0,0.0,-987.2817,-9054.9626,497.0733,5221.3995,-1608.5237,53.89996392,-1213.9180000000006,-1554.62373608,-2768.54173608
449,383.5547,1030.0093,1688.6525,0.0,0.0,0.0,-996.3477,-9005.6534,504.12,5212.179,-1634.1045,53.62297992,-1183.4856,-1580.4815200799999,-2763.96712008
450,405.8639,1037.03,1718.1741,0.0,0.0,0.0,-986.9575,-8940.3736,489.8758,5189.7631,-1680.0783,53.76903696,-1086.6242000000002,-1626.30926304,-2712.9334630400003
451,420.8468,1033.9312,1703.011,0.0,0.0,0.0,-967.4645,-8991.2739,477.7746,5188.0377,-1628.5962,53.21966832,-1135.1371000000008,-1575.37653168,-2710.513631680001
452,393.5549,1062.5811,1692.5262,0.0,0.0,0.0,-998.2765,-9021.9122,478.6368,5215.5714,-1590.9504,51.612531839999995,-1177.3183000000008,-1539.33786816,-2716.6561681600006
453,370.0848,1084.1099,1707.1291,0.0,0.0,0.0,-971.4029,-9040.2907,474.4215,5213.2749,-1634.0897,52.10129952,-1162.6733999999988,-1581.98840048,-2744.661800479999
454,408.2013,1008.3998,1693.853,0.0,0.0,0.0,-981.6461,-9061.3006,501.9407,5205.8879,-1581.0375,52.767734399999995,-1224.6640000000007,-1528.2697656,-2752.9337656000007
455,401.6771,1053.1101,1696.896,0.0,0.0,0.0,-984.0513,-9102.5717,476.9827,5253.0305,-1604.5306,52.79866344,-1204.9265999999998,-1551.7319365600001,-2756.65853656
456,416.8844,1062.1682,1706.3126,0.0,0.0,0.0,-1003.894,-9051.904,482.3692,5229.6378,-1594.4753,50.2950996,-1158.4258,-1544.1802004,-2702.6060004
457,375.246,1045.1238,1705.94,0.0,0.0,0.0,-991.4354,-9010.7853,488.626,5222.123,-1652.2136,52.38363528,-1165.1618999999992,-1599.8299647200001,-2764.9918647199993
458,416.456,993.2034,1718.4082,0.0,0.0,0.0,-980.5666,-9011.4505,474.1838,5200.7637,-1617.4122,52.52997384,-1189.0020000000004,-1564.88222616,-2753.8842261600003
459,392.6451,991.7525,1715.9108,0.0,0.0,0.0,-995.6237,-9002.7272,495.123,5244.0882,-1663.5065,54.118908,-1158.8312999999998,-1609.387592,-2768.218892
460,388.9734,1079.3055,1707.1231,0.0,0.0,0.0,-974.0784,-8976.4865,494.8217,5219.2884,-1672.7897,56.80968768,-1061.0528000000004,-1615.98001232,-2677.0328123200006
461,371.4272,1038.9018,1676.7151,0.0,0.0,0.0,-991.7439,-9062.6232,485.4128,5240.0101,-1599.5459,54.24566832,-1241.9000999999998,-1545.30023168,-2787.20033168
462,361.8811,1048.3894,1713.3245,0.0,0.0,0.0,-1002.6847,-9068.5442,511.7698,5269.5516,-1636.1478,52.299447119999996,-1166.3125,-1583.84835288,-2750.1608528799998
463,412.8889,1066.503,1731.2739,0.0,0.0,0.0,-1002.2995,-9072.6238,483.1062,5151.1864,-1568.7533,51.59377368,-1229.9649,-1517.1595263200002,-2747.12442632
464,386.302,1060.3433,1679.6897,0.0,0.0,0.0,-981.6784,-9100.0492,494.9312,5205.7893,-1560.5974,52.340557679999996,-1254.6720999999989,-1508.25684232,-2762.928942319999
465,401.5288,1038.3591,1702.5278,0.0,0.0,0.0,-993.2116,-9076.6815,481.7761,5198.6131,-1557.3414,52.437636,-1247.088200000001,-1504.9037640000001,-2751.991964000001
466,391.5457,1085.0646,1682.1935,0.0,0.0,0.0,-1010.4847,-9208.4409,501.7174,5202.7117,-1472.8683,50.22504504,-1355.6926999999996,-1422.6432549600001,-2778.3359549599995
467,379.8992,1033.0339,1692.4726,0.0,0.0,0.0,-984.2405,-8980.0626,475.4084,5191.37,-1655.6572,53.071701839999996,-1192.1189999999988,-1602.58549816,-2794.704498159999
468,408.1165,1019.7462,1685.8834,0.0,0.0,0.0,-975.9226,-9043.7245,474.5016,5196.5468,-1595.6225,53.1843984,-1234.8526000000002,-1542.4381016,-2777.2907016
469,410.8163,1063.7261,1692.9005,0.0,0.0,0.0,-987.3136,-9042.5004,483.5406,5185.362,-1583.2085,53.34000912,-1193.4685,-1529.8684908799999,-2723.3369908799996
470,436.1595,1020.8936,1684.5194,0.0,0.0,0.0,-970.7443,-9046.25,482.6609,5207.9268,-1616.6344,54.01960272,-1184.8341,-1562.61479728,-2747.44889728
471,400.9262,1034.0145,1694.8164,0.0,0.0,0.0,-978.8414,-9040.7719,474.5181,5187.2841,-1585.3115,54.06572016,-1228.054,-1531.24577984,-2759.2997798399997
472,409.1785,1025.8267,1715.2708,0.0,0.0,0.0,-972.9815,-8853.0707,482.3087,5166.1557,-1770.484,55.155387600000005,-1027.3118000000004,-1715.3286123999999,-2742.6404124000005
473,403.2196,1019.4292,1717.0694,0.0,0.0,0.0,-1003.2778,-8859.1572,483.2954,5227.0469,-1778.6806,53.89851024,-1012.374499999999,-1724.78208976,-2737.1565897599985
474,389.2871,1053.662,1709.0842,0.0,0.0,0.0,-1007.9342,-8899.69,480.2886,5239.3703,-1770.8613,53.668746,-1035.9320000000016,-1717.192554,-2753.124554000002
475,387.1462,1009.1224,1713.8552,0.0,0.0,0.0,-1011.0617,-8771.7015,492.2357,5252.5374,-1894.7417,53.896458960000004,-927.8662999999988,-1840.84524104,-2768.711541039999
476,356.8833,1052.723,1707.5065,0.0,0.0,0.0,-998.9796,-8895.447,487.9933,5218.579,-1732.0231,53.18789904,-1070.7415,-1678.83520096,-2749.5767009600004
477,412.0156,1018.0228,1699.0136,0.0,0.0,0.0,-1008.2038,-8812.5134,470.017,5226.4225,-1801.3762,53.66415096,-995.2257000000009,-1747.71204904,-2742.9377490400007
478,363.8958,1072.0458,1692.2335,0.0,0.0,0.0,-994.9881,-8982.7256,502.4437,5226.3568,-1676.2538,54.37149336,-1120.7381000000005,-1621.88230664,-2742.6204066400005
479,355.7975,1011.7218,1693.3038,0.0,0.0,0.0,-980.1669,-9007.6217,490.2991,5282.0853,-1686.7761,55.18730016,-1154.5811000000003,-1631.58879984,-2786.16989984
480,371.8326,1062.0929,1702.4558,0.0,0.0,0.0,-1010.7768,-8953.6754,479.1579,5211.1293,-1692.1645,54.592358399999995,-1137.7837000000009,-1637.5721416000001,-2775.3558416000005
481,379.5425,1037.8627,1712.1376,0.0,0.0,0.0,-1003.438,-8945.1833,474.1634,5230.7257,-1707.641,52.513990559999996,-1114.1894000000002,-1655.1270094400002,-2769.3164094400004
482,390.2989,1020.8423,1690.2448,0.0,0.0,0.0,-994.3904,-8939.9427,471.554,5263.179,-1736.8788,55.02300912,-1098.2140999999992,-1681.8557908799999,-2780.069890879999
483,391.5347,1042.9149,1701.6733,0.0,0.0,0.0,-972.7344,-8978.0367,470.4723,5217.0065,-1678.8638,57.54691368,-1127.1693999999998,-1621.31688632,-2748.4862863199996
484,361.5419,1050.1544,1723.4761,0.0,0.0,0.0,-1008.3089,-9014.2581,498.0147,5231.4813,-1644.4632,52.695263520000005,-1157.8985999999995,-1591.76793648,-2749.6665364799996
485,379.6534,1007.2349,1694.4422,0.0,0.0,0.0,-1000.1965,-9038.3174,478.9599,5230.7602,-1595.4383,52.440400079999996,-1247.4633000000003,-1542.99789992,-2790.46119992
486,394.9491,1007.5623,1702.2799,0.0,0.0,0.0,-980.0647,-9052.7772,511.5281,5225.9214,-1634.1428,54.674678879999995,-1190.6011000000008,-1579.46812112,-2770.0692211200007
487,403.6971,1053.8263,1690.3422,0.0,0.0,0.0,-1016.9982,-8971.4037,478.2296,5217.3421,-1681.1909,54.31933944,-1144.9646000000012,-1626.87156056,-2771.836160560001
488,399.8381,1007.4842,1689.9899,0.0,0.0,0.0,-1018.6472,-8953.937,493.2101,5237.1272,-1685.8648,51.90013655999999,-1144.9346999999989,-1633.96466344,-2778.899363439999
489,365.4791,1076.3934,1716.6447,0.0,0.0,0.0,-1008.8758,-8928.1117,485.9632,5232.2938,-1716.5715,53.00755848,-1060.2132999999985,-1663.56394152,-2723.7772415199984
490,384.6183,1063.0722,1696.4493,0.0,0.0,0.0,-1009.0277,-9012.1277,475.581,5248.7303,-1657.7657,53.7816672,-1152.7042999999985,-1603.9840328,-2756.6883327999985
491,388.1922,1054.6573,1717.9337,0.0,0.0,0.0,-984.6578,-9051.4202,480.8581,5239.3966,-1630.8975,54.5933988,-1155.0401000000002,-1576.3041012,-2731.3442012
492,379.9196,1035.9299,1700.2475,0.0,0.0,0.0,-1002.2452,-8946.232,475.7333,5215.4142,-1700.1022,52.8156828,-1141.2326999999996,-1647.2865172,-2788.5192171999997
493,404.9229,1067.6702,1700.414,0.0,0.0,0.0,-995.5404,-8833.3827,487.079,5240.468,-1802.5547,55.49897952,-928.3690000000006,-1747.05572048,-2675.4247204800004
494,376.7608,1047.9215,1693.1387,0.0,0.0,0.0,-1000.3556,-8901.9315,473.2475,5227.0089,-1760.1912,52.513866,-1084.2097000000003,-1707.677334,-2791.8870340000008
495,374.1515,1097.7081,1694.8133,0.0,0.0,0.0,-981.1053,-9062.354,480.7028,5218.7235,-1590.784,53.512834319999996,-1177.360099999999,-1537.2711656800002,-2714.631265679999
496,408.8766,1066.3302,1721.7446,0.0,0.0,0.0,-983.3425,-9063.9442,481.6846,5232.712,-1624.0836,52.68040488,-1135.9386999999997,-1571.40319512,-2707.3418951199997
497,398.6357,982.9896,1699.8822,0.0,0.0,0.0,-1005.7126,-8997.931,494.6924,5237.4207,-1675.8775,51.96930768,-1190.023000000001,-1623.9081923200001,-2813.931192320001
498,377.7956,1076.7517,1705.0979,0.0,0.0,0.0,-985.1265,-9049.3524,480.4335,5201.2248,-1612.2757,53.739423359999996,-1193.1753999999992,-1558.5362766399999,-2751.7116766399995
499,379.118,1027.9521,1707.5111,0.0,0.0,0.0,-989.9637,-9115.0052,485.6642,5225.1582,-1561.3005,51.518722319999995,-1279.5653000000002,-1509.78177768,-2789.3470776800004
500,369.0294,1073.2092,1712.0263,0.0,0.0,0.0,-986.4194,-8941.2822,504.0292,5214.1823,-1731.6393,53.87990256,-1055.225199999999,-1677.7593974400002,-2732.9845974399987
501,378.9184,1049.3732,1688.7769,0.0,0.0,0.0,-974.561,-8977.355,485.1589,5240.2157,-1701.1485,52.74134784,-1109.4728999999998,-1648.40715216,-2757.88005216
502,384.3078,1072.5169,1705.1558,0.0,0.0,0.0,-993.688,-8919.1659,481.9734,5257.8102,-1770.1661,54.46110168,-1011.0898000000007,-1715.70499832,-2726.7947983200006
503,400.2816,1067.169,1693.9719,0.0,0.0,0.0,-984.6365,-8855.577,480.2792,5210.9242,-1806.9847,56.119524479999995,-987.5875999999989,-1750.8651755199999,-2738.452775519999
504,380.9997,1071.504,1680.7245,0.0,0.0,0.0,-1005.1641,-9026.4059,488.4495,5234.3137,-1671.5518,52.35377543999999,-1175.5786000000007,-1619.19802456,-2794.776624560001
505,402.2617,1029.6156,1713.2842,0.0,0.0,0.0,-998.24,-8899.1607,474.4764,5229.7161,-1765.8305,54.53237016,-1048.0467000000008,-1711.29812984,-2759.344829840001
506,383.0093,1044.3264,1715.7911,0.0,0.0,0.0,-990.024,-8899.4158,469.5214,5222.9444,-1764.7268,54.61306776,-1053.8472000000002,-1710.11373224,-2763.96093224
507,400.6963,1025.9004,1697.2501,0.0,0.0,0.0,-974.3359,-9002.9411,480.884,5227.239,-1669.0573,53.0812044,-1145.3072000000002,-1615.9760956,-2761.2832956
508,401.85,1038.636,1711.3185,0.0,0.0,0.0,-1008.9653,-8948.9749,471.9271,5237.5337,-1718.6884,54.2253384,-1096.674899999999,-1664.4630616,-2761.137961599999
509,378.9405,1062.4888,1694.6828,0.0,0.0,0.0,-998.8355,-9008.5441,497.9316,5248.1184,-1683.0089,53.97744384,-1125.2174999999988,-1629.03145616,-2754.2489561599987
510,403.0601,1069.5496,1708.518,0.0,0.0,0.0,-1007.6762,-8957.4323,486.2621,5187.3691,-1680.1617,55.06938432,-1110.3496000000005,-1625.0923156800002,-2735.4419156800004
511,380.7344,1016.9325,1695.0738,0.0,0.0,0.0,-987.7284,-8906.7636,486.6747,5229.6024,-1762.3824,53.83413648,-1085.4742000000006,-1708.5482635199999,-2794.0224635200007
512,412.4283,1069.7861,1720.5927,0.0,0.0,0.0,-1001.3715,-8789.819,479.2909,5205.8237,-1835.8019,55.22841936,-903.2687999999998,-1780.5734806399998,-2683.84228064
513,383.6466,1013.234,1717.7588,0.0,0.0,0.0,-1009.8625,-8866.0892,484.5177,5228.1489,-1765.9519,53.83151424,-1048.6457,-1712.12038576,-2760.76608576
514,377.238,1010.8425,1714.3068,0.0,0.0,0.0,-975.7956,-8951.194,490.4338,5230.671,-1722.0376,52.33031784,-1103.4974999999986,-1669.7072821600002,-2773.2047821599986
515,382.7215,1073.817,1689.3035,0.0,0.0,0.0,-979.5153,-8883.1143,485.9392,5280.6922,-1815.1689,53.243348399999995,-950.1561999999994,-1761.9255515999998,-2712.0817515999993
516,379.5178,1055.3552,1711.5746,0.0,0.0,0.0,-965.5991,-8964.8173,477.0501,5221.1156,-1715.2993,52.905544559999996,-1085.8031,-1662.39375544,-2748.1968554399996
517,389.2175,1030.8751,1680.4282,0.0,0.0,0.0,-971.7884,-9069.6631,497.9521,5226.1012,-1578.8448,50.7781944,-1216.8773999999985,-1528.0666056,-2744.9440055999985
518,388.9269,972.4055,1699.115,0.0,0.0,0.0,-1000.459,-9059.2195,485.6603,5235.1425,-1645.0513,50.0427684,-1278.4282999999996,-1595.0085316,-2873.4368315999996
519,399.8315,1074.0712,1686.2201,0.0,0.0,0.0,-1026.1076,-9036.3693,472.1815,5248.4725,-1648.2198,50.607648,-1181.700100000001,-1597.6121520000002,-2779.3122520000006
520,397.0411,1072.4829,1724.498,0.0,0.0,0.0,-1013.2342,-9049.4278,506.0612,5204.2505,-1593.9851,50.85814896,-1158.3282999999992,-1543.12695104,-2701.455251039999
521,393.9474,1059.0026,1686.8773,0.0,0.0,0.0,-991.7647,-8893.3063,488.2893,5155.912,-1707.9398,53.738150399999995,-1101.0423999999994,-1654.2016496,-2755.2440495999995
522,401.0063,1045.8401,1716.1071,0.0,0.0,0.0,-982.789,-9012.01,481.4089,5242.5253,-1656.8241,52.21852704,-1107.9112999999998,-1604.60557296,-2712.5168729599995
523,354.9972,1034.769,1705.9563,0.0,0.0,0.0,-968.4248,-8974.7966,479.3527,5245.8407,-1706.9322,53.88522696,-1122.3054999999995,-1653.04697304,-2775.3524730399995
524,402.8543,1050.7197,1729.7787,0.0,0.0,0.0,-999.6119,-8909.5964,483.3377,5221.6157,-1751.283,54.21464496,-1020.9021999999995,-1697.06835504,-2717.9705550399995
525,372.295,1011.0877,1720.4054,0.0,0.0,0.0,-1013.5357,-8930.8274,494.5653,5262.7446,-1762.8112,51.64020288,-1083.2650999999996,-1711.17099712,-2794.43609712
526,423.4015,1045.4306,1684.315,0.0,0.0,0.0,-971.564,-8858.9733,493.2817,5174.8752,-1769.951,53.80850664,-1009.2332999999999,-1716.1424933600001,-2725.37579336
527,384.8229,1085.291,1725.8589,0.0,0.0,0.0,-976.4494,-8968.5334,475.3784,5238.4434,-1703.1984,52.54634015999999,-1035.1882000000005,-1650.65205984,-2685.8402598400007
528,400.8552,1013.0052,1683.4401,0.0,0.0,0.0,-1006.0105,-9001.6786,489.1162,5201.0099,-1658.4717,51.93091944,-1220.262499999998,-1606.54078056,-2826.8032805599983
529,382.8181,1039.37,1739.5828,0.0,0.0,0.0,-1008.2791,-8989.1828,492.8847,5246.339,-1671.1117,52.69941936,-1096.4673000000012,-1618.4122806399998,-2714.879580640001
530,406.5165,1004.3455,1701.0555,0.0,0.0,0.0,-1010.444,-8989.6964,484.6084,5241.8781,-1666.8298,49.72163112,-1161.7364000000007,-1617.10816888,-2778.8445688800007
531,415.1614,1070.8102,1692.9494,0.0,0.0,0.0,-1005.4448,-8890.4876,482.8362,5190.8915,-1715.123,53.29985112,-1043.2837000000009,-1661.82314888,-2705.106848880001
532,375.7512,1026.4545,1698.9247,0.0,0.0,0.0,-994.9218,-8994.3789,489.6774,5273.4532,-1679.5966,50.80912343999999,-1125.0397000000003,-1628.7874765600002,-2753.82717656
533,369.2965,1042.6346,1684.8209,0.0,0.0,0.0,-970.8432,-8941.3627,485.2128,5198.273,-1706.2583,52.14382344,-1131.9680999999991,-1654.11447656,-2786.0825765599993
534,412.002,1041.5976,1705.9905,0.0,0.0,0.0,-1010.7957,-9068.5496,502.9151,5235.2154,-1603.877,51.434490239999995,-1181.6246999999994,-1552.44250976,-2734.0672097599995
535,385.1641,1032.6614,1715.6635,0.0,0.0,0.0,-1003.0147,-9002.9091,495.7775,5244.3083,-1659.9622,52.26490656,-1132.349000000001,-1607.6972934399998,-2740.046293440001
536,415.9429,1036.6527,1700.7444,0.0,0.0,0.0,-998.1968,-8919.0641,472.9907,5183.7101,-1715.5018,52.55638416,-1107.2200999999986,-1662.94541584,-2770.1655158399985
537,386.3645,1052.2889,1699.7043,0.0,0.0,0.0,-1011.9047,-8980.3182,492.4752,5219.6002,-1657.5454,51.12830088,-1141.7897999999996,-1606.4170991199999,-2748.2068991199994
538,392.1953,1030.9929,1698.4292,0.0,0.0,0.0,-987.973,-8994.4716,487.5817,5192.5139,-1666.512,52.451946,-1180.731600000001,-1614.060054,-2794.7916540000006
539,438.3366,1058.5605,1712.1115,0.0,0.0,0.0,-996.3244,-9021.4724,465.6255,5208.2869,-1664.4367,52.579926,-1134.8758000000007,-1611.8567739999999,-2746.732574000001
540,392.9875,1035.8701,1678.6453,0.0,0.0,0.0,-965.4331,-8972.4057,508.9677,5220.2402,-1687.3059,53.14100544,-1101.1279999999988,-1634.16489456,-2735.2928945599992
541,401.4491,1054.5322,1730.3237,0.0,0.0,0.0,-986.8598,-9084.5342,480.2594,5183.3267,-1584.5578,52.628363279999995,-1221.5029000000004,-1531.92943672,-2753.4323367200004
542,407.5701,1089.6215,1706.1479,0.0,0.0,0.0,-995.3885,-8931.1879,462.9559,5200.9299,-1731.7953,53.96859144,-1059.3511000000008,-1677.82670856,-2737.1778085600004
543,397.041,1050.4301,1705.3526,0.0,0.0,0.0,-987.2438,-9025.7312,490.1046,5271.8063,-1677.213,52.29086472,-1098.2404000000006,-1624.92213528,-2723.16253528
544,427.2739,1034.9297,1707.7778,0.0,0.0,0.0,-989.2531,-8902.6606,467.9118,5238.7229,-1765.1292,52.72091784,-1015.2975999999999,-1712.40828216,-2727.7058821600003
545,404.6774,1050.6798,1703.9488,0.0,0.0,0.0,-960.7113,-8885.8433,488.8397,5216.7051,-1791.6186,57.08281607999999,-981.7038000000002,-1734.53578392,-2716.23958392
546,404.4136,1014.0944,1706.9426,0.0,0.0,0.0,-1004.4729,-8911.0133,477.2523,5263.0876,-1778.7687,53.00615808,-1049.6957000000002,-1725.76254192,-2775.45824192
547,392.9425,1046.385,1711.4083,0.0,0.0,0.0,-1023.398,-8926.3759,481.4814,5289.7387,-1769.6668,53.15657544,-1027.8180000000002,-1716.5102245599999,-2744.3282245600003
548,362.3272,1031.3731,1699.7839,0.0,0.0,0.0,-988.5346,-8881.1691,487.6567,5231.3673,-1767.4409,53.374782960000005,-1057.1954999999998,-1714.06611704,-2771.2616170399997
549,415.7243,1038.6448,1701.2055,0.0,0.0,0.0,-986.3992,-8948.4894,472.8104,5277.6979,-1742.0007,52.997357519999994,-1028.8057,-1689.0033424800001,-2717.80904248
550,412.589,1016.9977,1708.2333,0.0,0.0,0.0,-991.7621,-9002.3903,480.268,5278.385,-1720.7149,52.76263392,-1097.679399999999,-1667.9522660799998,-2765.631666079999
551,432.4194,1070.1012,1730.6245,0.0,0.0,0.0,-1006.1842,-8868.5931,479.2645,5204.383,-1758.7648,51.37039296,-957.9847,-1707.39440704,-2665.37910704
552,381.5656,1014.3831,1689.6119,0.0,0.0,0.0,-983.308,-9002.4808,473.6042,5255.5619,-1697.9382,54.145098,-1171.0621,-1643.793102,-2814.855202
553,406.7805,1061.3245,1729.0643,0.0,0.0,0.0,-1011.1924,-9009.0851,481.9994,5199.3911,-1656.9827,51.426444960000005,-1141.717700000001,-1605.55625504,-2747.273955040001
554,396.8184,1089.8785,1720.57,0.0,0.0,0.0,-1006.7763,-8925.4716,485.1801,5183.9321,-1683.5869,50.66009208,-1055.868800000002,-1632.92680792,-2688.795607920002
555,392.8263,1031.6965,1696.8109,0.0,0.0,0.0,-1024.0165,-9010.9224,483.9104,5211.0835,-1626.3104,50.54122296,-1218.6112999999996,-1575.7691770400002,-2794.3804770399997
556,396.1821,1059.8254,1698.4529,0.0,0.0,0.0,-1012.0102,-8967.631,478.8245,5176.137,-1659.8032,50.49382823999999,-1170.2193000000007,-1609.30937176,-2779.528671760001
557,383.6686,1026.0712,1745.1393,0.0,0.0,0.0,-1008.4591,-9071.4976,483.1524,5287.484,-1663.3756,54.010568879999994,-1154.4412000000002,-1609.3650311200001,-2763.8062311200006
558,369.2336,1020.3057,1700.6431,0.0,0.0,0.0,-994.4601,-9190.4103,487.065,5236.6401,-1501.8869,49.955911199999996,-1370.9829000000009,-1451.9309888,-2822.9138888000007
559,400.3041,1048.1172,1740.9971,0.0,0.0,0.0,-970.0009,-9195.7282,496.9306,5244.9862,-1504.4847,53.29186992,-1234.3939,-1451.19283008,-2685.58673008
560,399.4145,1085.5748,1708.9348,0.0,0.0,0.0,-1003.1205,-9053.685,494.1415,5203.3082,-1554.4703,51.484947840000004,-1165.4316999999992,-1502.98535216,-2668.417052159999
561,368.8151,1039.4207,1715.1146,0.0,0.0,0.0,-997.9391,-9078.3912,480.2985,5275.6416,-1640.1179,50.78115288,-1197.0398000000005,-1589.33674712,-2786.376547120001
562,414.4229,1016.6651,1704.6351,0.0,0.0,0.0,-1004.4923,-9077.2826,473.6203,5253.9654,-1623.2938,51.83654111999999,-1218.4661000000006,-1571.45725888,-2789.9233588800007
563,377.6153,1029.5293,1697.4879,0.0,0.0,0.0,-987.7412,-9078.7195,490.102,5296.8036,-1627.0292,52.894601279999996,-1174.9225999999999,-1574.13459872,-2749.0571987199996
564,393.145,1059.4417,1689.8354,0.0,0.0,0.0,-1005.8347,-9030.5297,483.8646,5251.0577,-1606.3155,51.701914079999995,-1159.0199999999986,-1554.6135859199999,-2713.6335859199985
565,404.6792,1068.5662,1705.3881,0.0,0.0,0.0,-1017.0309,-9037.7351,484.9387,5219.7434,-1623.2847,50.96445552,-1171.4503999999997,-1572.32024448,-2743.7706444799996
566,420.9671,1020.043,1698.433,0.0,0.0,0.0,-1006.3196,-9061.1652,504.3656,5249.695,-1637.9253,49.5501084,-1173.9811,-1588.3751916,-2762.3562916
567,379.1281,1064.1287,1716.2267,0.0,0.0,0.0,-1008.5501,-9062.9754,492.2696,5280.2134,-1650.4013,52.19007552,-1139.5590000000002,-1598.21122448,-2737.7702244800003
568,414.8309,1051.1178,1744.4631,0.0,0.0,0.0,-995.0317,-9176.6564,481.74,5256.9081,-1543.5732,49.568613119999995,-1222.6282,-1494.00458688,-2716.63278688
569,400.347,1073.1996,1683.4498,0.0,0.0,0.0,-1019.1942,-9151.9083,469.0797,5245.4856,-1537.7002,48.70992744,-1299.5407999999989,-1488.99027256,-2788.5310725599993
570,440.2155,1041.822,1708.0498,0.0,0.0,0.0,-988.7394,-9154.9234,494.477,5287.0142,-1566.2714,51.2196768,-1172.0842999999995,-1515.0517232000002,-2687.1360231999997
571,392.6421,1078.27,1724.6596,0.0,0.0,0.0,-1021.5704,-8928.4125,474.0733,5222.1766,-1695.141,51.66106488,-1058.1613000000007,-1643.4799351200002,-2701.6412351200006
572,394.3851,1032.4794,1730.9311,0.0,0.0,0.0,-1024.4647,-9095.7707,480.2387,5252.4494,-1601.5628,51.67653336,-1229.751699999999,-1549.88626664,-2779.6379666399985
573,411.5428,1050.8745,1731.7812,0.0,0.0,0.0,-1016.1406,-9090.483,481.1925,5204.7159,-1569.917,51.0040908,-1226.5167000000001,-1518.9129091999998,-2745.4296092
574,363.4476,1040.1347,1741.3852,0.0,0.0,0.0,-1024.7437,-9016.7659,489.6428,5255.48,-1662.4547,51.298194960000004,-1151.4193000000014,-1611.15650504,-2762.575805040002
575,364.5253,1040.7672,1683.7603,0.0,0.0,0.0,-1016.4365,-9002.8717,484.8298,5221.64,-1668.4806,52.047128879999995,-1223.7856000000002,-1616.4334711200001,-2840.21907112
576,404.5521,1004.6612,1729.9104,0.0,0.0,0.0,-981.3867,-8951.1132,485.8163,5216.6812,-1699.8623,52.56716832,-1090.8786999999993,-1647.29513168,-2738.1738316799992
577,396.1847,1021.3797,1695.1989,0.0,0.0,0.0,-997.5666,-8964.974,482.0467,5255.0996,-1686.7211,53.506338480000004,-1112.6310000000003,-1633.21476152,-2745.84576152
578,373.1577,1038.4321,1726.8337,0.0,0.0,0.0,-1022.7241,-8962.4535,480.3132,5250.135,-1677.1129,53.666519040000004,-1116.3059000000003,-1623.4463809600002,-2739.7522809600005
579,379.5522,1077.775,1696.2887,0.0,0.0,0.0,-1017.5542,-8884.1541,489.5711,5268.7265,-1781.6685,49.55436864,-989.7947999999997,-1732.11413136,-2721.9089313599993
580,421.9005,1053.6765,1690.7212,0.0,0.0,0.0,-982.5899,-8913.3413,497.532,5220.3379,-1762.2221,51.922048319999995,-1011.7630999999992,-1710.30005168,-2722.063151679999
581,360.5493,1062.7242,1731.5073,0.0,0.0,0.0,-1018.0962,-8954.3863,494.0392,5258.2538,-1723.7813,51.05566368,-1065.408699999999,-1672.7256363200001,-2738.134336319999
582,379.1421,1023.4268,1716.2028,0.0,0.0,0.0,-1003.6127,-8946.2269,512.115,5234.3527,-1684.6553,51.37193016,-1084.6001999999999,-1633.28336984,-2717.88356984
583,387.6529,1038.8025,1700.5409,0.0,0.0,0.0,-987.3301,-8883.1307,470.0075,5208.49,-1750.4936,52.3512576,-1064.9670000000006,-1698.1423424,-2763.1093424000005
584,395.4344,1068.1902,1686.8581,0.0,0.0,0.0,-1011.9773,-8787.396,490.1167,5246.7414,-1879.9784,52.88266872,-912.0325000000012,-1827.0957312799999,-2739.1282312800013
585,381.8359,1012.1536,1714.3045,0.0,0.0,0.0,-1006.2007,-8836.5996,484.8524,5249.052,-1808.9235,53.75600352,-1000.6018999999997,-1755.1674964800002,-2755.7693964799996
586,382.9466,1027.8645,1692.9824,0.0,0.0,0.0,-1013.7813,-8957.8911,483.4429,5232.6114,-1683.6776,50.96172815999999,-1151.8246000000017,-1632.71587184,-2784.540471840002
587,383.9229,1058.6705,1707.0889,0.0,0.0,0.0,-1008.6133,-8933.7344,486.0136,5241.7936,-1736.7117,51.33591936,-1064.8581999999997,-1685.3757806400001,-2750.2339806399996
588,389.4898,1015.8154,1708.3159,0.0,0.0,0.0,-1005.8163,-8968.3522,481.1685,5230.3749,-1659.7476,48.96623088,-1149.004,-1610.78136912,-2759.78536912
589,391.8719,1060.2735,1718.3928,0.0,0.0,0.0,-1018.2898,-8953.8811,490.1442,5245.406,-1711.8838,52.52979312,-1066.0825000000004,-1659.35400688,-2725.4365068800007
590,383.8372,1075.464,1703.7744,0.0,0.0,0.0,-1013.2809,-8895.7877,508.9902,5249.509,-1792.5003,49.98361319999999,-987.4938000000002,-1742.5166868,-2730.0104868
591,409.095,1038.6098,1687.5796,0.0,0.0,0.0,-997.4023,-8904.8083,491.5799,5256.8241,-1783.369,53.48663856,-1018.5222000000012,-1729.8823614399998,-2748.404561440001
592,398.2348,1068.7918,1712.7867,0.0,0.0,0.0,-1007.8305,-8890.2007,473.7229,5224.7081,-1780.4766,49.61667816,-1019.7869000000001,-1730.85992184,-2750.64682184
593,374.7276,1042.0057,1734.8822,0.0,0.0,0.0,-1022.6964,-8921.8463,481.9959,5208.5896,-1716.0453,48.95365752,-1102.341699999999,-1667.09164248,-2769.433342479999
594,381.5089,1067.6741,1699.9719,0.0,0.0,0.0,-1033.2162,-8968.1302,471.6791,5245.8785,-1678.2604,48.58929792,-1134.6338999999998,-1629.6711020799999,-2764.30500208
595,375.0178,1083.8081,1709.9956,0.0,0.0,0.0,-1028.0475,-9086.1762,492.9633,5221.0728,-1599.0614,49.4467704,-1231.3660999999993,-1549.6146296,-2780.9807295999994
596,402.4017,1012.8748,1718.8175,0.0,0.0,0.0,-1029.3518,-8991.49,493.2639,5232.1694,-1643.038,49.795891919999995,-1161.3144999999995,-1593.24210808,-2754.5566080799995
597,380.2049,1076.8235,1729.5224,0.0,0.0,0.0,-1002.8448,-9043.2766,481.0619,5206.3599,-1594.0577,51.04275048,-1172.148799999999,-1543.01494952,-2715.1637495199993
598,388.4748,1062.5206,1699.0222,0.0,0.0,0.0,-1033.3603,-9019.283,476.6539,5217.2996,-1611.923,49.62073392,-1208.672199999999,-1562.30226608,-2770.974466079999
599,404.5327,1073.152,1728.1521,0.0,0.0,0.0,-1001.5423,-9080.2246,493.8812,5218.1787,-1598.9457,51.5153232,-1163.8701999999994,-1547.4303768,-2711.3005768
600,380.4672,1006.1668,1705.7724,0.0,0.0,0.0,-992.8228,-9089.5359,491.936,5233.7723,-1609.2801,51.680854079999996,-1264.2440000000015,-1557.59924592,-2821.8432459200017
601,375.9501,1053.0023,1717.1164,0.0,0.0,0.0,-995.6158,-9124.168,495.3499,5257.0027,-1599.3633,49.67054208,-1221.3624,-1549.69275792,-2771.05515792
602,386.2691,1030.6498,1698.7934,0.0,0.0,0.0,-1036.2131,-9022.314,468.4882,5206.9744,-1617.9955,49.38906456,-1267.3522000000003,-1568.60643544,-2835.9586354400003
603,405.2322,1078.4323,1683.2239,0.0,0.0,0.0,-1022.8401,-9063.4812,466.1994,5230.6847,-1629.3455,49.491305999999994,-1222.5487999999996,-1579.854194,-2802.4029939999996
604,393.923,1051.0797,1688.6922,0.0,0.0,0.0,-1002.4192,-9089.5781,478.0308,5232.6263,-1573.8081,49.80587112,-1247.6453000000001,-1524.00222888,-2771.64752888
605,394.1932,1037.5744,1725.4105,0.0,0.0,0.0,-986.7095,-9026.3368,513.6152,5238.9691,-1659.4722,53.39403936,-1103.2838999999985,-1606.0781606399999,-2709.3620606399986
606,422.1967,1042.7049,1723.8765,0.0,0.0,0.0,-1014.3995,-8921.2487,463.8758,5178.5352,-1687.3592,50.793426,-1104.4591,-1636.5657740000001,-2741.0248739999997
607,398.9756,1051.1516,1728.1198,0.0,0.0,0.0,-1016.5837,-8949.3367,481.175,5243.3575,-1724.8307,52.452162,-1063.1408999999994,-1672.378538,-2735.5194379999994
608,361.327,1096.8799,1695.514,0.0,0.0,0.0,-998.5896,-9042.6494,503.7546,5295.7991,-1646.2413,52.03365336,-1087.9643999999998,-1594.20764664,-2682.1720466399997
609,392.6781,1056.7715,1703.2956,0.0,0.0,0.0,-1019.0739,-9032.8484,464.533,5236.8575,-1662.5578,50.72061239999999,-1197.7866000000004,-1611.8371876,-2809.6237876000005
610,399.1858,1097.1158,1720.6939,0.0,0.0,0.0,-1029.975,-9081.3853,487.4622,5233.6282,-1598.0045,48.06536832,-1173.2743999999993,-1549.93913168,-2723.2135316799995
611,380.7302,1076.0461,1709.4197,0.0,0.0,0.0,-1019.3292,-9027.3481,491.792,5269.4213,-1653.5341,49.507565039999996,-1119.2679999999991,-1604.0265349600002,-2723.294534959999
612,387.6687,1058.1411,1711.979,0.0,0.0,0.0,-1013.0293,-8931.5476,482.6206,5255.2119,-1745.7379,51.472510559999996,-1048.9555999999993,-1694.26538944,-2743.2209894399994
613,402.7741,1069.1256,1717.694,0.0,0.0,0.0,-1005.0787,-9035.6362,480.4671,5228.7559,-1650.5952,50.3012484,-1141.8982000000015,-1600.2939516,-2742.192151600001
614,418.4733,1075.7119,1701.8818,0.0,0.0,0.0,-1005.424,-8996.4996,489.8785,5263.8292,-1712.9001,52.7753988,-1052.1488999999992,-1660.1247012000001,-2712.273601199999
615,412.3734,1059.8453,1716.9491,0.0,0.0,0.0,-984.3702,-8999.5833,473.1207,5197.3995,-1639.3604,52.40749104,-1124.2654999999995,-1586.95290896,-2711.2184089599996
616,402.0838,1062.1986,1715.3878,0.0,0.0,0.0,-994.4552,-9040.8582,482.4783,5242.5714,-1653.8096,52.4544552,-1130.5935000000009,-1601.3551448,-2731.9486448000007
617,387.8897,1059.0165,1739.729,0.0,0.0,0.0,-984.2325,-9042.7036,492.2635,5249.2854,-1694.9564,53.48088936,-1098.7520000000013,-1641.47551064,-2740.227510640001
618,369.2263,1069.3137,1707.0795,0.0,0.0,0.0,-992.1806,-8979.0329,476.2755,5208.3101,-1692.5818,51.894270719999994,-1141.0084000000015,-1640.68752928,-2781.6959292800016
619,376.7791,1038.557,1701.1311,0.0,0.0,0.0,-1014.9245,-8964.6658,493.0027,5226.1998,-1672.7239,52.035804,-1143.9206000000004,-1620.6880959999999,-2764.6086960000002
620,380.843,1039.1267,1703.9796,0.0,0.0,0.0,-999.911,-9024.3413,479.3903,5242.2553,-1673.2666,54.45004824,-1178.6574,-1618.81655176,-2797.47395176
621,376.1621,1031.1997,1722.9941,0.0,0.0,0.0,-1019.0344,-8973.7529,490.6949,5241.2611,-1659.961,49.19989896,-1130.4753999999994,-1610.76110104,-2741.2365010399994
622,420.0858,1052.3497,1726.3021,0.0,0.0,0.0,-998.5867,-9012.5083,486.3783,5222.1954,-1666.5114,52.62090696,-1103.783699999999,-1613.8904930400001,-2717.6741930399994
623,365.904,1027.8973,1688.0476,0.0,0.0,0.0,-1002.5461,-9017.5097,498.5066,5248.7727,-1638.648,52.74684792,-1190.927600000001,-1585.90115208,-2776.828752080001
624,400.3661,1043.574,1698.9744,0.0,0.0,0.0,-980.1442,-9061.9945,483.248,5212.6738,-1626.5004,54.23559336,-1203.3024000000014,-1572.26480664,-2775.567206640001
625,383.9436,1056.5524,1725.1381,0.0,0.0,0.0,-1013.7196,-9045.0158,476.9447,5206.2857,-1625.9207,51.33428136,-1209.870899999998,-1574.58641864,-2784.4573186399975
626,400.2051,1022.9433,1695.2536,0.0,0.0,0.0,-1000.8832,-9058.1833,481.2296,5215.1239,-1595.7676,51.89337576,-1244.3110000000015,-1543.8742242399999,-2788.185224240002
627,361.6837,1036.6948,1689.123,0.0,0.0,0.0,-1009.319,-9042.425,491.715,5217.0353,-1589.6931,52.71490583999999,-1255.4921999999988,-1536.97819416,-2792.4703941599987
628,412.0261,1030.1022,1691.3516,0.0,0.0,0.0,-963.0689,-9070.1177,478.2065,5198.9628,-1616.6865,53.171785439999994,-1222.5374000000002,-1563.5147145600001,-2786.05211456
629,420.6441,996.5451,1709.5994,0.0,0.0,0.0,-1000.5417,-9084.9467,482.4577,5204.0345,-1564.8569,52.41379824,-1272.2076000000006,-1512.44310176,-2784.6507017600006
630,403.5244,1062.7856,1702.5155,0.0,0.0,0.0,-982.7937,-9020.6958,478.3712,5193.7257,-1620.1992,52.90111656,-1162.5671000000002,-1567.29808344,-2729.8651834400002
631,387.9499,1098.0326,1715.0891,0.0,0.0,0.0,-995.4084,-8991.2341,486.2394,5198.653,-1653.0288,53.14203216,-1100.678499999999,-1599.88676784,-2700.5652678399993
632,418.794,1016.4151,1703.6719,0.0,0.0,0.0,-988.2991,-8889.7863,474.6121,5238.655,-1750.5524,54.29562768,-1025.9372999999996,-1696.25677232,-2722.1940723199996
633,432.9724,1055.2818,1699.3218,0.0,0.0,0.0,-991.4833,-8852.0744,477.8206,5170.2586,-1743.7985,55.380637439999994,-1007.9024999999992,-1688.41786256,-2696.320362559999
634,388.7201,1076.0093,1707.5247,0.0,0.0,0.0,-1001.5747,-8945.6264,488.0667,5178.5055,-1673.8478,54.09804312,-1108.3747999999987,-1619.74975688,-2728.1245568799986
635,375.2082,1054.1934,1699.7022,0.0,0.0,0.0,-979.4509,-8794.4017,490.4376,5205.6675,-1825.1574,55.34490816,-948.6437000000005,-1769.8124918400001,-2718.4561918400004
636,391.8037,1085.1186,1694.6052,0.0,0.0,0.0,-960.0357,-8900.7038,493.4668,5194.2207,-1731.0211,53.277379919999994,-1001.5244999999995,-1677.74372008,-2679.2682200799995
637,385.5337,1053.2644,1696.8338,0.0,0.0,0.0,-967.7243,-8840.6074,477.4921,5174.6434,-1767.7387,53.78653152,-1020.5643,-1713.9521684800002,-2734.5164684799997
638,413.6847,1040.4049,1721.8353,0.0,0.0,0.0,-1015.9149,-8764.9364,475.5884,5166.2809,-1840.938,54.910809359999995,-963.0571000000009,-1786.02719064,-2749.084290640001
639,357.0124,1063.5202,1687.5898,0.0,0.0,0.0,-970.9809,-8861.5887,496.6651,5221.9669,-1797.7077,53.26548912,-1005.8152,-1744.44221088,-2750.25741088
640,368.4452,1092.3878,1697.9364,0.0,0.0,0.0,-973.6985,-8871.2615,485.4322,5210.7496,-1751.3518,54.230538239999994,-990.0087999999996,-1697.12126176,-2687.1300617599995
641,371.0832,1057.491,1683.3651,0.0,0.0,0.0,-1018.6697,-8950.177,481.7681,5188.6409,-1667.1713,51.187706639999995,-1186.4983999999995,-1615.98359336,-2802.4819933599993
642,376.3492,1050.2939,1719.091,0.0,0.0,0.0,-1006.0507,-9005.5348,479.634,5207.9408,-1612.5027,51.59639952,-1178.2765999999992,-1560.90630048,-2739.1829004799993
643,396.8697,1047.8158,1719.9073,0.0,0.0,0.0,-1001.7928,-8939.9191,481.1039,5214.0208,-1700.207,53.336968559999995,-1081.9943999999987,-1646.87003144,-2728.864431439999
644,415.1103,1107.4799,1685.8235,0.0,0.0,0.0,-979.3219,-8896.6252,473.5455,5171.544,-1709.512,53.76973536,-1022.4439000000002,-1655.74226464,-2678.18616464
645,418.4074,1107.3104,1727.6123,0.0,0.0,0.0,-992.2218,-8940.8857,486.1826,5176.8162,-1642.7059,52.1902584,-1016.7786000000006,-1590.5156416,-2607.2942416000005
646,370.7207,1016.5816,1699.644,0.0,0.0,0.0,-1009.7274,-9025.823,485.4506,5219.9088,-1634.0669,53.43654744,-1243.2447000000002,-1580.6303525600001,-2823.87505256
647,392.532,1001.8312,1662.6378,0.0,0.0,0.0,-986.5565,-9012.3565,478.2029,5247.2882,-1646.5958,55.589933519999995,-1216.4209,-1591.0058664800001,-2807.42676648
648,387.4427,1036.9536,1701.4613,0.0,0.0,0.0,-1005.2858,-8923.748,477.6693,5224.9631,-1715.2287,53.13681792,-1100.5438000000004,-1662.0918820799998,-2762.63568208
649,366.4226,1058.1473,1709.6426,0.0,0.0,0.0,-988.9805,-9040.0729,472.2079,5229.4376,-1636.243,53.36878608,-1193.1953999999987,-1582.8742139199999,-2776.0696139199986
650,403.2393,1052.6585,1696.8145,0.0,0.0,0.0,-993.5987,-9130.2217,483.7749,5245.4541,-1567.9461,51.142195439999995,-1241.8790999999992,-1516.8039045599999,-2758.6830045599995
651,398.4541,1030.3059,1722.1901,0.0,0.0,0.0,-982.6677,-9041.0289,467.2185,5232.1718,-1641.7524,54.37041048,-1173.3561999999993,-1587.3819895200002,-2760.7381895199997
652,412.3125,1068.7049,1728.5917,0.0,0.0,0.0,-1016.9548,-8973.1719,493.9467,5260.7724,-1726.3276,52.399563119999996,-1025.798499999999,-1673.92803688,-2699.726536879999
653,403.3655,1079.5283,1707.9616,0.0,0.0,0.0,-1028.2086,-8895.7407,485.53,5215.4479,-1733.1104,51.533642879999995,-1032.116,-1681.5767571200001,-2713.69275712
654,367.7033,1058.8755,1716.015,0.0,0.0,0.0,-1006.5835,-8956.2866,486.3059,5203.2728,-1680.0996,53.034538319999996,-1130.6975999999986,-1627.06506168,-2757.7626616799985
655,419.1683,1107.1514,1708.2535,0.0,0.0,0.0,-978.8339,-8943.2158,491.2708,5215.4693,-1717.011,54.72704088,-980.7364000000007,-1662.28395912,-2643.0203591200006
656,408.3014,1053.6773,1695.935,0.0,0.0,0.0,-997.7572,-8998.5092,499.4459,5203.1982,-1616.7443,53.41970376,-1135.7086000000008,-1563.3245962400001,-2699.033196240001
657,391.6581,1046.5193,1715.8725,0.0,0.0,0.0,-1000.2954,-8868.2985,474.3421,5164.5465,-1712.8396,53.68805064,-1075.6554000000006,-1659.15154936,-2734.806949360001
658,434.7971,1073.7549,1723.9109,0.0,0.0,0.0,-1018.8568,-9004.4248,481.8929,5203.6271,-1618.5636,51.569441999999995,-1105.2987000000012,-1566.994158,-2672.292858000001
659,398.515,1061.3725,1704.7389,0.0,0.0,0.0,-1001.6517,-9004.3348,484.9011,5195.3084,-1637.9471,50.64819696,-1161.1506,-1587.2989030400001,-2748.4495030400003
660,387.7853,1025.9039,1717.9686,0.0,0.0,0.0,-977.1105,-9081.2263,464.8736,5199.2863,-1576.6556,53.73213696,-1262.5191000000004,-1522.9234630400001,-2785.4425630400006
661,407.5775,1076.9771,1695.2441,0.0,0.0,0.0,-1018.9202,-9125.3964,491.9079,5219.9406,-1520.5907,50.2151436,-1252.6693999999998,-1470.3755564,-2723.0449563999996
662,409.9017,1018.3551,1711.2644,0.0,0.0,0.0,-989.3825,-8966.242,470.726,5198.7916,-1655.9989,52.11834336,-1146.5857000000015,-1603.8805566400001,-2750.4662566400016
663,387.5447,1030.0572,1708.5895,0.0,0.0,0.0,-1005.9065,-9108.9588,477.2305,5236.3052,-1557.6479,50.85735407999999,-1275.1382000000012,-1506.7905459199999,-2781.9287459200013
664,397.1996,1055.2424,1712.7161,0.0,0.0,0.0,-1006.6505,-9010.0931,498.5294,5248.3709,-1645.2716,50.61418776,-1104.6852,-1594.65741224,-2699.34261224
665,408.2548,1036.207,1683.7274,0.0,0.0,0.0,-1017.5432,-8973.7255,477.3298,5239.9995,-1684.1597,50.37995016,-1145.7502000000004,-1633.77974984,-2779.5299498400004
666,395.3168,987.9215,1728.8862,0.0,0.0,0.0,-1028.687,-9107.92,485.6663,5261.4657,-1596.9103,50.338523519999995,-1277.3505000000005,-1546.57177648,-2823.9222764800006
667,417.894,1035.5258,1711.5489,0.0,0.0,0.0,-1002.6549,-9155.2122,482.3485,5244.7492,-1543.2594,51.21613296,-1265.8006999999998,-1492.0432670399998,-2757.84396704
668,404.2666,1056.6327,1712.4344,0.0,0.0,0.0,-993.7636,-9018.3874,480.8517,5214.1734,-1639.9086,53.04638592,-1143.7921999999999,-1586.86221408,-2730.6544140799997
669,400.799,1063.1783,1714.7452,0.0,0.0,0.0,-1019.3419,-8986.4498,467.6529,5205.7841,-1639.378,50.77544184,-1153.6322,-1588.60255816,-2742.2347581599997
670,407.4615,1037.2589,1739.2304,0.0,0.0,0.0,-973.2177,-9036.4765,480.8236,5215.6492,-1635.5096,52.87072032,-1129.2706000000017,-1582.6388796800002,-2711.909479680002
671,408.8122,998.099,1680.5367,0.0,0.0,0.0,-987.0267,-9012.2588,484.8058,5224.6837,-1634.2677,53.057641679999996,-1202.3480999999992,-1581.2100583200001,-2783.5581583199996
672,394.386,1082.0702,1712.6577,0.0,0.0,0.0,-1013.5888,-9100.7183,490.2252,5223.4856,-1588.0739,50.02387776,-1211.4823999999999,-1538.05002224,-2749.5324222400004
673,400.8384,1031.6151,1729.134,0.0,0.0,0.0,-1012.5383,-9001.0246,478.4413,5184.9986,-1647.8925,51.83151984,-1188.5355000000009,-1596.0609801599999,-2784.5964801600007
674,407.711,1046.136,1695.8288,0.0,0.0,0.0,-1019.1408,-8922.0555,480.4877,5235.4665,-1707.8029,51.812814239999994,-1075.5663000000004,-1655.9900857599998,-2731.55638576
675,411.1397,993.3498,1732.9285,0.0,0.0,0.0,-1003.3793,-9061.4748,483.9368,5188.4604,-1563.4891,52.42368888,-1255.0389000000005,-1511.06541112,-2766.10431112
676,410.1446,1025.156,1709.0306,0.0,0.0,0.0,-1020.5932,-8986.5862,475.2081,5187.1972,-1613.1227,53.05220424,-1200.4429,-1560.0704957599999,-2760.51339576
677,389.0828,1036.621,1674.3139,0.0,0.0,0.0,-1000.0562,-9029.7711,504.1835,5226.949,-1619.3334,51.1895124,-1198.6770999999999,-1568.1438876,-2766.8209876
678,411.8315,1041.0157,1691.4953,0.0,0.0,0.0,-1021.8248,-8919.0395,467.6534,5175.6371,-1662.2267,52.08180984,-1153.2313000000004,-1610.14489016,-2763.3761901600005
679,394.5975,1008.8511,1705.5606,0.0,0.0,0.0,-1010.095,-8981.9788,491.8485,5210.3777,-1633.5072,50.42358504,-1180.8384000000005,-1583.08361496,-2763.9220149600005
680,395.1893,1084.5233,1690.2585,0.0,0.0,0.0,-976.818,-9011.7993,491.0788,5178.8528,-1607.6488,51.2343396,-1148.7146000000012,-1556.4144603999998,-2705.129060400001
681,388.1766,1036.3027,1686.3185,0.0,0.0,0.0,-1021.2621,-9113.6441,483.613,5215.523,-1533.0996,50.84741664,-1324.9723999999987,-1482.2521833600001,-2807.2245833599986
682,395.3479,1062.646,1717.7219,0.0,0.0,0.0,-1003.2613,-9009.5336,478.4983,5210.2174,-1638.5084,51.72550056,-1148.3634000000002,-1586.78289944,-2735.14629944
683,382.6,1062.754,1700.9016,0.0,0.0,0.0,-1010.4808,-9116.8611,497.887,5221.3765,-1542.4278,49.849182,-1261.8228000000008,-1492.578618,-2754.401418000001
684,388.791,1042.1345,1701.6933,0.0,0.0,0.0,-991.344,-9006.5062,484.9577,5192.3356,-1646.8969,52.73999136,-1187.9381000000003,-1594.15690864,-2782.09500864
685,403.6302,1056.1762,1699.3424,0.0,0.0,0.0,-971.2489,-9078.6175,480.263,5222.9335,-1579.0111,54.42066576,-1187.5211,-1524.59043424,-2712.11153424
686,400.8485,1069.1523,1694.4194,0.0,0.0,0.0,-992.3022,-9065.3322,495.2164,5205.7796,-1584.8013,51.62007096,-1192.2182000000003,-1533.18122904,-2725.3994290400005
687,393.2947,1020.4717,1681.3297,0.0,0.0,0.0,-1003.0395,-9022.3186,488.5726,5235.5833,-1631.692,53.45523864,-1206.1061,-1578.23676136,-2784.34286136
688,411.8788,1045.9497,1694.3641,0.0,0.0,0.0,-956.6033,-8952.2234,479.7006,5239.8415,-1722.6922,55.98410184,-1037.0920000000006,-1666.70809816,-2703.8000981600003
689,370.8185,1076.6163,1715.5966,0.0,0.0,0.0,-977.9347,-8824.1232,497.3874,5209.6408,-1825.9914,55.6291368,-931.9983000000002,-1770.3622632000001,-2702.3605632
690,410.2559,1068.1644,1699.3204,0.0,0.0,0.0,-975.2868,-8815.9703,477.7175,5189.2547,-1827.8407,56.70767088,-946.5442000000003,-1771.13302912,-2717.67722912
691,404.9642,1050.0419,1694.3007,0.0,0.0,0.0,-984.1579,-8898.0768,484.5813,5202.1641,-1725.0045,54.7288164,-1046.1825000000008,-1670.2756836,-2716.4581836000007
692,420.2689,1038.3255,1719.2571,0.0,0.0,0.0,-991.9676,-8943.2184,474.6807,5228.8358,-1710.331,54.710761680000005,-1053.8180000000002,-1655.62023832,-2709.4382383200004
693,380.8892,1059.1239,1689.3759,0.0,0.0,0.0,-989.3434,-9022.2266,488.1686,5213.9608,-1625.8086,52.221823199999996,-1180.0515999999998,-1573.5867768,-2753.6383768
694,398.4545,1102.9403,1714.8807,0.0,0.0,0.0,-1006.2624,-8982.6715,468.8944,5199.1755,-1652.8353,49.887300239999995,-1104.5884999999998,-1602.94799976,-2707.5364997599995
695,405.9782,1053.8856,1712.8715,0.0,0.0,0.0,-1024.3951,-8986.2408,491.4375,5251.4999,-1671.3245,51.21916992,-1094.9631999999992,-1620.10533008,-2715.068530079999
696,390.1676,1085.4061,1718.6669,0.0,0.0,0.0,-1014.6276,-9012.8256,481.882,5198.0941,-1634.2762,51.62965344,-1153.2365,-1582.64654656,-2735.8830465600004
697,419.6762,1083.7778,1697.984,0.0,0.0,0.0,-1020.5766,-9067.0971,471.1978,5194.8002,-1574.8547,50.61325608,-1220.2377000000015,-1524.2414439200002,-2744.479143920001
698,399.7414,1046.951,1716.1045,0.0,0.0,0.0,-993.7023,-9105.1025,489.6423,5219.0937,-1556.4179,51.162519599999996,-1227.2719000000006,-1505.2553804,-2732.5272804000006
699,407.5565,1058.7365,1706.9057,0.0,0.0,0.0,-995.2768,-9067.6176,476.9736,5251.5568,-1625.606,51.60078936,-1161.1652999999997,-1574.00521064,-2735.1705106399995
700,384.3807,1047.7526,1687.7559,0.0,0.0,0.0,-982.0758,-9077.2049,484.7427,5205.5289,-1556.3608,51.48606096,-1249.1199000000006,-1504.87473904,-2753.9946390400005
701,413.6983,1035.9182,1709.9299,0.0,0.0,0.0,-974.9217,-9016.4521,463.8727,5205.6378,-1604.9615,52.566868799999995,-1162.3168999999998,-1552.3946311999998,-2714.7115311999996
702,428.4197,1043.0209,1680.5439,0.0,0.0,0.0,-996.6566,-8958.5177,463.3978,5167.7452,-1649.8725,52.93555272,-1172.046800000001,-1596.93694728,-2768.983747280001
703,414.3329,1038.8566,1691.2932,0.0,0.0,0.0,-1001.0791,-9064.4308,497.4714,5196.1553,-1559.824,51.40644624,-1227.4004999999997,-1508.4175537600001,-2735.8180537599997
704,370.9028,1089.3349,1685.8203,0.0,0.0,0.0,-991.5608,-8939.6059,478.8772,5193.9441,-1674.9415,52.39959408,-1112.287400000001,-1622.5419059199999,-2734.829305920001
705,391.4557,1030.0876,1704.3819,0.0,0.0,0.0,-1002.2625,-8932.4913,480.0974,5201.9034,-1715.012,52.24356792,-1126.8278,-1662.76843208,-2789.59623208
706,394.6543,1033.9707,1693.7351,0.0,0.0,0.0,-994.7295,-9013.5222,476.7306,5247.411,-1663.8147,52.3726704,-1161.749999999999,-1611.4420295999998,-2773.192029599999
707,378.0779,1046.7163,1705.2093,0.0,0.0,0.0,-980.0296,-9064.4889,473.5562,5251.8277,-1657.7763,54.91526256,-1189.1311000000005,-1602.86103744,-2791.9921374400005
708,385.0944,1122.9265,1703.221,0.0,0.0,0.0,-976.3845,-9107.3423,490.9594,5233.1697,-1588.9796,53.03649384,-1148.3558000000003,-1535.9431061599998,-2684.29890616
709,401.5232,1064.8179,1707.204,0.0,0.0,0.0,-1008.0226,-9046.1944,485.1801,5250.1847,-1638.1572,51.3958896,-1145.307100000001,-1586.7613104000002,-2732.068410400001
710,397.1183,1050.8044,1695.8224,0.0,0.0,0.0,-1001.9493,-9019.376,476.4653,5250.0988,-1657.4353,51.11597376,-1151.0161000000007,-1606.31932624,-2757.3354262400007
711,386.3484,1034.616,1677.4956,0.0,0.0,0.0,-1001.4058,-8988.0508,479.2993,5220.4971,-1669.2387,50.86602576,-1191.2002000000011,-1618.3726742400002,-2809.572874240001
712,377.3266,1070.3861,1715.7932,0.0,0.0,0.0,-996.4556,-9018.6792,493.5055,5235.4201,-1647.7161,51.57821808,-1122.7033000000001,-1596.1378819200002,-2718.84118192
713,424.4791,1055.9005,1698.2141,0.0,0.0,0.0,-979.0436,-9010.9102,487.2537,5221.1602,-1656.2211,52.930171439999995,-1102.9461999999994,-1603.2909285599999,-2706.2371285599993
714,420.2746,1050.2948,1695.3964,0.0,0.0,0.0,-1016.6836,-9076.3134,482.1732,5232.0868,-1580.1322,50.01737688,-1212.7711999999992,-1530.11482312,-2742.886023119999
715,398.9781,1086.1213,1686.376,0.0,0.0,0.0,-1003.387,-8889.5642,491.4803,5187.9972,-1733.6615,52.267641839999996,-1041.9983000000002,-1681.39385816,-2723.3921581600002
716,385.0376,995.4815,1714.0042,0.0,0.0,0.0,-985.1079,-8895.5961,497.8553,5190.8645,-1708.6911,52.24763736,-1097.460900000001,-1656.44346264,-2753.9043626400007
717,420.5053,1083.2603,1690.4423,0.0,0.0,0.0,-996.6962,-9065.8811,494.369,5268.1753,-1646.1602,53.01421344,-1105.825100000001,-1593.14598656,-2698.9710865600014
718,376.041,1056.3494,1680.7312,0.0,0.0,0.0,-992.3517,-8978.0004,493.9272,5235.5395,-1700.4226,52.5888936,-1127.7638000000015,-1647.8337064000002,-2775.5975064000013
719,410.1807,1064.8829,1686.9072,0.0,0.0,0.0,-994.6864,-8989.1287,481.9869,5207.8916,-1671.9273,51.67045368,-1131.965799999999,-1620.25684632,-2752.2226463199995
720,401.9021,1072.4279,1680.964,0.0,0.0,0.0,-990.7464,-8949.6054,479.6347,5233.8237,-1711.7542,54.34098552,-1071.599400000001,-1657.41321448,-2729.0126144800015
721,398.9643,1069.7322,1679.8951,0.0,0.0,0.0,-982.8962,-8936.3964,498.5404,5192.2584,-1674.1533,52.54418088,-1079.9022000000004,-1621.6091191199998,-2701.5113191200003
722,415.1928,1052.783,1703.0507,0.0,0.0,0.0,-1018.102,-8852.4938,479.8025,5179.2551,-1750.4236,52.050003839999995,-1040.5117,-1698.37359616,-2738.88529616
723,369.3276,1039.3987,1692.4773,0.0,0.0,0.0,-1010.0004,-8819.0403,495.4763,5193.873,-1776.2111,54.95370624,-1038.4878000000008,-1721.25739376,-2759.745193760001
724,399.2433,1014.884,1694.6112,0.0,0.0,0.0,-1019.2846,-8839.581,487.6368,5166.002,-1745.9471,52.8011856,-1096.488299999999,-1693.1459144,-2789.6342143999996
725,385.9372,1053.8477,1671.5783,0.0,0.0,0.0,-1001.8536,-8845.2518,485.5328,5182.8376,-1768.667,54.18206928,-1067.3718000000008,-1714.48493072,-2781.8567307200005
726,391.823,1049.9007,1692.5232,0.0,0.0,0.0,-984.7202,-8958.0761,487.6472,5186.5173,-1677.9763,54.193965119999994,-1134.384899999999,-1623.78233488,-2758.1672348799993
727,377.0115,1006.4047,1697.478,0.0,0.0,0.0,-1024.0868,-8906.295,479.1605,5248.3509,-1725.9793,52.059487680000004,-1121.9762,-1673.91981232,-2795.89601232
728,400.7314,1033.0598,1714.3951,0.0,0.0,0.0,-989.1279,-8835.5191,477.7776,5168.6215,-1781.2708,53.45596656,-1030.061599999999,-1727.81483344,-2757.8764334399993
729,406.2954,1025.9781,1695.5635,0.0,0.0,0.0,-1005.3365,-9034.7802,493.9113,5253.8894,-1658.3862,50.30365464,-1164.4789999999994,-1608.0825453599998,-2772.5615453599994
730,426.0066,1048.2599,1694.8433,0.0,0.0,0.0,-1026.1998,-8872.5179,475.6385,5225.7586,-1773.8925,52.45339608,-1028.2108000000007,-1721.43910392,-2749.6499039200007
731,387.9252,1028.7913,1694.4958,0.0,0.0,0.0,-1005.823,-8851.0467,500.7609,5223.1443,-1747.5151,54.20532456,-1021.7521999999999,-1693.30977544,-2715.06197544
732,405.4287,1044.9705,1695.1127,0.0,0.0,0.0,-1006.6718,-8959.1817,490.794,5232.2185,-1683.4131,51.629332319999996,-1097.3291,-1631.78376768,-2729.11286768
733,386.9388,1066.3076,1684.0853,0.0,0.0,0.0,-1008.9072,-8998.1702,502.2547,5242.7131,-1661.6859,50.68412856,-1124.777900000001,-1611.0017714399999,-2735.779671440001
734,395.3421,1060.3724,1690.5057,0.0,0.0,0.0,-1019.4198,-8955.3087,477.8934,5212.0709,-1661.918,52.093061999999996,-1138.5439999999999,-1609.824938,-2748.3689379999996
735,383.1673,1074.981,1687.4651,0.0,0.0,0.0,-1009.5113,-9019.0694,477.8174,5238.1537,-1622.8304,52.192660319999995,-1166.9962000000005,-1570.63773968,-2737.6339396800004
736,385.245,1047.5135,1698.7371,0.0,0.0,0.0,-996.6691,-8927.7105,482.9213,5233.978,-1721.5546,52.52315328,-1075.984699999999,-1669.0314467199998,-2745.016146719999
737,420.3013,1047.5551,1714.0994,0.0,0.0,0.0,-1001.8543,-9027.2437,494.9679,5210.7,-1642.6889,51.932073599999995,-1141.4743000000008,-1590.7568264000001,-2732.231126400001
738,405.1985,1029.4923,1721.8392,0.0,0.0,0.0,-1006.0166,-9046.3556,482.1275,5208.2252,-1590.8245,49.117952159999994,-1205.4895000000015,-1541.70654784,-2747.196047840001
739,405.366,1057.7634,1699.2476,0.0,0.0,0.0,-1010.5142,-9044.4447,489.3878,5210.2676,-1607.4423,50.40276912,-1192.9264999999996,-1557.03953088,-2749.9660308799994
740,398.9275,1056.2938,1728.267,0.0,0.0,0.0,-1009.5119,-8870.7644,483.1923,5212.9644,-1784.324,51.63116184,-1000.6313000000009,-1732.69283816,-2733.324138160001
741,414.9609,1056.9575,1672.799,0.0,0.0,0.0,-1000.9512,-9023.2782,493.4443,5241.4727,-1640.299,52.38627768,-1144.5950000000003,-1587.91272232,-2732.50772232
742,403.4009,1047.2277,1710.0767,0.0,0.0,0.0,-1020.0345,-9072.2062,479.0326,5233.3016,-1572.9,51.72557688,-1219.2012000000004,-1521.17442312,-2740.3756231200005
743,380.1081,1059.312,1715.9196,0.0,0.0,0.0,-1018.2259,-9122.9011,484.2039,5230.7506,-1545.257,48.59349192,-1270.8327999999992,-1496.6635080800002,-2767.4963080799994
744,374.527,1074.9923,1716.3377,0.0,0.0,0.0,-979.2429,-9074.7128,480.3806,5207.5627,-1574.0779,51.3037116,-1200.1553999999987,-1522.7741884,-2722.929588399999
745,390.7191,1075.2625,1713.6662,0.0,0.0,0.0,-1022.7835,-9128.6257,498.094,5225.4182,-1554.4711,49.58046504,-1248.249200000001,-1504.89063496,-2753.139834960001
746,399.6782,1101.4068,1707.4338,0.0,0.0,0.0,-999.7196,-8952.3316,484.4109,5204.4416,-1661.7393,51.546175919999996,-1054.6799,-1610.19312408,-2664.8730240800005
747,399.2893,1009.7207,1671.5604,0.0,0.0,0.0,-995.0971,-9049.8933,492.1533,5255.1236,-1586.2857,50.65953336,-1217.1431000000002,-1535.6261666399998,-2752.7692666400003
748,379.5685,1049.6815,1687.8898,0.0,0.0,0.0,-970.6169,-9174.2476,494.0075,5237.4947,-1504.4488,49.957564319999996,-1296.2225000000008,-1454.4912356799998,-2750.713735680001
749,407.461,1051.8299,1703.4231,0.0,0.0,0.0,-988.157,-9098.1466,478.8897,5231.7631,-1588.6178,51.8950476,-1212.9368000000004,-1536.7227524,-2749.6595524000004
750,396.7666,1064.07,1711.1759,0.0,0.0,0.0,-971.3569,-9109.7408,494.76,5254.8173,-1590.1262,53.64921168,-1159.5078999999996,-1536.47698832,-2695.9848883199993
751,384.6608,1059.0964,1701.1692,0.0,0.0,0.0,-1012.3834,-9056.4191,480.2338,5214.6858,-1602.1956,51.04251576,-1228.9564999999993,-1551.15308424,-2780.1095842399995
752,386.025,1039.2748,1717.7644,0.0,0.0,0.0,-1019.3652,-9048.3141,489.1825,5224.5423,-1602.4953,51.62536872,-1210.8903,-1550.86993128,-2761.76023128
753,397.3871,1053.9109,1693.0495,0.0,0.0,0.0,-977.0806,-9102.5636,492.8776,5249.6261,-1600.2555,52.36200503999999,-1192.7929999999997,-1547.89349496,-2740.68649496
754,421.4523,1072.2227,1712.0649,0.0,0.0,0.0,-1018.5368,-8891.3921,477.9984,5162.4039,-1698.3722,52.227809279999995,-1063.7866999999978,-1646.14439072,-2709.9310907199974
755,364.5798,1016.2354,1723.319,0.0,0.0,0.0,-961.7798,-8872.5554,486.6364,5215.2327,-1774.3917,56.31331392,-1028.3318999999992,-1718.07838608,-2746.4102860799994
756,403.9253,1048.9523,1691.7313,0.0,0.0,0.0,-1018.9328,-8884.1272,482.7976,5220.4553,-1766.4651,53.21222856,-1055.1982000000016,-1713.2528714399998,-2768.4510714400017
757,347.6188,1013.2534,1726.3212,0.0,0.0,0.0,-996.6611,-8870.3607,492.4783,5259.967,-1793.4896,55.54552032,-1027.3831,-1737.9440796800002,-2765.32717968
758,404.8917,1071.0045,1695.9921,0.0,0.0,0.0,-998.0974,-8926.6785,481.3622,5174.8907,-1676.2066,53.3791224,-1096.6347000000005,-1622.8274776,-2719.4621776000004
759,379.3912,1062.7801,1707.6613,0.0,0.0,0.0,-1014.79,-8866.0667,485.8318,5232.0602,-1737.2314,52.833738239999995,-1013.1320999999998,-1684.39766176,-2697.5297617599995
760,377.7275,1056.787,1695.1817,0.0,0.0,0.0,-967.7136,-8968.2029,474.0747,5179.8455,-1679.7053,55.34113968,-1152.3000999999995,-1624.36416032,-2776.6642603199994
761,382.7535,1119.1103,1688.0581,0.0,0.0,0.0,-998.2841,-8938.0003,481.608,5184.8954,-1679.2128,54.62726688,-1079.8590999999988,-1624.58553312,-2704.444633119999
762,384.7974,1067.8754,1694.8491,0.0,0.0,0.0,-997.2214,-8978.6325,477.5951,5225.4332,-1678.4563,52.991412479999994,-1125.3036999999995,-1625.46488752,-2750.7685875199995
763,394.0122,1062.1994,1687.9598,0.0,0.0,0.0,-1001.7662,-8932.9447,475.1823,5122.4781,-1632.51,53.0180316,-1192.8790999999992,-1579.4919684,-2772.3710683999993
764,397.7848,1020.0716,1695.2125,0.0,0.0,0.0,-976.5971,-8962.9261,482.8954,5188.8277,-1671.1477,53.707530240000004,-1154.7312000000002,-1617.44016976,-2772.1713697600003
765,391.0284,1057.9021,1706.0161,0.0,0.0,0.0,-999.3608,-9014.9194,496.2208,5230.232,-1685.2035,54.44300808,-1132.8808,-1630.76049192,-2763.64129192
766,383.8216,1027.9455,1712.7691,0.0,0.0,0.0,-975.6489,-8989.3933,468.4894,5222.9862,-1706.2069,54.99121896,-1149.0303999999987,-1651.21568104,-2800.246081039999
767,379.9367,1054.8611,1694.5528,0.0,0.0,0.0,-962.3049,-8957.0851,476.7886,5187.8616,-1706.2073,56.3643432,-1125.3892000000005,-1649.8429568000001,-2775.2321568000007
768,402.4175,1027.002,1697.816,0.0,0.0,0.0,-995.9204,-9088.3123,487.7996,5227.1099,-1568.7118,52.287639119999994,-1242.0876999999991,-1516.42416088,-2758.5118608799994
769,399.8057,1025.8303,1708.2306,0.0,0.0,0.0,-1006.1441,-8948.0623,481.0285,5197.5828,-1662.4652,51.47210592,-1141.7284999999993,-1610.99309408,-2752.7215940799992
770,370.2776,1007.8478,1695.6995,0.0,0.0,0.0,-977.5975,-9019.1936,494.7203,5243.6005,-1664.074,52.9250148,-1184.6454000000012,-1611.1489852,-2795.794385200001
771,400.4112,1049.6689,1699.4895,0.0,0.0,0.0,-992.7511,-8879.1275,491.3947,5194.1992,-1744.9911,52.51361616,-1036.7151000000013,-1692.4774838399999,-2729.1925838400016
772,375.952,1098.5351,1697.9154,0.0,0.0,0.0,-987.4672,-8861.423,478.9353,5236.6892,-1806.128,53.99975736,-960.8632000000007,-1752.1282426399998,-2712.9914426400005
773,417.1173,1065.2557,1688.7819,0.0,0.0,0.0,-983.1104,-8905.2614,478.0932,5195.9384,-1731.1626,53.81183232,-1043.1852999999992,-1677.3507676800002,-2720.536067679999
774,400.6972,991.9052,1713.8137,0.0,0.0,0.0,-999.8443,-8957.1302,488.0333,5207.2659,-1693.5556,51.16938336,-1155.2591999999995,-1642.38621664,-2797.645416639999
775,373.7288,1043.5713,1713.1645,0.0,0.0,0.0,-999.4992,-8852.1637,496.6595,5192.1906,-1770.7471,52.0644636,-1032.3481999999995,-1718.6826364,-2751.0308363999993
776,387.2513,1013.9259,1688.0232,0.0,0.0,0.0,-997.5777,-8892.3284,478.2487,5232.8372,-1775.1523,52.62935039999999,-1089.6198000000004,-1722.5229496,-2812.1427496
777,416.975,1049.4689,1698.0141,0.0,0.0,0.0,-1007.7337,-8812.379,482.5762,5193.8875,-1810.6272,52.333049519999996,-979.1909999999998,-1758.2941504799999,-2737.48515048
778,418.1098,1035.2944,1679.7873,0.0,0.0,0.0,-1012.3033,-8839.3177,481.6957,5136.4631,-1718.38,50.854350239999995,-1100.2707,-1667.52564976,-2767.7963497600003
779,394.9592,1076.7315,1671.2182,0.0,0.0,0.0,-1015.6894,-8919.1657,472.1034,5186.0247,-1669.4588,50.95719216,-1133.8180999999995,-1618.5016078400001,-2752.31970784
780,392.2784,1039.0341,1705.5696,0.0,0.0,0.0,-975.8818,-8922.6975,488.4341,5194.646,-1697.9374,50.38672535999999,-1078.6171000000004,-1647.5506746400001,-2726.16777464
781,384.6578,1060.9324,1695.7229,0.0,0.0,0.0,-1004.1736,-8877.588,485.8276,5180.6704,-1745.6167,53.2415916,-1073.9505000000008,-1692.3751084,-2766.325608400001
782,421.6116,1037.3005,1703.3555,0.0,0.0,0.0,-1017.4481,-8900.1159,477.3867,5205.2875,-1722.1624,51.10502472,-1072.6222000000007,-1671.0573752799999,-2743.679575280001
783,393.0828,1018.4807,1674.5786,0.0,0.0,0.0,-1016.4514,-8777.0524,492.1323,5162.9196,-1777.1775,51.49552392,-1052.3098,-1725.68197608,-2777.99177608
784,427.0839,1080.1794,1703.047,0.0,0.0,0.0,-983.1197,-8911.5203,496.4793,5180.6173,-1699.0323,51.06913272,-1007.2331000000004,-1647.96316728,-2655.19626728
785,385.4553,1049.2857,1714.1937,0.0,0.0,0.0,-989.9974,-8903.1704,488.4047,5217.8793,-1746.0201,53.49169584,-1037.9491000000016,-1692.52840416,-2730.4775041600014
786,379.8035,1081.3616,1704.2314,0.0,0.0,0.0,-1007.9657,-8813.4288,492.9371,5173.4008,-1775.5002,51.8810832,-989.6600999999991,-1723.6191168,-2713.279216799999
787,409.0359,1009.5941,1701.8796,0.0,0.0,0.0,-1013.0757,-8889.7979,490.0807,5199.3222,-1716.33,51.83142408,-1092.9610999999995,-1664.49857592,-2757.4596759199994
788,376.8421,1040.8312,1714.803,0.0,0.0,0.0,-1009.0643,-9052.3396,494.8694,5252.0238,-1606.0969,49.7501568,-1182.0343999999996,-1556.3467432,-2738.3811431999998
789,382.6072,1059.3877,1669.645,0.0,0.0,0.0,-997.5094,-8903.8699,469.8174,5197.774,-1705.0566,51.758082,-1122.1479999999992,-1653.2985179999998,-2775.4465179999993
790,349.8259,1056.6508,1677.6846,0.0,0.0,0.0,-1007.9768,-8797.7552,484.13,5228.365,-1856.7276,50.72632848,-1009.0757000000003,-1806.00127152,-2815.0769715200004
791,384.9317,1030.3197,1690.2693,0.0,0.0,0.0,-1006.9086,-9019.1563,487.4259,5232.0861,-1637.9032,49.925448,-1201.0321999999996,-1587.977752,-2789.0099519999994
792,400.7438,1050.7137,1706.7324,0.0,0.0,0.0,-996.6602,-8918.9239,475.3967,5236.6289,-1760.3106,50.91071184,-1045.3685999999998,-1709.39988816,-2754.7684881599994
793,374.3116,1066.0143,1701.6445,0.0,0.0,0.0,-996.2872,-8957.748,468.3119,5221.1104,-1680.8491,51.58964304,-1122.6425,-1629.2594569599999,-2751.90195696
794,385.6856,1015.4632,1678.6608,0.0,0.0,0.0,-1006.4845,-8931.1579,487.0567,5233.7715,-1704.114,50.81243832,-1137.0046000000002,-1653.30156168,-2790.30616168
795,429.5495,1088.2776,1722.171,0.0,0.0,0.0,-1006.987,-8973.8981,478.3143,5216.2835,-1719.6078,51.967244879999996,-1046.289200000001,-1667.64055512,-2713.9297551200007
796,398.5755,1064.5668,1699.2374,0.0,0.0,0.0,-979.2057,-9041.4945,474.232,5233.0997,-1663.5691,52.35844176,-1150.988800000001,-1611.21065824,-2762.1994582400007
797,407.0922,1044.3761,1689.8561,0.0,0.0,0.0,-989.5074,-9035.0737,502.7912,5248.8183,-1691.7769,52.74511632,-1131.6472000000012,-1639.03178368,-2770.6789836800012
798,415.8153,1006.4894,1689.8998,0.0,0.0,0.0,-986.3643,-9116.0621,493.826,5331.0944,-1630.355,49.69582848,-1165.3014999999996,-1580.65917152,-2745.96067152
799,387.2178,1098.1318,1710.8882,0.0,0.0,0.0,-963.7841,-9064.4139,499.941,5250.1017,-1653.7886,52.504434,-1081.9174999999996,-1601.2841660000001,-2683.2016659999995
800,413.9708,1037.1028,1718.1153,0.0,0.0,0.0,-999.0525,-9106.4015,500.1363,5255.9304,-1612.7174,50.25835728,-1180.1983999999993,-1562.45904272,-2742.6574427199994
801,381.6321,1026.1631,1682.7311,0.0,0.0,0.0,-1002.7354,-9056.07,498.1829,5251.851,-1615.2687,50.29932888,-1218.2452000000003,-1564.96937112,-2783.2145711200005
802,405.5431,1049.4194,1675.6993,0.0,0.0,0.0,-1007.0414,-8965.701,478.6277,5231.7665,-1694.8824,51.26078232,-1131.6863999999996,-1643.6216176799999,-2775.3080176799995
803,377.3472,1032.6751,1715.0883,0.0,0.0,0.0,-1008.7586,-8993.4821,480.0554,5201.487,-1655.6434,49.701857759999996,-1195.5876999999991,-1605.94154224,-2801.529242239999
804,417.2403,1042.1581,1700.212,0.0,0.0,0.0,-1005.6459,-8977.1028,484.6297,5233.3669,-1722.3004,53.22079007999999,-1105.1417000000001,-1669.0796099200002,-2774.2213099200003
805,397.5544,1091.2824,1695.0029,0.0,0.0,0.0,-1000.3523,-8830.4231,469.211,5217.4305,-1823.2028,52.689415679999996,-960.2941999999994,-1770.5133843200001,-2730.8075843199995
806,371.9777,1043.9833,1697.1489,0.0,0.0,0.0,-974.2573,-8958.809,492.6931,5239.9053,-1760.2042,51.661898640000004,-1087.3579999999984,-1708.5423013599998,-2795.9003013599986
807,383.7156,1047.9644,1691.9602,0.0,0.0,0.0,-962.6483,-8977.8843,477.9593,5192.1221,-1670.5241,51.1684416,-1146.8110000000006,-1619.3556584,-2766.166658400001
808,394.85,1027.4991,1706.7186,0.0,0.0,0.0,-999.6309,-8833.4219,489.0035,5190.7638,-1767.5795,52.59878496,-1024.2178000000004,-1714.98071504,-2739.19851504
809,407.4175,1073.3123,1707.8928,0.0,0.0,0.0,-997.2699,-8899.3244,476.3787,5149.5782,-1719.5199,51.71820048,-1082.014799999999,-1667.80169952,-2749.816499519999
810,401.7331,1033.8464,1707.4548,0.0,0.0,0.0,-1015.9439,-8899.7277,479.419,5216.6241,-1729.8248,51.299497439999996,-1076.5941999999995,-1678.52530256,-2755.11950256
811,407.5454,1015.5431,1679.1046,0.0,0.0,0.0,-1011.5562,-8874.0874,485.5296,5192.4934,-1733.8206,52.32059496,-1105.4275000000007,-1681.50000504,-2786.9275050400006
812,389.2131,1029.0733,1716.1016,0.0,0.0,0.0,-1015.1034,-8925.6391,490.0689,5183.9547,-1666.6411,51.136329599999996,-1132.3309,-1615.5047704,-2747.8356704
813,383.9699,1032.5378,1686.0015,0.0,0.0,0.0,-1009.6338,-8966.4931,476.4114,5189.8739,-1671.3314,50.900631839999996,-1207.3323999999993,-1620.43076816,-2827.763168159999
814,414.3235,1017.5492,1717.0982,0.0,0.0,0.0,-987.9163,-8936.3393,469.9863,5185.9,-1690.2256,53.182770479999995,-1119.3984,-1637.04282952,-2756.44122952
815,414.3246,1040.8429,1715.2217,0.0,0.0,0.0,-1006.898,-8951.8817,499.7121,5207.8766,-1684.6964,51.05330568,-1080.8018000000002,-1633.64309432,-2714.44489432
816,407.5638,1074.9026,1688.1636,0.0,0.0,0.0,-982.1037,-9009.07,485.604,5205.5929,-1647.8699,51.60190896,-1129.3468000000003,-1596.26799104,-2725.61479104
817,421.3981,1088.1643,1725.4895,0.0,0.0,0.0,-1001.5455,-8942.6893,470.9308,5179.5106,-1693.374,52.78913352,-1058.741500000001,-1640.58486648,-2699.3263664800006
818,373.1395,1034.2421,1683.2667,0.0,0.0,0.0,-1016.7066,-8952.3726,472.2031,5202.5713,-1686.6712,50.91814656,-1203.6565000000019,-1635.75305344,-2839.4095534400017
819,385.586,1076.1091,1704.1233,0.0,0.0,0.0,-1031.0262,-8879.2271,499.98,5227.635,-1747.308,53.5539492,-1016.8199000000004,-1693.7540508,-2710.5739508000006
820,408.7863,1052.3641,1720.5542,0.0,0.0,0.0,-978.4615,-9014.3791,481.6349,5240.3939,-1676.1118,53.04757104,-1089.1072000000004,-1623.0642289599998,-2712.17142896
821,395.0628,1068.8038,1699.2869,0.0,0.0,0.0,-1008.8035,-8955.0347,472.3432,5262.6623,-1740.987,51.93395208,-1065.6791999999996,-1689.0530479200002,-2754.7322479199997
822,407.0413,1052.3823,1681.5056,0.0,0.0,0.0,-998.4458,-8929.5872,478.6694,5262.1555,-1785.4486,52.12420056,-1046.2789000000002,-1733.32439944,-2779.60329944
823,397.2936,1046.3996,1694.264,0.0,0.0,0.0,-993.8972,-8943.0669,485.8563,5271.3381,-1765.711,53.11466496,-1041.8125,-1712.59633504,-2754.40883504
824,359.2418,1049.5967,1700.0519,0.0,0.0,0.0,-989.0303,-8932.4608,500.9968,5245.068,-1753.3881,51.2245296,-1066.5359000000008,-1702.1635703999998,-2768.699470400001
825,421.6356,1014.4626,1707.5867,0.0,0.0,0.0,-997.6162,-8903.4775,482.5977,5201.6454,-1725.5832,53.297111519999994,-1073.1657000000005,-1672.28608848,-2745.4517884800007
826,397.3961,1035.3003,1692.7855,0.0,0.0,0.0,-1008.3092,-9014.9461,480.1965,5210.8198,-1647.1737,51.8631408,-1206.7570999999998,-1595.3105592000002,-2802.0676592
827,375.0213,1094.3414,1692.0279,0.0,0.0,0.0,-1027.9674,-8851.9279,474.7988,5213.4699,-1760.0882,53.87167872,-1030.2360000000008,-1706.2165212799998,-2736.452521280001
828,401.5891,1043.5379,1687.9218,0.0,0.0,0.0,-992.7601,-8941.3737,486.3682,5230.7082,-1721.9445,52.755359760000005,-1084.0086000000001,-1669.1891402400001,-2753.1977402400003
829,444.8004,1060.7221,1685.8931,0.0,0.0,0.0,-1012.7022,-8712.3826,470.8416,5187.4616,-1883.9112,53.1255276,-875.3660000000009,-1830.7856724,-2706.1516724000007
830,406.0742,1028.0963,1704.387,0.0,0.0,0.0,-995.9515,-8857.7193,482.5481,5175.3539,-1713.9567,53.63670456,-1057.2113000000008,-1660.31999544,-2717.5312954400006
831,391.4701,1034.6208,1699.9648,0.0,0.0,0.0,-997.8978,-8864.1518,491.2986,5200.6557,-1758.6408,53.129016719999996,-1044.0395999999992,-1705.51178328,-2749.5513832799993
832,389.5151,1048.7163,1704.015,0.0,0.0,0.0,-1024.8119,-8925.0171,477.3153,5201.8248,-1675.2804,50.2501032,-1128.4424999999983,-1625.0302968,-2753.4727967999984
833,386.7387,1056.0749,1710.1295,0.0,0.0,0.0,-985.7777,-8888.2603,476.3671,5214.6672,-1769.094,51.04861272,-1030.0605999999998,-1718.04538728,-2748.1059872799997
834,378.621,1084.2658,1712.0409,0.0,0.0,0.0,-996.0913,-8975.2125,488.6868,5206.272,-1669.8663,52.04220408,-1101.4172999999992,-1617.82409592,-2719.241395919999
835,389.0278,1040.6533,1718.9515,0.0,0.0,0.0,-1008.8433,-8919.4389,485.9899,5191.1257,-1733.1671,51.449562,-1102.5339999999997,-1681.7175379999999,-2784.2515379999995
836,392.6587,1059.0632,1706.4282,0.0,0.0,0.0,-1003.8981,-9043.4648,477.7109,5242.5771,-1658.6839,51.44096088,-1168.9247999999989,-1607.24293912,-2776.1677391199987
837,385.1095,1047.7833,1717.526,0.0,0.0,0.0,-982.8655,-8821.356,476.5753,5199.7748,-1842.5838,54.84554928,-977.4525999999987,-1787.73825072,-2765.190850719999
838,358.7067,1084.3052,1696.199,0.0,0.0,0.0,-994.8722,-8836.599,465.6142,5204.0554,-1809.3568,52.85659968,-1022.5906999999997,-1756.50020032,-2779.09090032
839,358.8908,1052.9907,1731.8417,0.0,0.0,0.0,-985.2722,-8982.0237,495.1193,5194.7798,-1673.5727,52.90379064,-1133.6735999999992,-1620.66890936,-2754.342509359999
840,406.8958,1021.6147,1709.7747,0.0,0.0,0.0,-1016.7984,-8950.5138,482.2978,5192.1449,-1646.3997,51.96454632,-1154.5843000000004,-1594.43515368,-2749.0194536800004
841,379.1233,1042.3683,1716.5544,0.0,0.0,0.0,-1035.7375,-8854.1412,490.5477,5195.81,-1713.4516,50.94455544,-1065.4749999999995,-1662.5070445600002,-2727.98204456
842,410.9187,1069.8833,1713.6404,0.0,0.0,0.0,-1006.1908,-8948.3641,479.4424,5245.0212,-1699.7455,53.09299224,-1035.648900000001,-1646.65250776,-2682.301407760001
843,397.8523,1021.897,1680.278,0.0,0.0,0.0,-1007.116,-9027.7957,488.6025,5202.1811,-1619.7104,53.032152239999995,-1244.100800000001,-1566.67824776,-2810.779047760001
844,391.3204,1040.0932,1697.2062,0.0,0.0,0.0,-1014.3637,-8964.6865,476.0445,5221.3007,-1664.2464,53.828843039999995,-1153.0851999999995,-1610.41755696,-2763.5027569599997
845,432.2183,1082.4327,1719.1818,0.0,0.0,0.0,-1020.3631,-8996.0827,473.9405,5169.2827,-1579.0247,49.74108984,-1139.3898000000017,-1529.2836101599999,-2668.673410160002
846,404.9556,1085.8626,1700.9089,0.0,0.0,0.0,-1004.078,-8887.2627,464.6267,5151.369,-1688.2417,53.19824976,-1083.6178999999993,-1635.04345024,-2718.661350239999
847,400.4443,1039.7311,1730.6058,0.0,0.0,0.0,-995.7547,-8978.4058,491.0304,5179.7738,-1656.1102,52.22718216,-1132.575100000001,-1603.88301784,-2736.458117840001
848,380.1231,1035.8891,1705.5584,0.0,0.0,0.0,-1033.6079,-8900.8047,499.464,5214.8237,-1718.4456,51.17657256,-1098.5543000000007,-1667.26902744,-2765.823327440001
849,411.7619,1037.9034,1692.8414,0.0,0.0,0.0,-1008.7968,-8985.8994,486.0555,5213.0309,-1668.7079,52.92251496,-1153.1031000000003,-1615.7853850400002,-2768.8884850400004
850,384.1365,999.3865,1723.3168,0.0,0.0,0.0,-992.6628,-8946.6081,494.1764,5209.1015,-1683.2301,51.77016288,-1129.1531999999997,-1631.45993712,-2760.6131371199995
851,383.8086,1056.7951,1699.4271,0.0,0.0,0.0,-1000.4879,-8930.7338,473.4186,5195.6117,-1691.5378,52.43086728,-1122.1605999999992,-1639.10693272,-2761.2675327199995
852,408.0275,1056.233,1697.6703,0.0,0.0,0.0,-990.4624,-8941.0487,479.4531,5239.2545,-1711.0301,53.9909136,-1050.8727,-1657.0391863999998,-2707.9118863999997
853,378.9557,1020.5282,1719.237,0.0,0.0,0.0,-1021.1114,-8890.819,483.2583,5228.2561,-1750.8442,51.76884096,-1081.695099999999,-1699.07535904,-2780.770459039999
854,373.3499,1007.5626,1674.5748,0.0,0.0,0.0,-1000.2707,-8949.121,486.8576,5199.1072,-1679.5173,51.69891024,-1207.9395999999988,-1627.81838976,-2835.757989759999
855,407.5896,1048.4106,1693.3311,0.0,0.0,0.0,-995.9738,-9021.8632,484.1165,5201.4391,-1640.0636,50.41954512,-1182.9501,-1589.6440548799999,-2772.59415488
856,415.6997,1065.5393,1650.0561,0.0,0.0,0.0,-998.4023,-8955.6894,478.7568,5148.1224,-1654.713,53.341858800000004,-1195.9173999999985,-1601.3711412,-2797.2885411999982
857,410.4991,1042.2364,1682.7967,0.0,0.0,0.0,-982.1309,-8899.9924,478.2699,5151.1053,-1682.361,52.66096488,-1117.2158999999992,-1629.7000351200002,-2746.915935119999
858,419.9116,1048.0869,1693.5897,0.0,0.0,0.0,-1008.4894,-8899.2265,485.0641,5195.2974,-1702.7203,53.33376456,-1065.766200000001,-1649.38653544,-2715.152735440001
859,402.384,1040.1452,1692.2786,0.0,0.0,0.0,-1030.1394,-8987.6851,490.918,5178.6264,-1629.6323,50.72688072,-1213.4723000000004,-1578.90541928,-2792.3777192800007
860,397.5259,1057.0279,1707.1718,0.0,0.0,0.0,-1002.7302,-9032.8576,458.8463,5149.0217,-1568.9072,52.47649224,-1265.9941999999992,-1516.4307077600001,-2782.4249077599993
861,385.2277,1048.2707,1705.9902,0.0,0.0,0.0,-1001.2656,-9065.1238,486.3977,5206.0691,-1593.2273,51.42224232,-1234.4340000000002,-1541.8050576800001,-2776.2390576800003
862,390.7245,1052.7091,1703.1397,0.0,0.0,0.0,-1028.0463,-9032.1946,478.3542,5215.2581,-1606.036,52.68421008,-1220.055300000001,-1553.35178992,-2773.407089920001
863,402.8526,1025.9992,1703.2287,0.0,0.0,0.0,-1022.4467,-9071.2967,477.1651,5202.7885,-1562.5846,53.64606816,-1281.7093000000013,-1508.93853184,-2790.6478318400013
864,374.828,1087.7843,1709.8624,0.0,0.0,0.0,-1004.06,-9132.7286,503.1786,5218.8245,-1533.0232,51.545400480000005,-1242.310800000001,-1481.4777995200002,-2723.7885995200013
865,392.6028,1093.5411,1699.972,0.0,0.0,0.0,-1010.1534,-9156.3942,492.3344,5226.1416,-1517.1481,51.25581072,-1261.9557000000013,-1465.89228928,-2727.8479892800015
866,382.6402,1053.7342,1683.7807,0.0,0.0,0.0,-981.9716,-9248.9248,492.6335,5211.6671,-1446.8639,50.996521439999995,-1406.440700000001,-1395.8673785600001,-2802.3080785600014
867,369.5745,1053.0684,1695.3467,0.0,0.0,0.0,-1007.7354,-9102.1442,497.8936,5231.1266,-1535.4592,51.45065568,-1262.8698000000013,-1484.00854432,-2746.8783443200014
868,400.0823,1067.3603,1708.3549,0.0,0.0,0.0,-1004.2165,-9138.0101,472.5352,5173.8296,-1489.4094,52.261691039999995,-1320.064299999999,-1437.14770896,-2757.212008959999
869,372.114,1034.1818,1694.1523,0.0,0.0,0.0,-996.7586,-9107.3562,500.8529,5219.6275,-1524.6144,52.67257488,-1283.1863000000003,-1471.94182512,-2755.1281251200003
870,383.9466,1067.8253,1679.6878,0.0,0.0,0.0,-1025.9229,-9082.2532,472.2332,5206.0908,-1512.3301,53.428227119999995,-1298.3923999999997,-1458.90187288,-2757.29427288
871,394.0003,1069.0153,1712.2974,0.0,0.0,0.0,-996.4263,-9090.6744,474.6233,5184.5603,-1553.8099,53.06835672,-1252.6040999999996,-1500.7415432799999,-2753.34564328
872,390.6082,997.2223,1695.025,0.0,0.0,0.0,-1010.0436,-9100.5624,493.6116,5182.3541,-1518.3671,51.22240127999999,-1351.7848000000004,-1467.14469872,-2818.92949872
873,410.7604,1042.3844,1701.3954,0.0,0.0,0.0,-983.4195,-9064.0536,489.8864,5170.0806,-1560.2628,51.628162319999994,-1232.9658999999983,-1508.63463768,-2741.6005376799985
874,412.4905,1111.62,1713.569,0.0,0.0,0.0,-991.6315,-9103.1319,478.6539,5183.2126,-1536.9855,52.302949919999996,-1195.2174000000005,-1484.68255008,-2679.89995008
875,405.6621,1015.4305,1711.3878,0.0,0.0,0.0,-991.2568,-9104.8925,480.5712,5232.6379,-1549.1055,51.0082056,-1250.4598000000005,-1498.0972944,-2748.5570944
876,408.3324,1026.8418,1682.7217,0.0,0.0,0.0,-999.7673,-9156.0882,491.3882,5232.8037,-1515.6644,50.54683608,-1313.7676999999994,-1465.1175639199998,-2778.885263919999
877,386.5028,1099.5786,1710.3143,0.0,0.0,0.0,-1011.6507,-8933.9338,473.2428,5155.1981,-1677.477,51.96888216,-1120.7479000000012,-1625.50811784,-2746.2560178400013
878,393.1271,1026.0139,1680.7061,0.0,0.0,0.0,-1017.6914,-9115.8686,470.1326,5177.5059,-1505.427,52.00291728,-1386.0744000000004,-1453.42408272,-2839.49848272
879,382.1541,1033.3239,1677.6108,0.0,0.0,0.0,-992.2719,-9090.6392,488.6166,5205.069,-1546.2034,51.22340352,-1296.136699999999,-1494.9799964800002,-2791.1166964799995
880,378.4157,1023.3038,1688.2838,0.0,0.0,0.0,-993.7508,-9205.6363,487.6673,5184.0363,-1453.1059,51.36224904,-1437.6801999999998,-1401.74365096,-2839.42385096
881,407.0498,1038.7948,1683.5606,0.0,0.0,0.0,-986.2732,-9107.2924,482.4912,5231.2838,-1592.1083,52.082905679999996,-1250.3854000000001,-1540.02539432,-2790.41079432
882,393.0267,1086.3068,1719.1513,0.0,0.0,0.0,-1032.2381,-9055.1458,481.3453,5202.5295,-1563.5836,51.43211424,-1205.024300000001,-1512.15148576,-2717.175785760001
883,389.5594,1073.2127,1709.6029,0.0,0.0,0.0,-1012.6525,-9099.2885,484.7552,5196.443,-1571.8764,52.07798016,-1258.367800000001,-1519.7984198400002,-2778.166219840001
884,421.9242,1021.2765,1715.4941,0.0,0.0,0.0,-983.5334,-8987.6449,482.0998,5180.2437,-1637.5673,52.50492288,-1150.1399999999994,-1585.0623771199998,-2735.2023771199993
885,406.9153,1002.8622,1713.3127,0.0,0.0,0.0,-986.5428,-9050.9892,476.3114,5219.3269,-1635.1409,54.46464624,-1218.803500000001,-1580.67625376,-2799.479753760001
886,399.0135,1044.6304,1693.9266,0.0,0.0,0.0,-1011.8167,-8948.8738,473.3572,5178.0076,-1650.2381,50.82885864,-1171.7551999999987,-1599.4092413600001,-2771.164441359999
887,386.0077,1068.1904,1696.4977,0.0,0.0,0.0,-1005.6525,-8978.7858,491.0613,5148.4059,-1622.2408,50.362721279999995,-1194.2753000000002,-1571.87807872,-2766.15337872
888,418.4254,1003.8073,1738.6602,0.0,0.0,0.0,-1019.1085,-8976.5543,494.7251,5192.4034,-1651.4018,50.9690052,-1147.6414000000004,-1600.4327948,-2748.0741948000004
889,410.3971,1062.2077,1686.5746,0.0,0.0,0.0,-999.8395,-8956.5674,484.4787,5180.6182,-1662.3576,52.92471887999999,-1132.1306000000004,-1609.43288112,-2741.5634811200007
890,415.4676,1026.5389,1722.8772,0.0,0.0,0.0,-1001.0294,-9004.5013,474.629,5220.605,-1684.6071,51.26658768,-1145.4130000000005,-1633.34051232,-2778.7535123200005
891,396.2788,1027.1469,1709.0338,0.0,0.0,0.0,-988.0773,-9040.7528,487.3817,5194.3174,-1602.5521,52.2938556,-1214.6715000000004,-1550.2582444000002,-2764.9297444000003
892,405.6314,1063.3436,1712.2642,0.0,0.0,0.0,-1016.977,-8994.1998,469.6663,5189.1189,-1639.8953,52.24296312,-1171.1524,-1587.65233688,-2758.8047368800003
893,392.8956,1064.713,1702.5982,0.0,0.0,0.0,-983.5518,-8985.5146,475.2136,5211.5658,-1666.7745,52.95023928,-1122.0802000000003,-1613.82426072,-2735.9044607200003
894,390.6225,1036.9393,1685.0632,0.0,0.0,0.0,-996.6504,-9040.0889,480.463,5230.5722,-1639.1886,51.79732488,-1213.0791000000017,-1587.39127512,-2800.470375120002
895,383.4405,1087.1868,1683.1377,0.0,0.0,0.0,-994.7682,-9097.5983,474.7741,5227.7089,-1587.7163,50.912726400000004,-1236.1185000000005,-1536.8035736,-2772.9220736000007
896,405.0213,1045.3581,1699.5593,0.0,0.0,0.0,-998.1718,-9087.314,481.5983,5241.7568,-1595.2527,51.128875439999995,-1212.192000000001,-1544.12382456,-2756.315824560001
897,391.3563,1066.0243,1691.2466,0.0,0.0,0.0,-1009.1368,-9146.3628,488.3391,5256.0059,-1572.6204,50.348061359999996,-1262.5274000000009,-1522.27233864,-2784.7997386400007
898,428.3212,1039.3403,1717.3911,0.0,0.0,0.0,-995.6835,-8989.5608,477.1671,5243.9373,-1686.8001,50.1023376,-1079.0873000000001,-1636.6977623999999,-2715.7850624000002
899,361.8392,1071.3132,1695.4449,0.0,0.0,0.0,-1014.1115,-8975.0494,497.7389,5223.1626,-1708.3372,51.54927552,-1139.6620999999996,-1656.78792448,-2796.4500244799997
900,393.8002,1058.3185,1726.5023,0.0,0.0,0.0,-1009.4361,-8964.4054,487.819,5233.4377,-1714.3848,51.2277804,-1073.9637999999986,-1663.1570196,-2737.1208195999984
901,389.1354,1039.6678,1684.8832,0.0,0.0,0.0,-1030.9148,-8864.4021,497.7149,5194.217,-1731.9243,51.26713128,-1089.6985999999997,-1680.6571687199998,-2770.3557687199996
902,387.1558,1038.2425,1689.1596,0.0,0.0,0.0,-1024.3716,-8913.3504,484.5032,5193.6237,-1702.1724,51.03194616,-1145.0371999999998,-1651.14045384,-2796.1776538399995
903,425.8582,1054.7311,1669.4716,0.0,0.0,0.0,-1035.0563,-8995.7019,480.8259,5178.4916,-1639.5439,49.25512224,-1221.3797999999997,-1590.28877776,-2811.668577759999
904,370.8454,1024.9719,1704.7073,0.0,0.0,0.0,-1026.672,-9002.8667,481.6349,5201.9477,-1630.0425,50.93096904,-1245.4315000000006,-1579.11153096,-2824.5430309600006
905,362.0636,1024.3871,1692.8186,0.0,0.0,0.0,-1004.589,-8917.3788,477.5166,5188.0589,-1715.1415,51.177760559999996,-1177.1230000000005,-1663.96373944,-2841.08673944
906,397.3173,1059.3932,1711.2958,0.0,0.0,0.0,-1019.6151,-9020.5022,486.4615,5182.752,-1602.1578,50.880090239999994,-1202.8975,-1551.2777097599999,-2754.17520976
907,400.927,1020.5429,1674.0347,0.0,0.0,0.0,-1011.7956,-8968.9804,479.5174,5208.7604,-1641.7182,50.91206328,-1196.9935999999998,-1590.80613672,-2787.79973672
908,401.5155,1060.6807,1680.7938,0.0,0.0,0.0,-1003.3484,-8916.9523,476.5135,5190.371,-1701.6769,52.43664456,-1110.4262000000008,-1649.2402554399998,-2759.666455440001
909,412.9953,1029.5947,1676.2129,0.0,0.0,0.0,-1005.7351,-9006.946,494.4131,5227.0027,-1647.8005,51.04304784,-1172.4623999999994,-1596.75745216,-2769.21985216
910,380.6931,1078.7105,1679.653,0.0,0.0,0.0,-1004.0611,-8942.0629,490.6425,5198.7683,-1666.37,52.278375600000004,-1117.6566000000012,-1614.0916244,-2731.748224400001
911,398.3428,1066.6888,1739.9407,0.0,0.0,0.0,-1033.1144,-8940.4221,480.3844,5188.4023,-1663.6379,52.42246128,-1099.7775000000001,-1611.2154387199998,-2710.99293872
912,400.3049,1008.382,1686.8908,0.0,0.0,0.0,-1014.804,-9026.9586,488.5829,5234.6367,-1620.8221,52.23255407999999,-1222.9652999999998,-1568.58954592,-2791.5548459200004
913,393.6639,1067.2484,1707.9167,0.0,0.0,0.0,-1005.7968,-9036.1633,483.3292,5206.6019,-1618.0537,50.969581919999996,-1183.2000000000007,-1567.0841180799998,-2750.2841180800006
914,406.3582,1041.4763,1705.1035,0.0,0.0,0.0,-987.257,-9060.605,479.5248,5264.2497,-1626.3185,51.98832719999999,-1151.1494999999986,-1574.3301728000001,-2725.4796727999988
915,384.7109,981.5194,1675.8738,0.0,0.0,0.0,-1018.9821,-8987.57,482.4016,5248.1013,-1670.3341,51.43926168,-1233.945099999999,-1618.89483832,-2852.839938319999
916,382.3635,1086.9473,1701.9679,0.0,0.0,0.0,-968.0953,-9107.8391,480.365,5255.0582,-1599.0951,53.40032064,-1169.2324999999992,-1545.69477936,-2714.9272793599994
917,415.6462,1064.0238,1704.3512,0.0,0.0,0.0,-982.0118,-9039.8884,483.6742,5204.1751,-1618.3463,55.02398616,-1150.0296999999991,-1563.3223138399999,-2713.3520138399995
918,383.9709,1045.9985,1685.0265,0.0,0.0,0.0,-1007.7393,-8988.6933,497.6101,5205.0116,-1632.2842,51.23794608,-1178.8150000000014,-1581.04625392,-2759.8612539200017
919,384.0894,1062.2715,1689.9068,0.0,0.0,0.0,-1000.189,-9108.9211,480.4692,5196.4367,-1553.8874,51.70450248,-1295.9364999999998,-1502.18289752,-2798.11939752
920,420.9729,1043.2533,1701.154,0.0,0.0,0.0,-1004.7978,-8890.6603,486.321,5193.7354,-1720.4582,52.8023304,-1050.0214999999998,-1667.6558696,-2717.6773696
921,374.1247,1069.6318,1670.5726,0.0,0.0,0.0,-1003.8463,-9052.2922,483.3935,5215.9861,-1608.4665,52.836523199999995,-1242.4298,-1555.6299768,-2798.0597768
922,397.0422,1058.2688,1701.5043,0.0,0.0,0.0,-989.5064,-9008.0204,476.5572,5188.1252,-1647.5129,52.65277848,-1176.0290999999988,-1594.86012152,-2770.8892215199985
923,385.8317,1039.5249,1693.1442,0.0,0.0,0.0,-1017.378,-9054.788,479.2101,5191.0508,-1597.1677,51.49597248,-1283.404300000001,-1545.6717275199999,-2829.076027520001
924,386.4553,1041.0303,1692.7836,0.0,0.0,0.0,-1005.6446,-9113.7559,486.6145,5268.0949,-1603.8391,51.433620479999995,-1244.4219000000012,-1552.40547952,-2796.827379520001
925,372.8707,1023.2159,1713.6744,0.0,0.0,0.0,-1009.7075,-9012.0508,510.5287,5245.1767,-1658.6128,51.74846568,-1156.291900000001,-1606.8643343200001,-2763.1562343200007
926,399.002,1069.7931,1678.8756,0.0,0.0,0.0,-1015.1948,-9106.4995,493.7796,5231.6559,-1571.237,50.845082399999995,-1248.5881,-1520.3919176000002,-2768.9800176
927,388.6802,1033.0837,1681.2083,0.0,0.0,0.0,-988.6241,-8933.3744,493.1285,5164.4492,-1686.381,53.384423760000004,-1161.4486000000006,-1632.9965762400002,-2794.445176240001
928,380.7116,1061.656,1689.5083,0.0,0.0,0.0,-1000.7646,-8953.2898,491.1188,5152.3663,-1634.972,50.735158559999995,-1178.6934,-1584.23684144,-2762.93024144
929,400.8177,1065.9901,1690.4207,0.0,0.0,0.0,-972.4874,-9023.9067,480.5303,5142.01,-1587.0742,51.38651736,-1216.6252999999988,-1535.68768264,-2752.3129826399986
930,382.6382,1100.9164,1676.4548,0.0,0.0,0.0,-976.9713,-9014.1697,476.0302,5161.1539,-1591.7076,52.60293864,-1193.9475000000002,-1539.10466136,-2733.05216136
931,416.4736,1044.398,1706.931,0.0,0.0,0.0,-1000.5596,-8976.5394,479.2818,5155.9976,-1616.0545,52.3492416,-1174.0169999999998,-1563.7052584,-2737.7222584
932,410.4037,1085.3878,1685.703,0.0,0.0,0.0,-991.9864,-9071.9893,478.8279,5185.0463,-1557.4738,52.22543688,-1218.606999999999,-1505.24836312,-2723.855363119999
933,396.7149,1096.2226,1725.9346,0.0,0.0,0.0,-1011.0936,-8979.0084,480.2286,5163.1931,-1635.9863,50.771720880000004,-1127.8081999999995,-1585.21457912,-2713.0227791199995
934,401.6972,1082.7635,1690.131,0.0,0.0,0.0,-1029.6033,-9064.9643,482.8194,5228.4012,-1597.6525,50.76842688,-1208.755299999999,-1546.8840731199998,-2755.639373119999
935,383.1397,1068.4364,1695.3267,0.0,0.0,0.0,-1016.6379,-9026.703,487.4688,5164.2514,-1577.4617,49.845359519999995,-1244.7178999999996,-1527.61634048,-2772.3342404799996
936,401.6407,1039.9776,1693.3514,0.0,0.0,0.0,-1009.3905,-9048.5209,485.9616,5193.9507,-1597.9305,51.930406080000004,-1243.0293999999994,-1546.00009392,-2789.0294939199994
937,389.8267,1004.8332,1699.9027,0.0,0.0,0.0,-969.8117,-9043.6658,483.6694,5184.9839,-1592.7877,51.227899199999996,-1250.2616000000007,-1541.5598008000002,-2791.8214008000004
938,402.3776,1098.0706,1692.5908,0.0,0.0,0.0,-991.4147,-9042.6171,482.3054,5184.3479,-1604.616,54.852204959999995,-1174.3395,-1549.7637950399999,-2724.10329504
939,395.599,1094.9482,1701.4586,0.0,0.0,0.0,-1011.9426,-9047.584,477.8939,5175.1448,-1577.0687,53.155673279999995,-1214.4821000000002,-1523.91302672,-2738.39512672
940,375.5548,1054.9382,1717.8788,0.0,0.0,0.0,-989.8092,-9167.7913,496.6919,5190.2815,-1527.9039,50.71051152,-1322.2553000000016,-1477.19338848,-2799.4486884800017
941,398.2815,1053.6869,1715.3893,0.0,0.0,0.0,-1019.2088,-9053.6002,465.9485,5185.3986,-1570.1772,52.43314392,-1254.1041999999998,-1517.74405608,-2771.84825608
942,423.7092,1081.0954,1711.6511,0.0,0.0,0.0,-1022.6634,-9047.5996,482.1813,5173.1129,-1593.5369,51.12356688,-1198.5130999999992,-1542.41333312,-2740.9264331199993
943,383.3886,1023.4675,1694.131,0.0,0.0,0.0,-1011.7797,-9086.8937,501.5614,5256.4821,-1600.1279,51.037230959999995,-1239.6428000000005,-1549.09066904,-2788.7334690400003
944,405.735,1050.8375,1721.0735,0.0,0.0,0.0,-1003.8733,-9103.3671,491.7561,5211.2072,-1590.495,51.52656096,-1226.6310999999996,-1538.9684390399998,-2765.5995390399994
945,391.6479,1033.9194,1708.2322,0.0,0.0,0.0,-999.2427,-9113.0499,498.9401,5250.9997,-1569.7034,48.32710776,-1228.5532999999996,-1521.37629224,-2749.9295922399997
946,417.9733,1077.9297,1737.3423,0.0,0.0,0.0,-1001.4786,-9226.8051,483.7066,5258.9207,-1494.1456,51.2860896,-1252.4111000000003,-1442.8595104,-2695.2706104
947,418.4198,1061.2467,1735.0844,0.0,0.0,0.0,-1015.0661,-9175.4017,472.3976,5191.3348,-1467.0727,50.648521679999995,-1311.9845000000005,-1416.42417832,-2728.40867832
948,372.9466,1047.9469,1712.1533,0.0,0.0,0.0,-1007.8559,-9173.2629,491.752,5215.0258,-1484.7936,50.262531839999994,-1341.2941999999994,-1434.53106816,-2775.8252681599993
949,396.5945,1072.9474,1707.0455,0.0,0.0,0.0,-999.1518,-9115.6759,492.2301,5204.7678,-1531.233,51.22031256,-1241.242400000001,-1480.01268744,-2721.2550874400013
950,394.8004,1052.7249,1706.881,0.0,0.0,0.0,-1032.3345,-9155.7343,474.9972,5202.2302,-1491.6817,48.42162071999999,-1356.4351000000006,-1443.2600792800001,-2799.6951792800005
951,371.6475,1006.9652,1728.4441,0.0,0.0,0.0,-1005.7111,-9012.0588,486.5215,5189.3364,-1596.2503,50.696153280000004,-1234.8552000000009,-1545.5541467199998,-2780.4093467200005
952,378.369,1044.9989,1735.0919,0.0,0.0,0.0,-1008.7464,-9088.086,482.5928,5263.2486,-1636.5077,51.89987952,-1192.5311999999985,-1584.60782048,-2777.1390204799986
953,395.1073,1060.7654,1712.8582,0.0,0.0,0.0,-979.8379,-9076.0724,496.5849,5201.5538,-1599.1998,51.944508719999995,-1189.0406999999996,-1547.2552912800002,-2736.2959912799997
954,381.9224,1033.6734,1703.2985,0.0,0.0,0.0,-982.7554,-9110.6636,481.2518,5296.641,-1627.618,52.382200319999995,-1196.6319000000003,-1575.23579968,-2771.8676996800004
955,411.9922,1035.1473,1699.9364,0.0,0.0,0.0,-990.1321,-9133.2749,478.024,5208.2693,-1553.1898,50.72657832,-1290.0378,-1502.46322168,-2792.50102168
956,383.475,1009.659,1680.8836,0.0,0.0,0.0,-999.5853,-9142.1005,487.2725,5255.2616,-1560.2124,51.3135648,-1325.1341000000002,-1508.8988352,-2834.0329352
957,424.5574,1058.4214,1699.7994,0.0,0.0,0.0,-996.6391,-9182.3369,492.9123,5240.2193,-1497.1941,50.013484559999995,-1263.0662000000002,-1447.1806154399999,-2710.24681544
958,363.8901,1031.0577,1715.3878,0.0,0.0,0.0,-1009.7657,-9135.484,486.2514,5268.7012,-1558.0877,49.8503088,-1279.9614999999994,-1508.2373912,-2788.1988911999993
959,402.5607,1052.3248,1693.7421,0.0,0.0,0.0,-1009.1604,-9194.2367,487.3186,5222.8837,-1486.7452,50.7193596,-1344.5671999999995,-1436.0258404,-2780.5930403999996
960,385.571,1054.8619,1687.1766,0.0,0.0,0.0,-1009.5771,-9059.4514,489.0122,5248.1151,-1610.3003,52.5823416,-1204.2916999999998,-1557.7179584,-2762.0096584
961,371.6254,1078.3299,1719.0861,0.0,0.0,0.0,-995.3256,-8917.8748,485.806,5168.3715,-1665.5324,54.50959584,-1089.9814999999999,-1611.02280416,-2701.0043041599997
962,391.0789,1020.295,1705.0525,0.0,0.0,0.0,-987.3078,-9038.8682,481.9962,5235.6967,-1622.3392,54.4331376,-1192.056700000001,-1567.9060623999999,-2759.962762400001
963,417.0409,984.7832,1709.2202,0.0,0.0,0.0,-992.8641,-9122.3385,485.5669,5202.645,-1519.5236,52.58974464,-1315.9463999999998,-1466.93385536,-2782.88025536
964,391.0081,1069.8446,1721.5625,0.0,0.0,0.0,-973.451,-8990.5152,482.509,5213.2002,-1670.27,53.631491759999996,-1085.8417999999992,-1616.63850824,-2702.4803082399994
965,407.757,1044.5048,1700.52,0.0,0.0,0.0,-996.6567,-9040.8275,486.688,5196.6004,-1593.7311,52.72526376,-1201.4139999999998,-1541.00583624,-2742.4198362399998
966,386.1443,1049.2808,1704.0488,0.0,0.0,0.0,-1001.805,-9126.4731,493.3629,5202.8219,-1527.7536,51.56606952,-1292.6193999999987,-1476.18753048,-2768.8069304799988
967,395.458,1074.3608,1725.9472,0.0,0.0,0.0,-1008.9114,-9094.1494,477.4368,5185.2562,-1528.5232,50.00924088,-1244.6017999999995,-1478.51395912,-2723.1157591199994
968,387.6405,1058.564,1715.7694,0.0,0.0,0.0,-992.405,-9022.6532,505.3808,5229.0711,-1611.0097,52.73815824,-1118.6324000000004,-1558.27154176,-2676.9039417600006
969,357.5551,1024.8368,1709.6349,0.0,0.0,0.0,-1010.2603,-9040.0005,487.4688,5223.0418,-1608.7375,51.993494639999994,-1247.7234000000008,-1556.7440053599998,-2804.467405360001
970,374.7747,1088.2877,1725.9817,0.0,0.0,0.0,-994.2269,-9035.5628,491.8603,5238.9657,-1648.6442,52.5022308,-1109.9196000000002,-1596.1419692,-2706.0615692
971,382.1462,1055.2282,1706.906,0.0,0.0,0.0,-1010.3947,-9008.7904,493.8034,5247.9959,-1654.3886,52.35681168,-1133.1053999999995,-1602.03178832,-2735.1371883199995
972,417.1733,1070.5977,1696.0001,0.0,0.0,0.0,-1009.8557,-9052.6847,503.6221,5217.6095,-1587.1697,51.88400135999999,-1157.5377000000008,-1535.28569864,-2692.8233986400005
973,401.7757,1090.8563,1684.4079,0.0,0.0,0.0,-970.105,-9124.014,505.5015,5278.0927,-1618.3814,53.392566959999996,-1133.4848999999986,-1564.98883304,-2698.473733039999
974,385.4624,1128.9678,1686.3092,0.0,0.0,0.0,-1014.0897,-9040.7075,481.4512,5216.2892,-1611.4882,50.34345048,-1156.3174000000008,-1561.14474952,-2717.462149520001
975,433.9239,1053.8358,1711.8878,0.0,0.0,0.0,-1023.6857,-9058.8813,477.1982,5194.3811,-1560.7572,48.82818528,-1211.3401999999996,-1511.92901472,-2723.2692147199996
976,413.9633,1026.6732,1732.4099,0.0,0.0,0.0,-1013.0159,-9144.6916,488.0142,5234.9762,-1545.7196,49.92998256,-1261.6706999999997,-1495.7896174399998,-2757.4603174399995
977,405.7057,1030.7533,1717.38,0.0,0.0,0.0,-1027.6733,-8999.8218,482.9765,5256.3916,-1686.1105,51.68602152,-1134.2880000000005,-1634.42447848,-2768.7124784800003
978,388.6736,1030.7361,1678.9089,0.0,0.0,0.0,-984.3622,-9014.2143,487.2894,5217.5523,-1662.4481,52.44519168,-1195.4161999999997,-1610.00290832,-2805.41910832
979,419.6607,993.183,1696.642,0.0,0.0,0.0,-1000.3429,-9097.2962,478.9609,5245.8333,-1594.8489,52.49108232,-1263.3592000000008,-1542.35781768,-2805.717017680001
980,391.8486,1026.235,1707.9439,0.0,0.0,0.0,-1008.5699,-9000.1714,469.985,5232.4533,-1641.6505,53.85630672,-1180.2754999999997,-1587.79419328,-2768.0696932799997
981,409.2821,1060.994,1694.6827,0.0,0.0,0.0,-1026.3412,-9084.3449,480.6342,5224.0713,-1562.1495,49.788666,-1241.0217999999995,-1512.360834,-2753.3826339999996
982,392.9586,1038.8399,1699.7972,0.0,0.0,0.0,-1012.0942,-9018.1045,477.2767,5184.9183,-1591.4526,50.670419759999994,-1236.4079999999985,-1540.7821802400001,-2777.1901802399984
983,394.6577,1055.9467,1700.0532,0.0,0.0,0.0,-1010.564,-9007.6533,479.8282,5196.1494,-1616.5941,49.769557920000004,-1191.5820999999996,-1566.8245420800001,-2758.40664208
984,410.9886,1064.8172,1709.3496,0.0,0.0,0.0,-994.9942,-9002.2978,473.4601,5189.0766,-1638.4915,52.00357032,-1149.5998999999993,-1586.48792968,-2736.0878296799992
985,409.3613,1058.6785,1702.324,0.0,0.0,0.0,-975.6652,-9169.8682,487.7759,5239.0629,-1533.9167,53.718264,-1248.3308000000015,-1480.198436,-2728.529236000001
986,395.4689,1060.7536,1715.7565,0.0,0.0,0.0,-1000.1779,-9005.263,482.9977,5211.3729,-1624.54,51.526783439999996,-1139.0913,-1573.01321656,-2712.10451656
987,404.5928,1046.4993,1712.5571,0.0,0.0,0.0,-1014.9313,-9036.2242,485.2216,5226.846,-1642.4662,51.44612184,-1175.4387000000015,-1591.0200781600001,-2766.458778160001
988,391.9473,1009.8708,1704.7191,0.0,0.0,0.0,-1016.4892,-8989.6069,491.4808,5216.6612,-1665.1868,53.26196472,-1191.416900000001,-1611.92483528,-2803.341735280001
989,376.3009,1078.3417,1703.1223,0.0,0.0,0.0,-986.9702,-9088.1467,493.715,5215.3034,-1590.9188,52.158828959999994,-1208.333599999999,-1538.75997104,-2747.093571039999
990,353.3314,1028.753,1723.2618,0.0,0.0,0.0,-991.0989,-9136.7618,502.3731,5259.2339,-1555.2576,51.97322592,-1260.9075000000003,-1503.28437408,-2764.19187408
991,400.6902,1066.939,1691.1161,0.0,0.0,0.0,-1007.6965,-9050.548,472.056,5219.3289,-1603.7794,51.610479839999996,-1208.1143000000002,-1552.16892016,-2760.28322016
992,390.0055,1035.1365,1704.4016,0.0,0.0,0.0,-1011.1246,-9001.6513,495.1584,5187.6421,-1607.5395,50.45348448,-1200.4317999999994,-1557.08601552,-2757.517815519999
993,378.0007,1083.9155,1725.2742,0.0,0.0,0.0,-1000.3468,-9193.1161,481.1108,5234.7509,-1477.6092,50.50447128,-1290.4107999999987,-1427.1047287200001,-2717.5155287199987
994,393.6652,1034.2155,1700.6124,0.0,0.0,0.0,-1006.1055,-9180.7,469.2201,5228.4803,-1500.9243,51.24208536,-1360.612,-1449.68221464,-2810.2942146399996
995,368.9767,1008.3278,1705.7333,0.0,0.0,0.0,-1009.7643,-9064.7989,491.7038,5197.833,-1558.6047,50.65914168,-1301.9885999999997,-1507.9455583200001,-2809.9341583199994
996,427.2242,1032.9122,1701.6698,0.0,0.0,0.0,-1007.1069,-9140.3809,474.812,5241.0132,-1550.3489,50.91788592,-1269.8563999999997,-1499.4310140799998,-2769.2874140799995
997,389.7934,1036.2724,1695.647,0.0,0.0,0.0,-987.4343,-9005.7217,494.9473,5190.5476,-1625.037,52.65927864,-1185.9483,-1572.3777213600001,-2758.32602136
998,406.2239,1040.366,1701.3875,0.0,0.0,0.0,-996.9028,-9022.7139,471.8102,5175.1507,-1613.4324,52.595167679999996,-1224.6784000000007,-1560.8372323199999,-2785.5156323200003
999,388.1955,1014.6884,1695.2655,0.0,0.0,0.0,-1011.3762,-8962.8134,492.7121,5210.6054,-1672.9891,53.51955336,-1172.7226999999993,-1619.46954664,-2792.192246639999
1000,386.2573,1057.4638,1663.9146,0.0,0.0,0.0,-1024.1992,-9120.6618,479.5679,5166.8782,-1511.0895,51.42825432,-1390.7792,-1459.66124568,-2850.44044568
1001,392.5782,1011.3451,1695.2443,0.0,0.0,0.0,-1016.0659,-9034.8423,478.089,5203.1723,-1601.3121,51.21643104,-1270.4793000000009,-1550.09566896,-2820.574968960001
1002,389.8539,1019.8652,1683.8346,0.0,0.0,0.0,-998.9527,-9125.7352,478.6827,5199.0226,-1543.5341,52.25657832,-1353.428899999999,-1491.27752168,-2844.706421679999
1003,400.371,1030.6769,1696.7361,0.0,0.0,0.0,-990.1285,-9079.9834,481.6835,5188.2235,-1521.9487,51.300403919999994,-1272.4208999999992,-1470.64829608,-2743.069196079999
1004,429.3616,1021.9018,1695.5762,0.0,0.0,0.0,-1011.8672,-8905.2442,477.9206,5182.6987,-1721.9466,53.978824079999995,-1109.6524999999983,-1667.96777592,-2777.6202759199987
1005,400.5666,1030.956,1698.0728,0.0,0.0,0.0,-990.2302,-8966.3769,467.8489,5199.2749,-1656.4938,52.32431088,-1159.8878999999988,-1604.16948912,-2764.057389119999
1006,390.8972,1014.746,1688.3391,0.0,0.0,0.0,-1023.5084,-8954.2824,473.6503,5197.9605,-1661.6577,51.87523896,-1212.1977000000006,-1609.78246104,-2821.9801610400004
1007,401.9538,1069.3956,1695.6699,0.0,0.0,0.0,-995.9565,-8955.9476,488.9311,5212.6863,-1664.1306,54.04376088,-1083.2673999999997,-1610.08683912,-2693.35423912
1008,417.4302,1060.036,1722.3208,0.0,0.0,0.0,-997.737,-9042.1765,497.5981,5195.7613,-1571.2948,51.81457752,-1146.7670999999991,-1519.4802224799998,-2666.2473224799987
1009,377.809,1010.7688,1707.3289,0.0,0.0,0.0,-979.9759,-9094.8591,477.271,5217.1299,-1566.3052,52.77771576,-1284.5274,-1513.52748424,-2798.05488424
1010,393.0269,1053.1293,1692.4426,0.0,0.0,0.0,-999.6585,-9026.1994,487.9342,5198.7927,-1636.4159,53.20656,-1200.5321999999996,-1583.2093399999999,-2783.7415399999995
1011,395.4708,1058.725,1705.3045,0.0,0.0,0.0,-985.5497,-8970.9605,466.7273,5189.0847,-1660.1479,51.741118799999995,-1141.1978999999983,-1608.4067811999998,-2749.604681199998
1012,407.3819,1034.8957,1687.9955,0.0,0.0,0.0,-983.7707,-8966.8616,469.5301,5154.2068,-1615.8529,53.636022,-1196.622300000001,-1562.2168780000002,-2758.8391780000006
1013,391.8197,1028.1585,1664.7333,0.0,0.0,0.0,-991.736,-8982.4405,475.9516,5182.9193,-1660.2259,53.68317768,-1230.5941000000003,-1606.54272232,-2837.13682232
1014,426.1996,1001.4428,1714.5323,0.0,0.0,0.0,-992.7999,-8989.4315,470.1016,5181.7197,-1626.3827,53.237016,-1188.2354000000014,-1573.145684,-2761.3810840000015
1015,379.179,1000.505,1688.4196,0.0,0.0,0.0,-1006.5291,-9078.2254,469.5607,5229.831,-1548.8211,52.53249312,-1317.2591999999995,-1496.2886068799999,-2813.54780688
1016,394.7407,1039.805,1706.6909,0.0,0.0,0.0,-1004.8482,-9027.8293,487.6607,5194.6847,-1565.3636,54.06171912,-1209.0954999999994,-1511.30188088,-2720.397380879999
1017,410.0754,1100.8938,1697.4543,0.0,0.0,0.0,-997.285,-9007.4175,471.9504,5201.8572,-1639.0893,50.69823264,-1122.4713999999994,-1588.39106736,-2710.8624673599998
1018,423.6201,1062.5049,1708.5215,0.0,0.0,0.0,-1027.9816,-9097.8523,471.6731,5206.477,-1570.3102,50.7754728,-1253.0373000000009,-1519.5347272,-2772.572027200001
1019,390.5386,1066.7411,1721.3175,0.0,0.0,0.0,-986.8639,-9070.5141,479.7707,5195.2495,-1568.7146,52.03348128,-1203.7606000000005,-1516.68111872,-2720.4417187200006
1020,401.8668,1040.343,1711.9428,0.0,0.0,0.0,-1004.9475,-8825.5261,468.8048,5155.7446,-1740.1418,54.28851768,-1051.7715999999991,-1685.85328232,-2737.6248823199994
1021,406.8756,1049.0898,1727.8774,0.0,0.0,0.0,-985.6571,-8946.4622,485.5248,5217.7512,-1696.8905,53.97597648,-1045.0005,-1642.9145235199999,-2687.91502352
1022,396.0682,1005.4938,1704.5365,0.0,0.0,0.0,-1007.0937,-9031.2437,478.5605,5232.1174,-1612.686,52.31317104,-1221.5610000000006,-1560.3728289599999,-2781.9338289600005
1023,405.9471,1067.9436,1721.9701,0.0,0.0,0.0,-974.9519,-9186.9898,491.0488,5249.6368,-1533.2302,52.20755064,-1225.3952999999983,-1481.02264936,-2706.417949359998
1024,395.478,989.018,1706.5763,0.0,0.0,0.0,-988.7499,-9092.3251,505.3773,5231.2631,-1575.32,53.68594032,-1253.3622999999998,-1521.6340596799998,-2774.9963596799994
1025,386.1608,1065.9489,1699.9527,0.0,0.0,0.0,-994.4828,-9129.953,487.2146,5168.9319,-1504.3992,51.276695759999996,-1316.2268999999997,-1453.1225042400001,-2769.3494042399993
1026,378.8156,1046.286,1712.0889,0.0,0.0,0.0,-1008.6034,-9026.01,467.8875,5213.5566,-1637.9039,54.110378159999996,-1215.9788000000008,-1583.79352184,-2799.772321840001
1027,410.7974,1069.7709,1682.001,0.0,0.0,0.0,-973.9956,-8996.6095,472.4239,5208.0115,-1657.4555,54.03109248,-1127.6004000000012,-1603.42440752,-2731.024807520001
1028,389.797,1046.5578,1704.3937,0.0,0.0,0.0,-1000.3627,-9019.1681,489.0683,5201.7928,-1601.7412,52.16435856,-1187.9212000000007,-1549.57684144,-2737.4980414400006
1029,404.6911,1029.4087,1709.0991,0.0,0.0,0.0,-959.0876,-9002.0021,484.3613,5212.5967,-1643.3074,53.89695216,-1120.9327999999987,-1589.41044784,-2710.343247839998
1030,385.1173,1002.1926,1709.2089,0.0,0.0,0.0,-987.2386,-8911.2755,483.1483,5215.6348,-1730.4656,55.48280688,-1103.2122000000008,-1674.98279312,-2778.1949931200006
1031,383.0146,1043.581,1716.9124,0.0,0.0,0.0,-985.4218,-8958.4741,485.2549,5187.6934,-1649.1693,52.12616472,-1127.4395999999997,-1597.0431352800001,-2724.48273528
1032,417.3098,991.064,1708.3176,0.0,0.0,0.0,-982.6359,-8862.3529,487.7288,5217.9487,-1758.0128,52.97969088,-1022.6199000000006,-1705.03310912,-2727.6530091200007
1033,408.8314,1038.651,1703.9095,0.0,0.0,0.0,-985.8673,-8921.2109,487.3931,5236.6059,-1717.3635,52.82744544,-1031.6872999999996,-1664.53605456,-2696.2233545599997
1034,384.5953,1060.7856,1706.577,0.0,0.0,0.0,-1010.7982,-8870.852,483.6119,5206.5825,-1743.0925,53.0257176,-1039.4979000000003,-1690.0667824,-2729.5646824
1035,380.3931,1032.0977,1694.3588,0.0,0.0,0.0,-965.1121,-8965.2733,479.0336,5237.7107,-1708.1274,56.19533328,-1106.7915000000012,-1651.93206672,-2758.7235667200016
1036,405.141,1094.3459,1726.7331,0.0,0.0,0.0,-973.0362,-9084.5845,479.2551,5213.4248,-1592.4332,52.62746544,-1138.7208,-1539.80573456,-2678.52653456
1037,391.2666,1054.9036,1716.6982,0.0,0.0,0.0,-1006.0592,-9039.7897,485.4494,5235.2781,-1653.4424,53.73930168,-1162.2529999999988,-1599.70309832,-2761.9560983199985
1038,393.8206,1059.2549,1708.8995,0.0,0.0,0.0,-996.2135,-8999.033,485.1875,5271.7788,-1703.7862,54.5732676,-1076.3051999999989,-1649.2129324,-2725.518132399999
1039,391.466,1032.7439,1703.0748,0.0,0.0,0.0,-990.4656,-9002.6891,481.3065,5242.8688,-1682.6376,52.801040879999995,-1141.694699999999,-1629.83655912,-2771.531259119999
1040,408.7688,1000.7051,1709.5362,0.0,0.0,0.0,-993.6653,-8891.2371,480.6561,5242.475,-1778.0267,54.704491919999995,-1042.7612,-1723.3222080799999,-2766.08340808
1041,393.6706,1028.214,1702.328,0.0,0.0,0.0,-997.6818,-8877.7356,490.7919,5236.4359,-1783.9374,53.45712792,-1023.976999999999,-1730.48027208,-2754.457272079999
1042,418.8253,1073.1384,1703.5311,0.0,0.0,0.0,-988.8203,-9038.0613,478.6905,5185.0663,-1599.8828,51.65392032,-1167.6299999999992,-1548.22887968,-2715.8588796799995
1043,359.318,1047.1421,1707.3774,0.0,0.0,0.0,-1006.783,-8985.0271,485.9276,5207.9614,-1626.9939,53.481294719999994,-1184.083599999999,-1573.51260528,-2757.596205279999
1044,422.5836,1071.9008,1694.8708,0.0,0.0,0.0,-999.0154,-9026.3894,477.2944,5216.7462,-1618.677,53.63194824,-1142.009000000001,-1565.04505176,-2707.0540517600007
1045,389.8691,1011.8859,1685.0972,0.0,0.0,0.0,-989.0605,-9047.1868,489.4487,5197.8751,-1571.7022,52.425569519999996,-1262.0712999999996,-1519.27663048,-2781.3479304799994
1046,425.9784,1029.2175,1716.7047,0.0,0.0,0.0,-1003.6514,-9063.1659,490.5682,5192.7552,-1556.0263,51.6524616,-1211.5933000000005,-1504.3738384,-2715.9671384000003
1047,395.7494,1039.6984,1691.2277,0.0,0.0,0.0,-1013.4574,-9058.6392,502.537,5205.9756,-1567.4536,50.65974792,-1236.9084999999995,-1516.79385208,-2753.7023520799994
1048,378.3441,984.162,1716.2779,0.0,0.0,0.0,-990.8257,-9001.3331,492.3032,5220.4264,-1658.697,51.826094639999994,-1200.645199999999,-1606.8709053599998,-2807.516105359999
1049,431.848,1076.5106,1702.3184,0.0,0.0,0.0,-963.9421,-8950.0033,475.9856,5191.4258,-1686.8246,52.189069679999996,-1035.857,-1634.6355303199998,-2670.49253032
1050,418.6657,1052.0236,1706.732,0.0,0.0,0.0,-978.7465,-8992.5924,466.2831,5225.0439,-1670.295,53.42274144,-1102.5906000000004,-1616.87225856,-2719.4628585600003
1051,399.9904,1070.9159,1710.91,0.0,0.0,0.0,-1007.579,-8928.7797,476.5833,5221.0387,-1713.0837,53.12520072,-1056.9203999999982,-1659.9584992799998,-2716.878899279998
1052,409.1528,1053.4334,1726.2903,0.0,0.0,0.0,-989.0003,-9013.2885,483.7471,5199.8817,-1630.9443,53.01092447999999,-1129.7835000000014,-1577.93337552,-2707.7168755200014
1053,420.6527,1048.3457,1702.2703,0.0,0.0,0.0,-999.5419,-8833.5891,486.7477,5181.9768,-1775.0185,54.13605767999999,-993.1377999999995,-1720.8824423199999,-2714.02024232
1054,391.2358,1021.0972,1707.2603,0.0,0.0,0.0,-1000.8639,-8888.8994,462.4069,5231.3453,-1750.5012,56.43374688,-1076.4178000000002,-1694.06745312,-2770.48525312
1055,397.7519,1082.8797,1735.4164,0.0,0.0,0.0,-974.9986,-8975.486,483.3291,5252.859,-1718.2628,56.275344000000004,-998.2485000000006,-1661.987456,-2660.2359560000004
1056,407.7559,1093.464,1681.5156,0.0,0.0,0.0,-965.9825,-8934.7517,481.2747,5213.3605,-1707.3901,52.73659944,-1023.3635000000013,-1654.65350056,-2678.017000560001
1057,386.5244,1028.2861,1695.4338,0.0,0.0,0.0,-1018.8202,-8837.6411,466.2704,5222.4311,-1792.0542,53.68538592,-1057.5155000000004,-1738.36881408,-2795.8843140800004
1058,391.9468,1032.0235,1716.2741,0.0,0.0,0.0,-991.1796,-8811.5325,468.1776,5223.7575,-1810.3244,53.36224704,-970.5325999999995,-1756.96215296,-2727.4947529599995
1059,368.0974,1019.4111,1722.718,0.0,0.0,0.0,-1004.1039,-8936.2304,481.6888,5238.8673,-1737.6315,53.218011600000004,-1109.551700000001,-1684.4134884,-2793.965188400001
1060,393.9534,1080.9258,1703.678,0.0,0.0,0.0,-974.0508,-8889.802,473.174,5191.186,-1750.0,55.50053112,-1020.9355999999998,-1694.49946888,-2715.43506888
1061,383.7972,1028.613,1698.0544,0.0,0.0,0.0,-1000.8832,-8939.2044,480.3075,5186.6899,-1663.1205,53.175582719999994,-1162.6256000000003,-1609.94491728,-2772.5705172800003
1062,384.9638,1028.9193,1692.4519,0.0,0.0,0.0,-1008.124,-8853.4342,482.701,5197.0068,-1751.502,53.30549232,-1075.5153999999993,-1698.19650768,-2773.711907679999
1063,419.9714,1057.3677,1681.7977,0.0,0.0,0.0,-994.2702,-8826.4783,475.6803,5191.3487,-1783.3596,53.75306808,-994.5827000000008,-1729.60653192,-2724.1892319200006
1064,401.4219,1050.1716,1723.0032,0.0,0.0,0.0,-960.1583,-8898.659,491.9729,5223.7534,-1738.8692,53.61017184,-968.4943000000003,-1685.25902816,-2653.7533281600004
1065,418.3018,1034.3213,1710.7955,0.0,0.0,0.0,-999.3353,-8947.103,488.4051,5219.8862,-1677.223,51.75199872,-1074.728399999999,-1625.4710012799999,-2700.199401279999
1066,397.6953,1006.5832,1718.9432,0.0,0.0,0.0,-978.0363,-8906.5515,478.8671,5263.9592,-1784.5225,55.04600448,-1018.5397999999986,-1729.47649552,-2748.0162955199985
1067,372.9589,1061.322,1699.0601,0.0,0.0,0.0,-993.712,-8989.8373,493.025,5303.3104,-1757.0603,54.277509599999995,-1053.8728999999994,-1702.7827904,-2756.6556903999995
1068,417.3121,1050.6107,1718.663,0.0,0.0,0.0,-976.6107,-8892.1097,489.3165,5240.3395,-1777.8202,55.57997808,-952.4786000000013,-1722.24022192,-2674.7188219200016
1069,403.6963,1044.9692,1688.475,0.0,0.0,0.0,-1004.5852,-8907.4751,482.5355,5221.6825,-1734.5935,54.231316559999996,-1070.7017999999998,-1680.3621834399999,-2751.06398344
1070,383.1696,1072.195,1717.8226,0.0,0.0,0.0,-995.9317,-9021.1219,505.2014,5265.4394,-1689.6846,53.13440592,-1073.2256000000007,-1636.55019408,-2709.7757940800007
1071,434.893,1114.4348,1698.4384,0.0,0.0,0.0,-1010.1653,-9122.7752,480.9104,5213.0139,-1536.0549,52.15947264,-1191.250000000001,-1483.89542736,-2675.145427360001
1072,407.226,1010.9926,1693.5887,0.0,0.0,0.0,-1012.1158,-9107.6023,483.315,5203.4456,-1548.4522,51.20316072,-1321.1502,-1497.24903928,-2818.3992392799996
1073,429.043,1050.7107,1707.647,0.0,0.0,0.0,-1004.7277,-9046.5555,488.3334,5203.3463,-1586.0106,52.20103392,-1172.2028,-1533.80956608,-2706.01236608
1074,362.5825,1032.9651,1703.1008,0.0,0.0,0.0,-1018.123,-8960.1661,502.9847,5217.8758,-1661.6207,50.39014752,-1158.7802000000001,-1611.23055248,-2770.01075248
1075,384.5055,1109.9044,1711.748,0.0,0.0,0.0,-1001.678,-9059.3153,493.0986,5186.6938,-1609.1299,51.9339924,-1175.0429999999997,-1557.1959075999998,-2732.2389075999995
1076,384.8274,1011.4249,1715.33,0.0,0.0,0.0,-999.0003,-9065.3536,506.8679,5268.6128,-1627.1284,51.591619439999995,-1177.2909,-1575.5367805600001,-2752.82768056
1077,396.5467,1039.0715,1679.2662,0.0,0.0,0.0,-1001.0636,-9100.4878,489.8178,5223.9765,-1577.2483,49.95613584,-1272.8727000000017,-1527.29216416,-2800.164864160002
1078,384.9751,1000.9137,1693.0562,0.0,0.0,0.0,-988.1171,-9170.8842,488.0126,5237.2144,-1467.1538,50.93612064,-1354.8293000000003,-1416.2176793600001,-2771.0469793600005
1079,392.1441,1021.3157,1702.626,0.0,0.0,0.0,-1009.8553,-9121.537,491.9891,5226.7879,-1537.5927,49.90549392,-1296.5295000000006,-1487.68720608,-2784.2167060800007
1080,443.0395,1063.3044,1690.5263,0.0,0.0,0.0,-999.0278,-9100.597,481.1463,5209.5239,-1551.3262,51.544504079999996,-1212.0843999999997,-1499.78169592,-2711.8660959199997
1081,401.0991,1078.469,1737.9103,0.0,0.0,0.0,-1008.2949,-8966.8484,493.582,5202.9962,-1672.1626,52.585403039999996,-1061.0867000000007,-1619.57719696,-2680.663896960001
1082,416.7774,1027.3568,1700.3238,0.0,0.0,0.0,-991.3832,-8947.1033,488.8182,5226.4325,-1722.1842,51.559707599999996,-1078.7778000000017,-1670.6244924,-2749.4022924000014
1083,367.902,1028.3169,1716.3494,0.0,0.0,0.0,-1015.702,-9123.3428,503.768,5250.6622,-1543.5736,51.18706151999999,-1272.0463000000009,-1492.38653848,-2764.4328384800006
1084,417.2804,1054.0403,1719.7321,0.0,0.0,0.0,-989.9562,-8987.0275,481.5303,5198.7353,-1660.514,51.79271832,-1105.6653000000006,-1608.72128168,-2714.3865816800007
1085,359.5067,1086.2094,1703.0973,0.0,0.0,0.0,-1020.6003,-9022.3823,490.8963,5258.7458,-1660.7865,52.21899,-1144.5270999999993,-1608.5675099999999,-2753.0946099999996
1086,414.6682,1036.8148,1710.1196,0.0,0.0,0.0,-993.0588,-8984.3526,487.3429,5219.9671,-1680.1415,53.10321192,-1108.4988000000003,-1627.03828808,-2735.53708808
1087,384.1558,1066.2947,1671.8546,0.0,0.0,0.0,-978.4593,-9064.0463,489.0277,5196.7014,-1557.8792,53.1795276,-1234.4714000000013,-1504.6996724,-2739.171072400002
1088,374.4499,992.4349,1708.7714,0.0,0.0,0.0,-1014.8521,-9096.6921,487.2371,5184.7774,-1513.9294,51.16688496,-1363.8734999999997,-1462.76251504,-2826.6360150399996
1089,396.6611,1073.0338,1704.0102,0.0,0.0,0.0,-988.8033,-9030.1592,487.1801,5142.4324,-1544.7668,52.59606552,-1215.6449000000011,-1492.1707344800002,-2707.8156344800013
1090,383.9852,1057.2683,1680.099,0.0,0.0,0.0,-990.6773,-8982.8568,501.9561,5205.0635,-1642.6859,53.25182856,-1145.1619999999994,-1589.43407144,-2734.5960714399994
1091,413.3044,1032.9696,1704.9937,0.0,0.0,0.0,-999.1006,-9035.6117,479.8462,5175.542,-1563.8493,52.008246719999995,-1228.0563999999995,-1511.84105328,-2739.8974532799994
1092,404.3152,1027.7712,1701.4497,0.0,0.0,0.0,-1004.4514,-9169.5641,490.0166,5249.2921,-1502.2294,50.70911544,-1301.1707000000006,-1451.52028456,-2752.6909845600007
1093,394.8599,1056.5273,1680.2261,0.0,0.0,0.0,-971.3979,-9104.2215,495.2115,5160.7771,-1505.0082,53.04926664,-1288.017499999999,-1451.95893336,-2739.976433359999
1094,408.0129,1078.4841,1713.9291,0.0,0.0,0.0,-1040.996,-9084.1796,492.4916,5217.4159,-1545.8484,51.84113328,-1214.8419999999996,-1494.0072667200002,-2708.8492667199994
1095,358.0408,1018.5018,1728.0391,0.0,0.0,0.0,-1015.1961,-9076.8369,470.2285,5214.4922,-1556.6485,51.054454799999995,-1302.7306000000008,-1505.5940452,-2808.324645200001
1096,387.4082,1060.4004,1711.0358,0.0,0.0,0.0,-984.542,-9101.1224,495.5325,5190.9349,-1531.6127,52.67980008,-1240.3525999999993,-1478.93289992,-2719.285499919999
1097,402.7275,1087.2731,1700.1448,0.0,0.0,0.0,-1005.9483,-9077.9101,472.738,5186.1828,-1573.8173,51.03651096,-1234.792199999999,-1522.78078904,-2757.5729890399984
1098,413.4609,1003.8898,1713.4508,0.0,0.0,0.0,-1024.1732,-9134.7059,476.0965,5215.593,-1497.6877,49.686787439999996,-1336.388100000001,-1448.00091256,-2784.389012560001
1099,396.7358,1015.9059,1696.5,0.0,0.0,0.0,-1029.7527,-9238.5586,483.8595,5214.732,-1461.2948,49.43846592,-1460.5781000000006,-1411.85633408,-2872.4344340800003
1100,385.4467,1065.2462,1693.3221,0.0,0.0,0.0,-1027.7037,-9075.4311,475.8083,5214.4624,-1541.9668,51.31288368,-1268.8490999999995,-1490.65391632,-2759.5030163199995
1101,404.399,1040.3266,1734.456,0.0,0.0,0.0,-981.2696,-9149.6119,478.3194,5230.9156,-1529.8725,53.92994616,-1242.464899999999,-1475.9425538399998,-2718.407453839999
1102,368.1781,1066.4877,1711.9438,0.0,0.0,0.0,-1008.3239,-9140.3858,489.9534,5262.5755,-1521.6925,52.277806080000005,-1249.5711999999994,-1469.41469392,-2718.9858939199994
1103,411.7167,1057.0079,1730.5967,0.0,0.0,0.0,-1020.4249,-9108.0325,485.5705,5229.9511,-1535.3317,52.382628,-1213.6144999999997,-1482.949072,-2696.5635719999996
1104,402.8123,1008.8568,1708.7657,0.0,0.0,0.0,-995.428,-9147.2371,496.7157,5251.3755,-1523.5316,52.293090959999994,-1274.1391000000003,-1471.23850904,-2745.3776090400006
1105,403.3868,1018.2034,1687.17,0.0,0.0,0.0,-964.1557,-9202.5223,494.6878,5235.6395,-1495.8448,53.79843456,-1327.5905000000002,-1442.04636544,-2769.6368654400003
1106,416.9018,1036.1616,1716.7992,0.0,0.0,0.0,-994.6381,-9038.6357,483.9279,5210.6985,-1603.1522,55.397666879999996,-1168.7848000000004,-1547.75453312,-2716.5393331200003
1107,403.3794,1035.9212,1725.9095,0.0,0.0,0.0,-991.9217,-9053.311,466.5808,5256.0193,-1630.1796,54.0289044,-1157.4224999999997,-1576.1506955999998,-2733.5731955999995
1108,390.4773,1008.9839,1708.1545,0.0,0.0,0.0,-963.2746,-9092.0204,494.1899,5262.2959,-1633.1821,55.1084148,-1191.1934999999985,-1578.0736852,-2769.2671851999985
1109,393.1209,1050.0672,1695.7885,0.0,0.0,0.0,-966.5421,-9082.2819,484.9569,5185.2263,-1573.835,53.660680559999996,-1239.6642000000002,-1520.17431944,-2759.8385194400003
1110,399.156,1075.5686,1719.419,0.0,0.0,0.0,-989.7775,-8985.1293,466.815,5209.4792,-1658.092,55.09507968,-1104.469000000001,-1602.99692032,-2707.4659203200013
1111,398.0156,1047.7461,1709.9351,0.0,0.0,0.0,-993.3315,-9012.0549,479.9283,5169.7617,-1592.514,53.21000736,-1199.9996,-1539.30399264,-2739.3035926400003
1112,386.7215,986.3016,1702.4076,0.0,0.0,0.0,-1017.3812,-9093.8674,477.4349,5199.5436,-1539.5385,52.3146456,-1358.839399999999,-1487.2238544000002,-2846.063254399999
1113,384.2089,1011.6556,1702.7249,0.0,0.0,0.0,-980.673,-9002.0599,494.1665,5272.8901,-1701.1178,54.87389136,-1117.0869000000002,-1646.24390864,-2763.33080864
1114,401.8725,1061.3852,1715.1688,0.0,0.0,0.0,-1000.7761,-8959.1386,479.5544,5182.9759,-1652.0785,53.04230783999999,-1118.9579000000003,-1599.0361921600002,-2717.9940921600005
1115,412.236,1023.8218,1716.8766,0.0,0.0,0.0,-1016.8204,-8952.0202,467.7417,5172.1651,-1652.7999,52.03864656,-1175.9994000000015,-1600.76125344,-2776.7606534400015
1116,408.8885,1020.8844,1705.9341,0.0,0.0,0.0,-995.4994,-9073.0185,482.8489,5207.34,-1551.151,52.03743048,-1242.6220000000003,-1499.11356952,-2741.7355695200004
1117,385.0008,1066.3877,1700.7181,0.0,0.0,0.0,-968.9428,-8972.3314,470.8218,5203.6541,-1646.0322,54.499252320000004,-1114.6916999999994,-1591.53294768,-2706.2246476799996
1118,387.0999,1025.0687,1729.5497,0.0,0.0,0.0,-996.6059,-8908.0203,463.88,5171.3306,-1687.4389,56.226155039999995,-1127.6972999999998,-1631.21274496,-2758.91004496
1119,366.8389,1075.3752,1693.8033,0.0,0.0,0.0,-986.8077,-8959.3194,484.5162,5157.1675,-1613.2447,51.81231528,-1168.4260000000013,-1561.43238472,-2729.8583847200016
1120,400.9565,1058.8827,1707.9047,0.0,0.0,0.0,-1002.2732,-8954.5009,499.5727,5161.5564,-1633.0997,52.6816908,-1127.9010999999991,-1580.4180092,-2708.319109199999
1121,386.8033,1080.391,1696.4224,0.0,0.0,0.0,-992.5414,-9153.3906,483.9124,5176.6391,-1458.3873,50.79764951999999,-1321.7637999999997,-1407.58965048,-2729.35345048
1122,391.3277,1041.5211,1709.4713,0.0,0.0,0.0,-996.0851,-9110.4204,491.3902,5208.9292,-1569.8593,52.38459072,-1263.8660000000018,-1517.47470928,-2781.340709280002
1123,383.9312,1040.8878,1682.8049,0.0,0.0,0.0,-993.4924,-9026.7978,481.8347,5182.9048,-1563.129,53.33052384,-1247.9268000000002,-1509.7984761599998,-2757.7252761600002
1124,390.8401,1031.5773,1731.2683,0.0,0.0,0.0,-1004.2913,-9040.173,482.8412,5186.9198,-1604.7505,51.74376048,-1221.017600000001,-1553.00673952,-2774.024339520001
1125,393.9222,1065.6087,1701.2404,0.0,0.0,0.0,-1006.9394,-9108.6127,475.8041,5191.4118,-1547.8836,48.982327919999996,-1287.5648999999994,-1498.90127208,-2786.4661720799995
1126,395.5983,1058.1975,1740.0323,0.0,0.0,0.0,-1009.3715,-9064.6559,484.9616,5225.6622,-1592.8981,50.422613039999995,-1169.5755000000008,-1542.4754869600001,-2712.050986960001
1127,388.3834,1032.1532,1724.8382,0.0,0.0,0.0,-1011.1675,-8993.54,479.8775,5207.903,-1625.3521,51.13506312,-1171.552200000001,-1574.21703688,-2745.7692368800012
1128,379.7522,1072.4158,1680.4686,0.0,0.0,0.0,-1001.783,-8968.9877,478.7207,5212.1465,-1685.8158,50.932206719999996,-1147.2668999999996,-1634.88359328,-2782.15049328
1129,395.5332,1047.6203,1678.5606,0.0,0.0,0.0,-1014.8449,-8895.2828,491.0702,5187.9143,-1705.7679,52.110536399999994,-1109.4291000000003,-1653.6573636,-2763.0864636
1130,376.1809,1038.8491,1709.4924,0.0,0.0,0.0,-1018.0874,-8997.6355,481.3601,5200.956,-1630.0437,51.02195472,-1208.8844000000008,-1579.02174528,-2787.906145280001
1131,386.778,1071.3281,1723.5921,0.0,0.0,0.0,-1008.5232,-9026.3268,499.8509,5193.0492,-1643.6833,52.06975344,-1160.2517000000007,-1591.61354656,-2751.8652465600003
1132,402.8915,1024.5244,1704.7922,0.0,0.0,0.0,-982.6042,-8909.51,470.5912,5200.9828,-1735.4612,52.567639199999995,-1088.3321000000005,-1682.8935608,-2771.2256608000002
1133,423.558,1048.6616,1712.6428,0.0,0.0,0.0,-978.4512,-8942.9717,474.6266,5162.5095,-1661.0696,52.49818008,-1099.4243999999999,-1608.5714199200002,-2707.9958199199996
1134,394.3607,1059.2786,1707.7726,0.0,0.0,0.0,-975.2692,-8977.7574,492.3646,5212.689,-1682.3082,53.719685999999996,-1086.5611,-1628.588514,-2715.149614
1135,391.058,1079.8366,1736.5018,0.0,0.0,0.0,-1000.8355,-8872.7437,466.2404,5194.1332,-1758.2147,54.706761359999994,-1005.8092000000006,-1703.50793864,-2709.3171386400004
1136,380.2224,1063.4836,1704.6802,0.0,0.0,0.0,-1004.4866,-8874.2714,485.416,5251.8321,-1767.8013,53.21282472,-993.1237000000001,-1714.58847528,-2707.7121752800003
1137,353.019,1046.1806,1710.195,0.0,0.0,0.0,-1016.9804,-8854.2853,498.1106,5218.491,-1748.5636,53.900658,-1045.2695000000003,-1694.662942,-2739.9324420000003
1138,398.1644,1046.0244,1707.5587,0.0,0.0,0.0,-1000.2374,-8949.3808,477.8189,5218.1026,-1697.0963,51.80492448,-1101.949200000001,-1645.29137552,-2747.240575520001
1139,354.5952,1036.5855,1683.4328,0.0,0.0,0.0,-990.2928,-8885.9243,483.1325,5206.1068,-1744.355,52.748662319999994,-1112.364300000001,-1691.60633768,-2803.9706376800013
1140,400.7881,1021.4703,1718.6967,0.0,0.0,0.0,-1016.5552,-8891.3294,488.5786,5218.8502,-1717.1729,53.12716992,-1059.5007000000005,-1664.04573008,-2723.5464300800004
1141,419.6653,1020.4921,1698.7573,0.0,0.0,0.0,-981.5185,-8949.8212,486.7046,5214.2904,-1723.5441,54.47216376,-1091.4300000000003,-1669.07193624,-2760.5019362400003
1142,401.733,988.5472,1701.9823,0.0,0.0,0.0,-983.087,-9056.1318,488.9567,5252.05,-1606.887,52.37169336,-1205.9496,-1554.5153066399998,-2760.4649066399998
1143,415.5199,1057.264,1713.8932,0.0,0.0,0.0,-996.6736,-9023.8112,492.5983,5207.396,-1608.5702,52.6537008,-1133.813400000001,-1555.9164992,-2689.729899200001
1144,416.8215,1000.1385,1724.0769,0.0,0.0,0.0,-985.6333,-8977.4404,472.5664,5200.6614,-1644.2923,52.71183576,-1148.8090000000002,-1591.58046424,-2740.38946424
1145,390.3996,1067.9226,1701.4414,0.0,0.0,0.0,-1012.2919,-8911.7656,486.8958,5237.0179,-1761.8347,53.29277928,-1040.3802000000005,-1708.54192072,-2748.9221207200007
1146,366.4335,1082.3141,1724.686,0.0,0.0,0.0,-985.5611,-8999.1632,469.8348,5188.8734,-1641.2044,52.46063496,-1152.5825000000004,-1588.74376504,-2741.3262650400006
1147,427.2594,1089.9678,1714.8812,0.0,0.0,0.0,-983.6755,-8950.0312,480.8224,5161.1473,-1691.3651,51.484165919999995,-1059.6286,-1639.88093408,-2699.50953408
1148,398.9591,1035.18,1727.2091,0.0,0.0,0.0,-999.7062,-8864.3896,466.4504,5177.1663,-1738.0391,51.9894864,-1059.130900000001,-1686.0496136,-2745.180513600001
1149,414.4987,1042.8875,1695.3452,0.0,0.0,0.0,-986.8626,-8945.7498,477.013,5217.4762,-1702.544,53.626456080000004,-1085.3917999999994,-1648.91754392,-2734.3093439199993
1150,399.5701,1067.5771,1695.7695,0.0,0.0,0.0,-998.2226,-8832.7248,489.0632,5168.7357,-1750.7877,52.764520319999995,-1010.2318000000005,-1698.02317968,-2708.2549796800004
1151,373.4404,1058.4636,1686.3192,0.0,0.0,0.0,-998.9065,-9066.964,497.6967,5258.5181,-1637.5611,50.82767568,-1191.4325,-1586.7334243199998,-2778.1659243199997
1152,395.2892,1061.8294,1701.1577,0.0,0.0,0.0,-1008.1273,-9027.1928,472.9348,5178.7661,-1560.6277,49.250394,-1225.3429000000015,-1511.377306,-2736.7202060000013
1153,399.0013,1056.8102,1709.0622,0.0,0.0,0.0,-1008.1085,-9020.5621,499.7966,5204.1066,-1623.0583,51.91843536,-1159.8936999999996,-1571.1398646399998,-2731.0335646399994
1154,397.2539,1004.1311,1698.3701,0.0,0.0,0.0,-980.1101,-8982.5385,472.282,5208.5292,-1655.7111,52.09506576,-1182.0823,-1603.61603424,-2785.69833424
1155,396.2204,1043.3189,1705.7769,0.0,0.0,0.0,-981.9532,-9018.1413,476.2975,5213.5814,-1637.7633,51.9823944,-1164.8993999999993,-1585.7809056,-2750.6803055999994
1156,408.4532,1048.542,1695.9515,0.0,0.0,0.0,-1021.3032,-8970.0941,475.3264,5193.4936,-1673.2418,52.369212239999996,-1169.6306000000004,-1620.87258776,-2790.5031877600004
1157,387.7383,1031.2954,1696.4215,0.0,0.0,0.0,-1023.6863,-8885.8766,487.4039,5201.5034,-1735.6859,52.998471359999996,-1105.2003999999997,-1682.68742864,-2787.8878286399995
1158,362.0313,1032.6933,1709.7333,0.0,0.0,0.0,-1027.8183,-8889.8125,506.6638,5191.0189,-1701.9163,51.62547456,-1115.4901999999993,-1650.2908254400002,-2765.781025439999
1159,381.5143,1064.7642,1717.5168,0.0,0.0,0.0,-1015.4833,-8959.6361,471.1205,5173.8455,-1654.8809,52.09735104,-1166.3580999999995,-1602.7835489600002,-2769.1416489599997
1160,403.218,1099.4977,1711.2558,0.0,0.0,0.0,-994.0066,-9041.5108,495.221,5205.7363,-1614.2383,52.27073496,-1120.5886000000019,-1561.96756504,-2682.556165040002
1161,377.1356,1033.0206,1711.5797,0.0,0.0,0.0,-1033.1083,-8733.4052,480.7986,5166.8012,-1814.5789,54.639293759999994,-997.1777999999995,-1759.9396062399999,-2757.1174062399996
1162,401.0917,1022.4235,1697.0549,0.0,0.0,0.0,-1009.0795,-8846.1961,489.1274,5200.9102,-1788.9521,54.198673199999995,-1044.6678999999986,-1734.7534268,-2779.4213267999985
1163,402.8442,1036.9248,1688.293,0.0,0.0,0.0,-1009.128,-8893.1432,471.8208,5184.5472,-1733.5088,51.67778472,-1117.8412000000008,-1681.83101528,-2799.6722152800007
1164,413.8404,1030.8486,1719.2804,0.0,0.0,0.0,-1008.1062,-8901.91,500.2238,5212.8016,-1744.3089,53.9309916,-1033.0214000000005,-1690.3779084,-2723.3993084000003
1165,404.8969,1084.7256,1699.4908,0.0,0.0,0.0,-1011.7037,-8836.1553,479.7576,5240.936,-1806.692,54.63012384,-938.0521000000008,-1752.06187616,-2690.1139761600007
1166,393.4647,1024.6208,1694.8502,0.0,0.0,0.0,-994.2157,-8874.2352,488.1641,5210.0245,-1754.7715,51.22316592,-1057.3265999999985,-1703.5483340800001,-2760.874934079998
1167,396.2976,1041.5465,1673.9787,0.0,0.0,0.0,-998.2397,-8824.1879,473.5614,5174.7118,-1785.9786,55.298199600000004,-1062.3316000000013,-1730.6804003999998,-2793.0120004000014
1168,386.6758,1072.9803,1721.4499,0.0,0.0,0.0,-967.3502,-8840.0838,493.9448,5171.2954,-1742.9312,56.252412,-961.0878000000002,-1686.678788,-2647.7665880000004
1169,367.18,1022.2799,1693.6971,0.0,0.0,0.0,-975.6499,-9028.93,495.2397,5215.5331,-1609.5344,54.296250480000005,-1210.6500999999998,-1555.23814952,-2765.88824952
1170,362.1802,1068.7925,1687.801,0.0,0.0,0.0,-992.8183,-8943.4098,480.9743,5186.9855,-1670.7723,53.656986239999995,-1149.4946,-1617.1153137600002,-2766.60991376
1171,407.5949,1031.5492,1720.8944,0.0,0.0,0.0,-974.6607,-8823.4928,471.4627,5131.8493,-1760.7755,53.62360776,-1034.8029999999999,-1707.15189224,-2741.9548922399995
1172,357.3618,1054.9159,1716.7959,0.0,0.0,0.0,-991.5748,-8916.8492,493.5742,5198.7987,-1707.6469,54.48984624,-1086.9775,-1653.15705376,-2740.1345537599996
1173,389.1799,1020.4957,1702.0643,0.0,0.0,0.0,-992.2241,-8961.325,468.4391,5173.272,-1623.5189,54.066738959999995,-1200.098100000001,-1569.45216104,-2769.5502610400013
1174,389.4153,1052.2047,1710.9051,0.0,0.0,0.0,-997.0881,-9010.7716,477.8795,5169.164,-1590.1713,52.3649952,-1208.2911000000004,-1537.8063048,-2746.0974048000003
1175,387.2632,1049.8118,1706.7118,0.0,0.0,0.0,-1001.1224,-9048.1069,494.8447,5231.2734,-1578.0195,51.89420808,-1179.3244000000013,-1526.12529192,-2705.449691920002
1176,387.0634,1041.8603,1692.2476,0.0,0.0,0.0,-983.3191,-8957.4283,473.8819,5170.948,-1654.5293,53.84168496,-1174.7461999999996,-1600.6876150399999,-2775.43381504
1177,399.028,1074.1496,1703.1487,0.0,0.0,0.0,-1008.6023,-8922.4915,485.4689,5228.5001,-1732.903,53.095683599999994,-1040.7984999999999,-1679.8073164,-2720.6058164
1178,377.2526,1063.8643,1701.7897,0.0,0.0,0.0,-1001.4855,-9001.117,485.1631,5195.0768,-1610.4845,52.29454896,-1179.4560000000001,-1558.18995104,-2737.64595104
1179,432.4923,1029.2567,1731.7935,0.0,0.0,0.0,-1007.8908,-8939.135,465.7066,5191.1127,-1668.4204,51.39087192,-1096.6640000000007,-1617.0295280799999,-2713.6935280800008
1180,396.1588,1041.8795,1724.4189,0.0,0.0,0.0,-971.6904,-9000.8472,471.9143,5145.5505,-1626.1577,52.512807599999995,-1192.6156,-1573.6448924,-2766.2604923999997
1181,400.8465,1041.7103,1713.5075,0.0,0.0,0.0,-973.7678,-9039.3353,486.7127,5211.1039,-1622.9624,54.20715048,-1159.2222000000002,-1568.7552495199998,-2727.97744952
1182,399.7166,1039.9024,1717.6606,0.0,0.0,0.0,-986.7284,-8956.5964,474.2116,5211.627,-1679.9665,53.16826824,-1100.2066000000004,-1626.79823176,-2727.0048317600003
1183,395.6795,1042.0929,1715.1673,0.0,0.0,0.0,-971.672,-8990.1376,477.7484,5209.3573,-1671.1107,53.28667008,-1121.7641999999996,-1617.82402992,-2739.58822992
1184,372.2298,1041.2628,1706.0848,0.0,0.0,0.0,-991.3155,-8967.7777,476.1022,5209.7169,-1654.1455,51.834854879999995,-1153.6967000000004,-1602.3106451200001,-2756.0073451200005
1185,404.249,1101.3613,1717.9957,0.0,0.0,0.0,-990.8285,-8911.3655,504.648,5201.9831,-1711.3925,52.18309512,-971.9568999999992,-1659.20940488,-2631.166304879999
1186,405.8449,1084.99,1697.0227,0.0,0.0,0.0,-999.034,-8874.5285,487.7668,5195.4474,-1760.5069,52.75217664,-1002.4907000000003,-1707.75472336,-2710.2454233600006
1187,393.6777,1058.5449,1685.377,0.0,0.0,0.0,-983.5328,-9018.1333,478.5921,5216.6942,-1661.1833,51.93848448,-1168.7801999999992,-1609.24481552,-2778.0250155199988
1188,368.3653,1028.0011,1706.779,0.0,0.0,0.0,-988.5168,-8896.9154,489.7997,5217.0731,-1743.2717,54.57757896,-1075.4140000000007,-1688.69412104,-2764.1081210400007
1189,388.0359,1025.2676,1679.4047,0.0,0.0,0.0,-1000.5386,-8980.3585,497.9249,5209.333,-1656.6539,53.79245712,-1180.9310000000005,-1602.86144288,-2783.7924428800006
1190,406.7147,1087.3853,1708.8568,0.0,0.0,0.0,-1002.5899,-9025.4724,456.2461,5215.0176,-1625.2008,52.44452999999999,-1153.8418000000001,-1572.75627,-2726.59807
1191,398.3876,1039.8107,1716.3442,0.0,0.0,0.0,-978.1679,-9096.6773,491.0312,5243.3763,-1616.8772,51.950873519999995,-1185.895199999999,-1564.92632648,-2750.8215264799987
1192,375.6918,1037.4374,1718.5678,0.0,0.0,0.0,-999.3835,-9140.8733,472.077,5250.4669,-1531.8192,51.6404952,-1286.0158999999985,-1480.1787047999999,-2766.1946047999986
1193,411.5857,1076.0913,1700.6177,0.0,0.0,0.0,-1015.9445,-8963.271,481.9999,5211.2203,-1652.1029,52.94585952,-1097.7006000000001,-1599.15704048,-2696.85764048
1194,387.9312,1075.5287,1697.638,0.0,0.0,0.0,-974.7774,-9182.1791,489.7308,5233.0467,-1501.0027,52.37588735999999,-1273.0810999999994,-1448.62681264,-2721.7079126399994
1195,398.1035,1049.9838,1732.2373,0.0,0.0,0.0,-1006.7663,-8965.4447,485.3182,5229.242,-1682.8918,52.271646479999994,-1077.3262000000004,-1630.62015352,-2707.9463535200007
1196,402.7787,998.3307,1688.8957,0.0,0.0,0.0,-995.0395,-8988.5795,491.1166,5224.6847,-1677.1271,52.74521568,-1177.8125999999993,-1624.38188432,-2802.194484319999
1197,373.1151,1024.9001,1709.3539,0.0,0.0,0.0,-979.3909,-9014.6792,488.1458,5279.9414,-1700.7463,52.74321696,-1118.613800000001,-1648.00308304,-2766.6168830400006
1198,384.7895,1025.6602,1693.7405,0.0,0.0,0.0,-978.6241,-8977.4236,484.7118,5225.0574,-1652.33,52.303684319999995,-1142.0883000000003,-1600.02631568,-2742.1146156800005
1199,395.2345,1072.7118,1703.0755,0.0,0.0,0.0,-982.0239,-8933.5034,490.1877,5250.3191,-1716.6589,53.4017268,-1003.9986999999992,-1663.2571732,-2667.2558731999993
1200,400.3308,1066.7899,1687.318,0.0,0.0,0.0,-983.3633,-8975.7648,491.2995,5194.9263,-1680.0989,52.73316216,-1118.463600000001,-1627.36573784,-2745.829337840001
1201,396.189,1042.348,1695.516,0.0,0.0,0.0,-989.3354,-9003.8927,488.0313,5274.7074,-1697.8959,53.99566056,-1096.4364000000005,-1643.90023944,-2740.3366394400005
1202,382.6735,1036.1927,1687.7326,0.0,0.0,0.0,-972.2229,-9055.6127,484.208,5196.6172,-1606.4703,54.344540159999994,-1240.4116000000004,-1552.12575984,-2792.53735984
1203,380.2842,1050.0209,1722.3422,0.0,0.0,0.0,-976.2364,-9138.8113,504.8673,5280.4431,-1574.6254,53.1867888,-1177.0899999999992,-1521.4386112,-2698.528611199999
1204,379.6873,1017.8015,1692.0821,0.0,0.0,0.0,-982.4743,-9075.3766,500.5222,5287.7351,-1638.0294,51.650671679999995,-1180.0226999999986,-1586.37872832,-2766.4014283199986
1205,416.2483,1041.9688,1701.0006,0.0,0.0,0.0,-991.0188,-8990.1243,479.9434,5246.5577,-1687.9776,52.43916096,-1095.4242999999988,-1635.53843904,-2730.9627390399987
1206,379.4302,1047.1495,1699.983,0.0,0.0,0.0,-988.7428,-9089.0538,488.9182,5230.5035,-1620.8001,52.85479752,-1231.8121999999994,-1567.94530248,-2799.7575024799994
1207,418.2665,1066.6879,1688.0256,0.0,0.0,0.0,-985.0771,-8964.9984,467.5571,5248.2008,-1724.9011,54.876086640000004,-1061.3376000000017,-1670.02501336,-2731.362613360002
1208,381.1341,1037.3379,1685.2009,0.0,0.0,0.0,-991.2097,-9049.3963,497.0592,5235.949,-1626.3252,52.396531919999994,-1203.924900000001,-1573.92866808,-2777.853568080001
1209,397.4056,1055.1411,1725.6487,0.0,0.0,0.0,-966.8255,-9053.084,483.2457,5260.2984,-1670.6756,54.37763784,-1098.170000000001,-1616.29796216,-2714.467962160001
1210,368.316,1021.5216,1708.6558,0.0,0.0,0.0,-986.282,-9002.9129,483.312,5273.6054,-1702.9709,55.470391199999995,-1133.784099999999,-1647.5005088,-2781.284608799999
1211,366.8141,1027.5361,1681.4009,0.0,0.0,0.0,-975.3107,-8964.9926,473.4625,5205.4098,-1675.0408,56.25500832,-1185.6798999999992,-1618.7857916799999,-2804.465691679999
1212,393.778,1001.0771,1725.843,0.0,0.0,0.0,-969.9266,-9020.3145,474.6031,5209.0506,-1655.5231,57.47194295999999,-1185.8893000000007,-1598.0511570400001,-2783.940457040001
1213,389.1159,1020.7358,1706.7952,0.0,0.0,0.0,-983.3286,-8899.8391,479.577,5230.0986,-1757.4346,55.25748216,-1056.8451999999988,-1702.17711784,-2759.022317839999
1214,401.5105,1023.5793,1695.5662,0.0,0.0,0.0,-974.6254,-8908.9123,489.2908,5240.3972,-1740.9955,57.1652388,-1033.1936999999998,-1683.8302612,-2717.0239611999996
1215,369.8708,1027.9518,1728.244,0.0,0.0,0.0,-979.6094,-8825.0866,480.2703,5168.8173,-1782.542,56.90020104,-1029.5418000000009,-1725.64179896,-2755.183598960001
1216,375.8077,1048.7843,1694.0877,0.0,0.0,0.0,-963.2944,-8956.8607,483.8414,5240.1639,-1716.2485,56.97379728,-1077.4700999999995,-1659.2747027199998,-2736.7448027199994
1217,378.5432,1091.246,1679.9106,0.0,0.0,0.0,-965.0602,-8866.2213,482.0814,5152.3544,-1713.811,57.6817128,-1047.1458999999986,-1656.1292872,-2703.2751871999985
1218,400.8497,1035.8552,1698.3182,0.0,0.0,0.0,-973.8958,-8931.0047,497.7356,5193.3726,-1673.5854,55.46438496,-1078.7691999999997,-1618.12101504,-2696.8902150399995
1219,379.9747,1073.9487,1727.4715,0.0,0.0,0.0,-981.1689,-9073.9724,478.6044,5222.6671,-1626.0873,52.852569839999994,-1172.4749000000002,-1573.23473016,-2745.7096301600004
1220,417.8592,1036.4477,1706.6474,0.0,0.0,0.0,-968.2996,-8969.9573,468.4846,5176.873,-1682.7223,57.26817864,-1131.9450000000006,-1625.4541213599998,-2757.3991213600007
1221,376.4137,1047.2869,1699.0808,0.0,0.0,0.0,-984.093,-8993.9908,471.7065,5196.0474,-1623.4097,55.23887447999999,-1187.548499999999,-1568.1708255199999,-2755.719325519999
1222,383.2525,1019.7917,1699.9935,0.0,0.0,0.0,-999.3667,-9061.5334,480.0592,5228.1191,-1632.7241,53.85676896,-1249.6841000000004,-1578.86733104,-2828.5514310400004
1223,357.4581,1033.8485,1693.5152,0.0,0.0,0.0,-982.5054,-8964.1986,480.4375,5196.3978,-1665.4289,53.19831816,-1185.0469000000003,-1612.23058184,-2797.2774818400003
1224,373.1482,1081.2784,1683.9978,0.0,0.0,0.0,-990.1742,-8955.2376,474.4678,5188.7664,-1658.8323,53.4428856,-1143.7531999999992,-1605.3894144,-2749.1426143999993
1225,392.4518,1003.0291,1704.1094,0.0,0.0,0.0,-999.0848,-9116.6165,482.574,5208.9676,-1537.8041,53.46776592,-1324.5694000000012,-1484.3363340800001,-2808.9057340800014
1226,368.3813,1009.3732,1692.9138,0.0,0.0,0.0,-971.5313,-8963.1741,481.4531,5243.6602,-1677.5964,54.703390320000004,-1138.9237999999996,-1622.89300968,-2761.8168096799996
1227,398.9515,1057.02,1705.7893,0.0,0.0,0.0,-992.8329,-8914.5146,475.6674,5176.2333,-1694.7935,54.52376184,-1093.6859999999997,-1640.26973816,-2733.9557381599993
1228,407.1527,1084.1778,1709.4529,0.0,0.0,0.0,-986.1191,-9110.845,477.4419,5170.1921,-1542.6274,52.82758008,-1248.546699999999,-1489.7998199200001,-2738.346519919999
1229,411.8211,1002.3323,1714.191,0.0,0.0,0.0,-981.1898,-9037.3665,471.4693,5222.5829,-1624.8382,55.15008048,-1196.1597000000002,-1569.6881195199999,-2765.8478195200005
1230,407.0773,1023.7064,1726.5399,0.0,0.0,0.0,-979.5878,-8969.7362,480.5461,5195.1616,-1650.1398,54.84906504,-1116.292699999999,-1595.29073496,-2711.583434959999
1231,357.9671,1040.7981,1702.8575,0.0,0.0,0.0,-1001.0813,-8956.3072,498.0487,5212.5002,-1708.2441,54.88412904,-1145.2168999999985,-1653.3599709599998,-2798.5768709599984
1232,373.1902,1018.2035,1717.5832,0.0,0.0,0.0,-988.0667,-8837.8567,482.5202,5178.2418,-1757.1348,55.47088728,-1056.1845000000003,-1701.66391272,-2757.84841272
1233,401.3243,1026.111,1726.3497,0.0,0.0,0.0,-985.9623,-8777.5692,483.4013,5185.888,-1816.0707,53.54923176,-940.4571999999998,-1762.52146824,-2702.97866824
1234,411.5643,1029.4129,1694.3532,0.0,0.0,0.0,-986.383,-8897.6168,481.0908,5174.5759,-1695.0836,53.68814424,-1093.0027,-1641.39545576,-2734.39815576
1235,430.9314,1016.1941,1718.2318,0.0,0.0,0.0,-1006.2227,-8988.5877,506.025,5215.8376,-1657.4049,52.5394584,-1107.5905000000002,-1604.8654416,-2712.4559416
1236,387.2322,1054.9509,1716.4718,0.0,0.0,0.0,-999.9818,-8903.23,480.8983,5197.1447,-1717.9308,54.187403759999995,-1066.5139,-1663.74339624,-2730.25729624
1237,417.8585,1072.461,1708.1939,0.0,0.0,0.0,-1009.759,-8974.5593,474.3205,5208.638,-1704.4927,51.30335664,-1102.8464000000013,-1653.18934336,-2756.035743360001
1238,405.8617,1083.4281,1701.7741,0.0,0.0,0.0,-968.0409,-8995.79,492.0927,5215.0069,-1662.1463,51.94949328,-1065.6674000000003,-1610.19680672,-2675.8642067200008
1239,390.8302,1097.6058,1716.8935,0.0,0.0,0.0,-1006.8531,-8866.4175,481.9161,5156.7405,-1716.8407,53.20192536,-1029.2844999999998,-1663.63877464,-2692.9232746399994
1240,395.813,1049.7033,1716.8546,0.0,0.0,0.0,-970.4024,-8900.0504,477.3124,5178.7075,-1739.2738,53.656750079999995,-1052.062,-1685.61704992,-2737.6790499199997
1241,399.5012,1009.673,1697.4608,0.0,0.0,0.0,-963.1033,-8939.9312,479.9551,5169.7621,-1675.5169,54.227886479999995,-1146.6823000000004,-1621.28901352,-2767.9713135200004
1242,420.1346,1058.5755,1679.6121,0.0,0.0,0.0,-989.6215,-8975.1543,481.7851,5164.9424,-1615.9503,51.523312319999995,-1159.7261000000008,-1564.42698768,-2724.1530876800007
1243,401.6073,1069.9659,1723.8016,0.0,0.0,0.0,-1002.822,-8998.5833,470.781,5194.8643,-1649.2906,52.512624,-1140.3852000000006,-1596.777976,-2737.163176000001
1244,410.5048,1046.9495,1694.0079,0.0,0.0,0.0,-994.0927,-8918.1146,476.6507,5161.474,-1689.173,52.44891624,-1122.6204000000007,-1636.72408376,-2759.3444837600005
1245,380.5638,1047.6061,1704.4619,0.0,0.0,0.0,-1006.5833,-8984.0957,476.4183,5210.1613,-1667.8849,51.46015176,-1171.4676,-1616.42474824,-2787.89234824
1246,386.8785,1012.3035,1697.6102,0.0,0.0,0.0,-1000.494,-8919.0477,496.7441,5203.9381,-1710.5358,53.67931848,-1122.0672999999997,-1656.8564815200002,-2778.92378152
1247,395.1343,1103.1745,1685.6979,0.0,0.0,0.0,-1009.8897,-8880.1362,491.6827,5227.8907,-1767.4165,54.820393919999994,-986.4458000000004,-1712.59610608,-2699.041906080001
1248,419.2258,1070.9298,1709.2937,0.0,0.0,0.0,-983.4449,-8959.5562,472.8902,5208.3382,-1711.8212,54.2171304,-1062.3234000000011,-1657.6040696,-2719.9274696000016
1249,392.4424,1027.998,1711.6144,0.0,0.0,0.0,-961.7907,-8944.1821,493.8213,5267.1532,-1761.3122,55.607809679999995,-1012.9435000000003,-1705.7043903200001,-2718.6478903200004
1250,390.8265,1040.3062,1741.0492,0.0,0.0,0.0,-992.5369,-8826.9458,487.535,5228.1451,-1846.5871,54.76749408,-931.6206999999995,-1791.81960592,-2723.4403059199994
1251,353.0073,1046.1646,1675.4641,0.0,0.0,0.0,-997.6057,-8897.8286,481.6354,5206.583,-1723.9656,53.842768559999996,-1132.5799000000006,-1670.12283144,-2802.7027314400007
1252,375.0579,1072.1236,1689.6017,0.0,0.0,0.0,-1002.5433,-8889.3595,497.5183,5261.7302,-1788.429,54.75154896,-995.8711000000012,-1733.67745104,-2729.5485510400013
1253,396.3637,989.505,1712.0784,0.0,0.0,0.0,-973.5318,-8949.5587,474.1804,5234.2306,-1747.0584,54.23034096,-1116.732399999999,-1692.82805904,-2809.560459039999
1254,379.2665,1050.08,1702.4258,0.0,0.0,0.0,-967.377,-8908.0448,481.3764,5230.7421,-1759.4436,54.09265968,-1031.530999999999,-1705.35094032,-2736.881940319999
1255,401.2903,1013.3695,1703.3861,0.0,0.0,0.0,-989.2268,-8914.4799,473.1792,5212.7444,-1735.4049,53.039883599999996,-1099.7372000000005,-1682.3650164,-2782.1022164000005
1256,393.1155,1042.7391,1692.8182,0.0,0.0,0.0,-975.7913,-8938.6416,469.4269,5218.4781,-1714.1366,54.77596488,-1097.8550999999998,-1659.36063512,-2757.2157351199994
1257,407.0839,1033.8202,1728.8588,0.0,0.0,0.0,-1000.7754,-8864.9237,489.6816,5256.8486,-1827.718,54.69351408,-949.405999999999,-1773.0244859200002,-2722.430485919999
1258,393.7298,1032.9595,1693.9833,0.0,0.0,0.0,-990.287,-8894.7247,485.3602,5214.1428,-1735.8462,54.54658008,-1064.8361000000014,-1681.29961992,-2746.1357199200015
1259,398.5613,1023.784,1709.1534,0.0,0.0,0.0,-956.4601,-8952.5516,488.2065,5243.9486,-1729.1135,55.13803272,-1045.3579000000009,-1673.97546728,-2719.333367280001
1260,390.9805,1100.719,1667.0016,0.0,0.0,0.0,-967.0788,-8986.0986,485.096,5234.0555,-1696.5835,54.442602,-1075.3247999999985,-1642.1408979999999,-2717.465697999998
1261,398.6962,1043.2161,1694.2792,0.0,0.0,0.0,-1011.0748,-8940.4635,492.1547,5236.091,-1708.16,53.4578724,-1087.101099999999,-1654.7021276,-2741.803227599999
1262,367.7975,1049.4934,1713.1505,0.0,0.0,0.0,-988.4693,-8965.1537,491.6203,5215.4059,-1704.5157,52.93709568,-1116.1554000000015,-1651.5786043199998,-2767.7340043200015
1263,387.5444,1045.0342,1693.3697,0.0,0.0,0.0,-1002.4498,-8824.148,484.3134,5196.1347,-1799.4346,55.122749279999994,-1020.2013999999999,-1744.3118507200002,-2764.51325072
1264,379.567,1056.3178,1714.0565,0.0,0.0,0.0,-984.7418,-8908.3333,489.5317,5187.6609,-1721.5654,56.0533536,-1065.9412000000002,-1665.5120464,-2731.4532464000004
1265,413.308,1027.0345,1693.9145,0.0,0.0,0.0,-976.8498,-8894.5572,479.1603,5205.7769,-1746.6685,53.699746319999996,-1052.2128000000002,-1692.96875368,-2745.18155368
1266,427.1683,1000.4917,1666.3956,0.0,0.0,0.0,-978.8359,-8932.6884,476.9843,5204.6821,-1690.2403,54.12990528,-1135.8022999999994,-1636.11039472,-2771.9126947199993
1267,418.5509,1078.8862,1712.9618,0.0,0.0,0.0,-975.6305,-8957.2555,485.9275,5212.4506,-1692.9267,54.83107296,-1024.1089999999995,-1638.09562704,-2662.2046270399997
1268,390.8018,1046.1339,1712.0655,0.0,0.0,0.0,-992.132,-8921.3149,498.2968,5217.5008,-1733.8844,53.78476608,-1048.6481000000003,-1680.0996339199999,-2728.7477339200004
1269,411.5868,1025.2372,1689.051,0.0,0.0,0.0,-974.8454,-8878.467,486.2548,5189.587,-1774.0852,55.025225279999994,-1051.5956000000006,-1719.05997472,-2770.6555747200005
1270,410.2689,1004.7162,1689.1492,0.0,0.0,0.0,-996.2563,-8883.8828,481.5284,5212.8298,-1748.6177,53.873327520000004,-1081.6465999999991,-1694.74437248,-2776.3909724799987
1271,389.9294,1039.0667,1712.1006,0.0,0.0,0.0,-975.6298,-8903.6331,489.1153,5192.1746,-1748.2027,55.10538072,-1056.876299999999,-1693.09731928,-2749.9736192799987
1272,386.8546,1049.0246,1716.0976,0.0,0.0,0.0,-1004.1955,-8886.4215,491.0015,5248.9515,-1799.392,54.38962872,-998.6872000000003,-1745.00237128,-2743.68957128
1273,399.7955,1059.0578,1675.0193,0.0,0.0,0.0,-994.9826,-8905.9312,501.7309,5237.2748,-1741.57,54.66015288,-1028.0355000000009,-1686.90984712,-2714.9453471200004
1274,390.3862,1015.6019,1707.2247,0.0,0.0,0.0,-1002.8784,-8988.8656,495.5677,5241.9391,-1690.1709,54.33665904,-1141.0244000000002,-1635.83424096,-2776.8586409600002
1275,408.9702,1032.4868,1721.9922,0.0,0.0,0.0,-981.6398,-9013.2114,485.7842,5203.1,-1656.5305,54.1962324,-1142.5177999999996,-1602.3342676,-2744.8520675999994
1276,383.8615,1063.7451,1715.2075,0.0,0.0,0.0,-1001.3708,-8894.7593,501.677,5236.8495,-1791.4283,53.89981272,-994.7894999999999,-1737.52848728,-2732.31798728
1277,408.0163,1047.8917,1713.5032,0.0,0.0,0.0,-991.3743,-8922.6266,478.3212,5188.1806,-1747.6992,53.3399004,-1078.0878999999995,-1694.3592996,-2772.4471995999997
1278,415.1317,1007.7442,1712.9178,0.0,0.0,0.0,-1006.2802,-8874.5276,478.3334,5190.5024,-1742.5916,52.453983599999994,-1076.1782999999987,-1690.1376164,-2766.3159163999985
1279,393.2051,1041.0612,1716.0589,0.0,0.0,0.0,-1000.2329,-8919.4289,487.2088,5203.6509,-1709.7687,52.61030712,-1078.4769000000006,-1657.15839288,-2735.6352928800006
1280,361.7254,1060.3084,1708.4017,0.0,0.0,0.0,-994.2959,-9064.8393,505.2243,5216.5889,-1579.9579,52.0948656,-1206.8865000000005,-1527.8630344,-2734.749534400001
1281,402.5907,1067.447,1701.6963,0.0,0.0,0.0,-1006.7936,-9063.7878,486.9004,5246.3776,-1619.486,50.461351199999996,-1165.5694000000003,-1569.0246488,-2734.5940488
1282,396.3186,1018.8449,1720.9595,0.0,0.0,0.0,-996.1492,-9039.9752,462.7115,5194.3091,-1615.9512,51.74376624,-1242.9808000000003,-1564.20743376,-2807.1882337600005
1283,393.5527,1043.8066,1666.5127,0.0,0.0,0.0,-970.5371,-9015.0602,503.4781,5188.0336,-1626.6508,51.62888592,-1190.2136,-1575.02191408,-2765.23551408
1284,407.2354,1025.184,1700.592,0.0,0.0,0.0,-976.1024,-8906.8174,482.4271,5202.0753,-1720.2738,53.3480616,-1065.405999999999,-1666.9257384,-2732.331738399999
1285,413.433,1072.7177,1696.1412,0.0,0.0,0.0,-996.1501,-9075.9931,491.9884,5189.4988,-1569.1228,50.766389999999994,-1208.3640999999989,-1518.35641,-2726.720509999999
1286,376.4834,1018.5732,1697.7313,0.0,0.0,0.0,-1010.8778,-8996.5874,470.0118,5178.7988,-1595.1915,51.42316752,-1265.8667000000005,-1543.7683324799998,-2809.6350324800005
1287,416.174,1041.3067,1698.6145,0.0,0.0,0.0,-974.5418,-9002.3206,488.1743,5196.76,-1664.5446,52.9704792,-1135.8328999999994,-1611.5741208,-2747.4070207999994
1288,401.461,1079.0511,1699.743,0.0,0.0,0.0,-1007.1687,-8971.0842,482.4518,5219.9311,-1685.8307,53.74245816,-1095.6148999999996,-1632.08824184,-2727.7031418399997
1289,414.6531,1024.2716,1678.1433,0.0,0.0,0.0,-997.6304,-8935.118,499.0217,5279.7441,-1729.2682,53.47844712,-1036.9146,-1675.78975288,-2712.70435288
1290,388.296,1027.8021,1717.5956,0.0,0.0,0.0,-1008.0701,-8917.7711,473.3934,5223.3785,-1722.2847,53.60773608,-1095.3755999999994,-1668.67696392,-2764.0525639199996
1291,412.199,979.0583,1714.7315,0.0,0.0,0.0,-1001.7142,-8917.8286,484.989,5208.2279,-1751.7406,51.518692079999994,-1120.3371000000006,-1700.2219079200001,-2820.5590079200006
1292,406.7782,1092.6772,1734.7043,0.0,0.0,0.0,-981.1024,-8949.87,466.8713,5220.2209,-1719.5915,53.68608072,-1009.7205000000004,-1665.90541928,-2675.6259192800003
1293,404.856,1017.7383,1707.2238,0.0,0.0,0.0,-989.3465,-8945.0187,485.3758,5254.0487,-1734.7436,53.33846328,-1065.1226000000006,-1681.40513672,-2746.5277367200006
1294,402.0813,1045.5973,1717.1356,0.0,0.0,0.0,-1011.5115,-8827.8846,482.542,5231.1162,-1848.3144,55.365767999999996,-960.9236999999985,-1792.948632,-2753.8723319999986
1295,384.675,1075.0208,1661.7275,0.0,0.0,0.0,-989.7418,-9026.9596,482.6858,5241.492,-1623.2422,51.70536288,-1171.1003,-1571.53683712,-2742.63713712
1296,395.0952,1044.5978,1688.1151,0.0,0.0,0.0,-992.0192,-8985.4764,469.4832,5214.0354,-1676.222,53.92085544,-1166.1688999999997,-1622.30114456,-2788.470044559999
1297,411.2197,1068.241,1683.5121,0.0,0.0,0.0,-966.9978,-9028.3499,490.8617,5211.608,-1636.4245,52.366589999999995,-1129.9051999999983,-1584.05791,-2713.9631099999983
1298,398.5549,1080.4329,1707.0509,0.0,0.0,0.0,-993.3456,-9009.5367,505.6476,5212.4277,-1656.5852,51.354468,-1098.7682999999997,-1605.230732,-2703.9990319999997
1299,410.2519,1001.9725,1698.7955,0.0,0.0,0.0,-1008.2235,-8970.1433,496.6648,5257.0044,-1700.1826,52.5855744,-1113.6777000000002,-1647.5970256,-2761.2747256000002
1300,382.6545,1021.9446,1700.7701,0.0,0.0,0.0,-989.086,-8951.3956,467.7349,5243.0886,-1733.002,53.7538824,-1124.2888999999996,-1679.2481176,-2803.5370175999997
1301,390.964,1057.2682,1699.3662,0.0,0.0,0.0,-1007.423,-8814.301,488.0097,5206.2402,-1805.9178,54.2385108,-979.8756999999996,-1751.6792891999999,-2731.5549892
1302,394.2852,1013.3504,1735.0306,0.0,0.0,0.0,-997.0734,-8939.6123,489.2947,5219.7824,-1720.084,52.785057599999995,-1084.9424,-1667.2989424,-2752.2413423999997
1303,428.7089,1027.2239,1718.7996,0.0,0.0,0.0,-987.9582,-9000.387,490.5084,5188.2188,-1627.5643,51.676678079999995,-1134.8856000000014,-1575.88762192,-2710.7732219200016
1304,381.5988,1011.8988,1700.3575,0.0,0.0,0.0,-1019.248,-9080.0757,483.1781,5217.4266,-1577.3332,50.17216248,-1304.8638999999994,-1527.16103752,-2832.024937519999
1305,377.021,1054.8517,1697.6527,0.0,0.0,0.0,-1009.7749,-8948.4502,491.8759,5243.3405,-1703.2813,51.66652608,-1093.483299999999,-1651.61477392,-2745.098073919999
1306,394.7185,1012.587,1713.4715,0.0,0.0,0.0,-986.8022,-8923.9964,480.0361,5236.3767,-1757.2639,53.877402,-1073.6088,-1703.3864979999998,-2776.995298
1307,384.4163,1083.392,1715.7435,0.0,0.0,0.0,-1001.5033,-8834.8644,485.2889,5179.2177,-1783.2673,54.66638952,-988.3092999999999,-1728.60091048,-2716.91021048
1308,390.5944,1053.5034,1708.6431,0.0,0.0,0.0,-997.3256,-8908.2808,471.8318,5222.1709,-1756.9389,52.40816208,-1058.8628000000008,-1704.53073792,-2763.393537920001
1309,411.5417,1060.6164,1690.9,0.0,0.0,0.0,-992.0743,-8810.0424,475.2855,5218.7842,-1833.091,52.5554496,-944.9889000000003,-1780.5355504,-2725.5244504
1310,388.7216,1023.4199,1699.8451,0.0,0.0,0.0,-1010.1951,-8965.6388,482.8844,5229.8846,-1693.8782,51.71546088,-1151.0783000000001,-1642.1627391200002,-2793.24103912
1311,446.0837,1056.6882,1690.8039,0.0,0.0,0.0,-994.4335,-8921.6232,471.669,5151.4588,-1685.2913,50.8222656,-1099.3530999999994,-1634.4690344,-2733.8221343999994
1312,404.4695,1068.6418,1723.1926,0.0,0.0,0.0,-1036.7431,-8905.9963,476.0545,5220.8858,-1738.7597,49.926365999999994,-1049.4952000000003,-1688.8333340000001,-2738.328534
1313,427.6512,1009.0084,1689.416,0.0,0.0,0.0,-1018.4864,-8894.9469,482.8167,5228.4367,-1747.68,50.4873864,-1076.1043,-1697.1926136,-2773.2969136
1314,401.2454,1032.4377,1708.3194,0.0,0.0,0.0,-1016.4017,-8788.1287,467.5413,5216.6355,-1839.61,53.94558312,-978.351099999999,-1785.6644168799999,-2764.015516879999
1315,398.9119,1036.148,1706.768,0.0,0.0,0.0,-1021.6899,-8969.4688,500.9328,5244.0495,-1698.4988,50.29084152,-1104.3485,-1648.2079584800001,-2752.5564584800004
1316,437.9096,1011.5444,1701.5212,0.0,0.0,0.0,-992.4596,-8963.6884,486.5714,5224.5815,-1691.3632,53.21564784,-1094.0198999999993,-1638.14755216,-2732.167452159999
1317,417.3744,1054.7708,1717.876,0.0,0.0,0.0,-994.1183,-8995.1289,482.2952,5227.5982,-1668.9873,52.62894504,-1089.3325999999997,-1616.35835496,-2705.6909549599995
1318,386.7132,1040.8759,1709.791,0.0,0.0,0.0,-1015.0593,-8984.5621,481.7196,5248.3295,-1665.3686,50.99293224,-1132.1921999999995,-1614.37566776,-2746.5678677599994
1319,365.2469,1040.7994,1674.5454,0.0,0.0,0.0,-980.978,-9079.5674,479.2014,5260.5066,-1630.0871,52.99022304,-1240.2457000000004,-1577.09687696,-2817.3425769600003
1320,399.5054,1058.8514,1689.6247,0.0,0.0,0.0,-1009.7255,-8903.8168,479.5692,5233.0248,-1716.5465,53.80478856,-1052.966800000001,-1662.74171144,-2715.708511440001
1321,373.4384,1049.5491,1742.9188,0.0,0.0,0.0,-1000.6304,-8995.8069,493.0934,5260.5061,-1683.2274,52.61227272,-1076.9315000000006,-1630.61512728,-2707.5466272800004
1322,422.8868,1014.3972,1698.8078,0.0,0.0,0.0,-974.2813,-8929.3053,491.8466,5196.2473,-1706.3277,54.00209664,-1079.4009000000005,-1652.32560336,-2731.72650336
1323,396.1324,1103.9434,1710.1403,0.0,0.0,0.0,-997.6662,-8930.8768,489.887,5219.761,-1710.9335,53.50170816,-1008.6788999999999,-1657.4317918400002,-2666.11069184
1324,417.0543,1008.9148,1698.0886,0.0,0.0,0.0,-1005.4329,-8986.9747,501.1989,5243.1231,-1683.4959,51.76146384,-1124.0279,-1631.7344361599999,-2755.76233616
1325,394.9286,1063.8609,1718.5285,0.0,0.0,0.0,-1008.2745,-8946.5476,484.8019,5222.4295,-1696.9141,52.04844144,-1070.2726999999995,-1644.86565856,-2715.1383585599997
1326,390.1419,1000.1684,1710.6205,0.0,0.0,0.0,-972.0372,-8938.6262,482.9173,5231.958,-1728.2895,54.20229048,-1094.8573000000006,-1674.08720952,-2768.9445095200003
1327,388.9062,1028.3758,1688.9774,0.0,0.0,0.0,-1009.8252,-9030.6677,481.051,5199.1838,-1622.6685,53.38998864,-1253.9987,-1569.27851136,-2823.27721136
1328,388.2855,1025.4146,1711.6751,0.0,0.0,0.0,-1004.0742,-8970.7192,476.8046,5240.6127,-1673.6423,52.44234408,-1132.0009,-1621.1999559199999,-2753.20085592
1329,363.4542,1044.5455,1687.7572,0.0,0.0,0.0,-1002.6124,-8925.496,495.7684,5197.7682,-1654.2387,51.21979416,-1138.8148999999985,-1603.0189058400001,-2741.833805839998
1330,415.0648,1071.4166,1707.077,0.0,0.0,0.0,-973.3053,-8890.9714,479.6164,5247.8353,-1779.6353,55.93966272,-943.2666000000008,-1723.69563728,-2666.962237280001
1331,409.9108,1020.4307,1705.2489,0.0,0.0,0.0,-979.1666,-8946.7345,492.0309,5215.6024,-1727.2349,55.577293919999995,-1082.6774000000005,-1671.6576060799998,-2754.3350060800003
1332,382.1771,1040.3564,1676.6449,0.0,0.0,0.0,-989.5023,-8734.1519,479.0835,5167.3209,-1873.6716,55.159920719999995,-978.0714000000016,-1818.51167928,-2796.583079280001
1333,424.1615,1036.6345,1689.3044,0.0,0.0,0.0,-973.9733,-8740.1858,462.0307,5199.0862,-1906.1851,55.736218799999996,-902.9417999999996,-1850.4488812,-2753.390681199999
1334,392.645,1020.5538,1705.2628,0.0,0.0,0.0,-959.6528,-8847.0169,487.5942,5211.4592,-1803.771,55.927323359999995,-989.1547,-1747.84367664,-2736.9983766399996
1335,377.1091,1026.8047,1705.6279,0.0,0.0,0.0,-985.419,-8882.8043,479.0495,5200.2028,-1751.8721,56.11376664,-1079.4292999999998,-1695.75833336,-2775.18763336
1336,405.3716,1031.279,1696.5096,0.0,0.0,0.0,-975.4647,-8956.2196,487.2473,5260.7831,-1723.1342,54.673161119999996,-1050.493700000001,-1668.46103888,-2718.954738880001
1337,383.3257,1036.6597,1707.7256,0.0,0.0,0.0,-978.7191,-8854.7497,472.463,5231.0266,-1841.7889,55.030229999999996,-1002.2682000000004,-1786.75867,-2789.0268700000006
1338,424.0694,1025.1662,1710.8874,0.0,0.0,0.0,-988.3388,-8780.5395,480.6355,5265.4478,-1918.9191,55.48922208,-862.6720000000005,-1863.42987792,-2726.1018779200003
1339,378.7569,1041.111,1710.1588,0.0,0.0,0.0,-988.4636,-8875.0736,499.9819,5240.2179,-1810.2507,55.44291456,-993.3107,-1754.80778544,-2748.11848544
1340,383.2731,1041.8255,1701.6433,0.0,0.0,0.0,-997.5364,-8781.2541,488.7725,5208.6577,-1840.5178,55.948592160000004,-954.6184000000003,-1784.56920784,-2739.1876078400005
1341,407.1955,1041.5967,1691.0794,0.0,0.0,0.0,-964.55,-8788.4477,496.7761,5201.2106,-1852.7292,55.88350992,-915.1394,-1796.84569008,-2711.9850900799997
1342,399.6286,1093.4826,1695.5964,0.0,0.0,0.0,-989.362,-8756.6338,496.6792,5211.588,-1863.515,55.24945632,-849.0210000000006,-1808.26554368,-2657.286543680001
1343,372.4209,1050.4758,1672.9078,0.0,0.0,0.0,-997.6964,-8765.1783,497.4301,5221.6264,-1865.2189,53.30383559999999,-948.0136999999995,-1811.9150644000001,-2759.928764399999
1344,400.3636,1058.4703,1698.3307,0.0,0.0,0.0,-1011.005,-8801.9115,464.0465,5201.0984,-1814.2456,55.03736376,-990.607,-1759.20823624,-2749.81523624
1345,387.4438,1052.0452,1683.7879,0.0,0.0,0.0,-989.5244,-8776.7768,492.6627,5256.2732,-1894.2289,54.18888048,-894.0884000000005,-1840.04001952,-2734.1284195200005
1346,403.0575,1116.3754,1699.173,0.0,0.0,0.0,-1026.6879,-8795.3037,476.9246,5219.0422,-1833.8386,54.61392456,-907.4189000000006,-1779.22467544,-2686.6435754400004
1347,399.3077,1080.378,1718.9925,0.0,0.0,0.0,-1004.9841,-8837.683,476.8825,5213.8322,-1820.6536,54.65418696,-953.2742000000007,-1765.99941304,-2719.273613040001
1348,389.8706,1067.879,1662.2628,0.0,0.0,0.0,-1010.4359,-8856.2524,498.6202,5235.8413,-1772.7832,54.38578032,-1012.2143999999998,-1718.39741968,-2730.61181968
1349,365.5699,1057.6978,1724.6509,0.0,0.0,0.0,-1011.0617,-9038.1773,491.1533,5226.6495,-1634.7868,53.10602711999999,-1183.5175999999992,-1581.6807728800002,-2765.198372879999
1350,406.5205,1004.5246,1678.534,0.0,0.0,0.0,-1005.0723,-8779.5933,468.2385,5206.2454,-1834.2781,53.266939199999996,-1020.6026000000002,-1781.0111608,-2801.6137608000004
1351,409.0433,1035.8275,1689.7304,0.0,0.0,0.0,-1001.2045,-8818.9598,493.595,5219.7775,-1834.4916,55.5213204,-972.1905999999999,-1778.9702796000001,-2751.1608796
1352,414.1174,1025.1107,1699.4639,0.0,0.0,0.0,-981.8444,-8999.4311,494.1804,5250.8737,-1700.4167,52.739902799999996,-1097.5293999999994,-1647.6767972,-2745.206197199999
1353,411.4323,998.5453,1711.9953,0.0,0.0,0.0,-975.7744,-8908.9307,479.7555,5235.4208,-1794.5911,52.99331544,-1047.5559000000012,-1741.59778456,-2789.1536845600012
1354,387.1935,1053.6599,1715.1414,0.0,0.0,0.0,-1001.3032,-8977.7396,487.6714,5208.5443,-1673.7909,51.67184976,-1126.832300000001,-1622.11905024,-2748.951350240001
1355,394.0117,1043.3541,1705.3397,0.0,0.0,0.0,-976.704,-8913.0385,486.3155,5218.0235,-1730.9477,52.416934559999994,-1042.6980000000003,-1678.5307654399999,-2721.22876544
1356,372.2201,1022.6067,1729.1923,0.0,0.0,0.0,-1001.4709,-8946.9942,486.5609,5209.0869,-1708.337,51.25543992,-1128.7981999999984,-1657.08156008,-2785.8797600799985
1357,405.1107,1032.1225,1704.6958,0.0,0.0,0.0,-997.5394,-8981.8637,491.5012,5240.0049,-1709.6564,51.87295368,-1105.9679999999998,-1657.7834463200002,-2763.7514463199996
1358,383.9948,1088.2279,1701.4591,0.0,0.0,0.0,-1001.954,-8799.7605,481.6668,5182.2531,-1817.7866,54.345738239999996,-964.1127999999999,-1763.44086176,-2727.5536617599996
1359,389.5744,1097.7499,1680.4799,0.0,0.0,0.0,-973.0825,-8699.5078,481.8491,5197.0945,-1922.922,56.27416752,-825.8424999999988,-1866.64783248,-2692.490332479999
1360,411.2952,1043.402,1698.8109,0.0,0.0,0.0,-1003.7662,-8835.5823,483.9289,5213.0754,-1807.7188,53.214515999999996,-988.8361000000004,-1754.504284,-2743.3403840000005
1361,413.509,1068.334,1712.095,0.0,0.0,0.0,-1003.5044,-8759.2526,483.2114,5166.4824,-1848.1509,53.60785848,-919.1251999999995,-1794.54304152,-2713.66824152
1362,392.3846,1068.2934,1681.3737,0.0,0.0,0.0,-1002.334,-8842.9569,480.3768,5228.4947,-1790.6801,53.33309568,-994.3676999999989,-1737.34700432,-2731.714704319999
1363,390.0752,1046.4127,1739.7566,0.0,0.0,0.0,-999.3726,-8763.4053,493.4388,5187.3778,-1850.0067,54.50748624,-905.7168000000001,-1795.49921376,-2701.21601376
1364,384.818,1052.6526,1720.3548,0.0,0.0,0.0,-967.0749,-8894.2484,492.2125,5264.5699,-1791.4537,55.74462336,-946.7155000000002,-1735.70907664,-2682.4245766400004
1365,369.2001,1055.0984,1717.4533,0.0,0.0,0.0,-991.2122,-8793.8561,480.7348,5198.0731,-1820.7251,57.007048319999996,-964.508600000001,-1763.7180516800001,-2728.226651680001
1366,388.2739,1045.2483,1706.0032,0.0,0.0,0.0,-1003.6283,-8878.3746,500.9372,5196.6932,-1786.2994,54.75016368,-1044.847099999999,-1731.54923632,-2776.396336319999
1367,414.1614,1059.3791,1708.7232,0.0,0.0,0.0,-990.2368,-8853.4809,486.9077,5212.9291,-1801.0659,54.69853752,-961.6172000000006,-1746.36736248,-2707.9845624800005
1368,403.4248,1020.5418,1711.9723,0.0,0.0,0.0,-977.5502,-8882.29,487.7532,5189.3887,-1758.535,53.2915272,-1046.7594000000008,-1705.2434728,-2752.0028728000007
1369,386.182,1038.9859,1684.6724,0.0,0.0,0.0,-1001.1689,-8832.4209,476.0628,5205.5996,-1811.8876,51.7788828,-1042.0871000000006,-1760.1087172,-2802.195817200001
1370,423.8835,1076.0247,1707.8582,0.0,0.0,0.0,-1012.419,-8889.5529,486.5524,5249.2654,-1789.3628,52.77286728,-958.3877000000011,-1736.5899327200002,-2694.977632720001
1371,355.6066,1038.0436,1702.1961,0.0,0.0,0.0,-1019.361,-8913.04,489.5033,5276.6122,-1753.137,52.115522399999996,-1070.4392000000007,-1701.0214776,-2771.4606776000005
1372,392.0212,1050.3118,1728.9074,0.0,0.0,0.0,-993.9911,-8839.428,479.5621,5250.6772,-1845.5152,53.12014272,-931.9393999999993,-1792.39505728,-2724.3344572799992
1373,391.3684,1051.1034,1706.7786,0.0,0.0,0.0,-996.2837,-8783.1963,491.5882,5235.0504,-1877.0122,54.26358336,-903.5909999999994,-1822.74861664,-2726.3396166399993
1374,378.8981,977.0282,1719.5849,0.0,0.0,0.0,-979.5687,-8834.7476,495.7673,5253.3614,-1833.5723,53.05426128,-989.6764000000003,-1780.51803872,-2770.19443872
1375,412.5142,1089.6686,1698.4007,0.0,0.0,0.0,-998.9614,-8912.2115,461.9946,5238.4107,-1763.0862,53.72659728,-1010.1840999999995,-1709.3596027199999,-2719.543702719999
1376,392.3478,1090.2588,1702.1713,0.0,0.0,0.0,-1013.9914,-8732.1806,490.7946,5193.126,-1883.9723,54.18418896,-877.4734999999991,-1829.7881110399999,-2707.261611039999
1377,406.5377,1050.6601,1703.7749,0.0,0.0,0.0,-1003.4797,-8796.6603,493.3405,5201.0563,-1822.6244,53.12168064,-944.7704999999987,-1769.50271936,-2714.2732193599986
1378,398.0111,1004.7786,1701.4642,0.0,0.0,0.0,-982.6353,-8790.1951,477.0521,5222.1738,-1873.5734,52.69712472,-969.3506000000016,-1820.87627528,-2790.226875280002
1379,425.2363,1049.0866,1702.0214,0.0,0.0,0.0,-1009.57,-8849.3482,477.5471,5178.275,-1772.1406,51.515033759999994,-1026.751800000001,-1720.62556624,-2747.377366240001
1380,370.6662,1061.0143,1694.384,0.0,0.0,0.0,-992.4326,-8800.4461,473.8716,5246.8114,-1849.8677,52.61315976,-946.1311999999989,-1797.25454024,-2743.3857402399985
1381,389.75,1007.3719,1700.097,0.0,0.0,0.0,-968.3397,-8894.3217,496.5704,5221.8047,-1746.5649,55.68996816,-1047.0674000000017,-1690.87493184,-2737.942331840002
1382,398.7597,1067.1324,1707.0359,0.0,0.0,0.0,-1008.1555,-8902.8905,498.0232,5226.6078,-1744.7777,53.69340672,-1013.4870000000001,-1691.08429328,-2704.57129328
1383,365.4681,1051.5526,1698.3293,0.0,0.0,0.0,-1004.4477,-8907.9668,491.1632,5186.1632,-1682.2482,51.861200399999994,-1119.7381000000005,-1630.3869996,-2750.1250996000003
1384,407.0182,1008.0576,1690.8902,0.0,0.0,0.0,-993.3611,-8811.848,474.0301,5178.8195,-1812.2539,53.11914624,-1046.3935000000001,-1759.13475376,-2805.5282537599996
1385,404.0977,1049.8828,1681.4684,0.0,0.0,0.0,-994.002,-8831.6949,488.4095,5230.9073,-1798.7528,54.3062016,-970.9312,-1744.4465984,-2715.3777984000003
1386,389.1222,1059.8394,1716.4821,0.0,0.0,0.0,-999.0171,-8825.0506,479.5706,5241.8829,-1833.1144,52.03936008,-937.1705000000011,-1781.0750399199999,-2718.245539920001
1387,381.6221,1055.8621,1683.6201,0.0,0.0,0.0,-973.3024,-8814.435,481.4788,5213.7458,-1846.5064,55.19575152,-971.4084999999995,-1791.31064848,-2762.7191484799996
1388,404.3994,1068.4359,1709.4424,0.0,0.0,0.0,-974.7011,-8901.0132,482.8961,5208.885,-1764.5999,52.98890328,-1001.6554999999998,-1711.61099672,-2713.26649672
1389,383.6883,1048.8687,1691.8012,0.0,0.0,0.0,-993.4644,-8880.6303,481.4085,5234.0111,-1774.0111,52.959913199999995,-1034.3169000000016,-1721.0511867999999,-2755.3680868000015
1390,409.6659,1028.6096,1685.187,0.0,0.0,0.0,-995.1886,-8782.1547,481.8044,5207.2679,-1831.8604,53.998289279999995,-964.8084999999992,-1777.8621107200001,-2742.6706107199993
1391,375.4705,1064.5389,1687.4784,0.0,0.0,0.0,-964.9696,-8833.3801,477.1232,5237.9537,-1854.135,55.25145648,-955.7849999999999,-1798.8835435199999,-2754.66854352
1392,425.264,1080.6682,1695.7644,0.0,0.0,0.0,-967.0953,-8822.611,489.3819,5205.9862,-1833.924,53.77304376,-892.6415999999999,-1780.15095624,-2672.79255624
1393,367.2651,1028.2473,1701.2495,0.0,0.0,0.0,-992.5666,-8920.307,489.8503,5223.1304,-1723.9785,53.14583808,-1103.1310000000012,-1670.83266192,-2773.9636619200014
1394,401.3691,1023.4739,1707.286,0.0,0.0,0.0,-1024.9316,-8802.047,483.6339,5172.9121,-1795.8365,52.246542240000004,-1038.303600000001,-1743.5899577599998,-2781.893557760001
1395,381.9523,1064.9343,1701.0511,0.0,0.0,0.0,-1023.7223,-8797.3205,479.6665,5197.6263,-1815.1556,53.49480624,-995.8123000000005,-1761.6607937600002,-2757.4730937600007
1396,380.0001,1052.6168,1709.2297,0.0,0.0,0.0,-998.1724,-8814.0973,496.4654,5180.5047,-1778.4564,53.01776664,-993.4529999999995,-1725.43863336,-2718.8916333599996
1397,394.9283,1051.6776,1693.1197,0.0,0.0,0.0,-994.1817,-8929.934,478.2022,5222.3488,-1728.243,52.27038288,-1083.8391000000001,-1675.97261712,-2759.81171712
1398,410.3045,1074.1375,1710.7088,0.0,0.0,0.0,-997.1389,-8833.7013,470.0213,5172.5505,-1805.655,53.07445368,-993.1175999999996,-1752.58054632,-2745.6981463199995
1399,401.4595,1057.3105,1712.7285,0.0,0.0,0.0,-1008.7154,-8885.8825,472.9026,5210.0475,-1786.6678,52.48398312,-1040.1493,-1734.18381688,-2774.33311688
1400,371.7232,1059.6032,1712.8442,0.0,0.0,0.0,-1035.5042,-8786.7706,487.85,5199.6795,-1804.6206,50.80441895999999,-990.5746999999992,-1753.81618104,-2744.3908810399994
1401,392.5218,1055.4029,1741.8427,0.0,0.0,0.0,-1011.4933,-8784.7908,482.9364,5166.6891,-1817.2063,51.93257184,-956.8912000000018,-1765.27372816,-2722.1649281600016
1402,376.4291,1048.8144,1719.6558,0.0,0.0,0.0,-999.9672,-8813.0182,479.1466,5187.0879,-1827.6803,51.96176352,-1001.8516,-1775.71853648,-2777.5701364799997
1403,385.8535,1023.09,1719.2671,0.0,0.0,0.0,-1020.9348,-8795.236,487.2992,5197.1178,-1809.1586,51.63348456,-1003.5432000000001,-1757.52511544,-2761.06831544
1404,370.9176,1049.2014,1699.996,0.0,0.0,0.0,-1005.4768,-8859.6056,496.1632,5196.6418,-1750.7181,53.48302848,-1052.162400000001,-1697.23507152,-2749.397471520001
1405,374.5251,1025.9541,1716.0708,0.0,0.0,0.0,-993.8905,-8811.1487,488.2018,5195.4659,-1816.9731,55.0454256,-1004.8215,-1761.9276744,-2766.7491744000004
1406,418.8999,993.0441,1696.7837,0.0,0.0,0.0,-1004.296,-8827.8911,491.68,5209.7287,-1809.3514,52.86103272,-1022.0507000000007,-1756.49036728,-2778.541067280001
1407,394.3011,1025.1148,1689.1864,0.0,0.0,0.0,-1013.8191,-8862.3757,482.7486,5191.0915,-1741.2218,51.69951792,-1093.7524000000003,-1689.52228208,-2783.2746820800007
1408,384.6837,1007.6892,1693.8991,0.0,0.0,0.0,-984.8916,-8908.2548,485.0446,5221.1768,-1736.8536,52.13852496,-1100.6530000000002,-1684.7150750399999,-2785.3680750400003
1409,442.4325,1038.2517,1660.9629,0.0,0.0,0.0,-1009.7507,-8813.4686,478.4927,5164.6514,-1796.277,53.88766848,-1038.428100000001,-1742.38933152,-2780.8174315200013
1410,393.3398,1033.8446,1685.6098,0.0,0.0,0.0,-993.1878,-8889.0013,490.7196,5216.5438,-1758.2394,54.012501359999995,-1062.1314999999995,-1704.22689864,-2766.3583986399995
1411,431.1,1040.3257,1711.4764,0.0,0.0,0.0,-984.4648,-8841.8434,479.4195,5175.004,-1772.6874,53.6894316,-988.9825999999994,-1718.9979684,-2707.9805683999994
1412,417.9609,1018.9364,1707.0993,0.0,0.0,0.0,-1008.016,-8884.9907,496.7069,5224.0341,-1787.1037,52.62666624,-1028.2690999999995,-1734.4770337599998,-2762.7461337599993
1413,387.94,1022.4181,1684.5495,0.0,0.0,0.0,-981.6216,-8837.0118,491.4486,5196.7089,-1804.5062,54.06642936,-1035.5683000000008,-1750.43977064,-2786.008070640001
1414,401.8731,1043.397,1694.9055,0.0,0.0,0.0,-981.3208,-8711.0463,492.7043,5156.6866,-1871.7629,52.579625039999996,-902.8005999999996,-1819.1832749599998,-2721.9838749599994
1415,416.3228,1091.3456,1728.0736,0.0,0.0,0.0,-983.7838,-8839.5369,488.2981,5210.2153,-1823.4114,51.562119599999996,-889.0652999999993,-1771.8492804,-2660.914580399999
1416,394.882,1074.2773,1691.7207,0.0,0.0,0.0,-1030.1941,-8779.1707,487.6382,5180.7064,-1808.9414,52.4688552,-980.1401999999998,-1756.4725448,-2736.6127447999997
1417,376.9845,1016.2726,1710.352,0.0,0.0,0.0,-1017.4486,-8703.679,461.8728,5155.3471,-1891.6674,53.80228512,-1000.2986000000001,-1837.86511488,-2838.1637148800005
1418,384.3247,1028.3806,1708.9877,0.0,0.0,0.0,-1000.4633,-8791.2874,481.8773,5170.6907,-1808.229,54.484966799999995,-1017.4896999999992,-1753.7440332,-2771.2337331999993
1419,401.5246,1024.2163,1685.6357,0.0,0.0,0.0,-1018.6266,-8849.7305,486.1058,5189.7276,-1760.0206,51.425127360000005,-1081.1470999999992,-1708.59547264,-2789.7425726399993
1420,397.0442,1060.7425,1680.5298,0.0,0.0,0.0,-1009.7832,-8929.4546,487.2625,5162.4582,-1650.0125,50.04401544,-1151.2005999999992,-1599.96848456,-2751.169084559999
1421,416.8301,1049.6383,1680.2076,0.0,0.0,0.0,-1004.8844,-8861.8967,485.1579,5200.7258,-1757.7826,51.88010832,-1034.2213999999985,-1705.90249168,-2740.1238916799985
1422,396.8683,1021.7491,1706.9387,0.0,0.0,0.0,-1014.3417,-8963.1572,478.1725,5172.5514,-1672.0407,51.42271968,-1201.2188999999998,-1620.61798032,-2821.83688032
1423,404.8012,1059.4962,1692.7084,0.0,0.0,0.0,-1008.3807,-8922.578,470.6146,5168.626,-1688.0357,51.5363184,-1134.7123000000001,-1636.4993815999999,-2771.2116816000002
1424,415.5319,1059.8039,1683.8993,0.0,0.0,0.0,-1009.1156,-8853.3271,466.2811,5145.4826,-1756.4067,52.03804248,-1091.4439000000002,-1704.36865752,-2795.81255752
1425,384.0611,1043.582,1693.8193,0.0,0.0,0.0,-1016.3284,-8947.8935,484.6728,5240.6272,-1720.7418,51.24533616,-1117.4595,-1669.49646384,-2786.9559638399996
1426,418.9529,1080.3973,1702.7932,0.0,0.0,0.0,-1007.4701,-8853.7786,471.3767,5138.286,-1739.8229,52.075993679999996,-1049.4425999999994,-1687.7469063199999,-2737.1895063199995
1427,398.7696,1028.378,1671.823,0.0,0.0,0.0,-973.832,-8928.6353,477.4298,5180.8134,-1719.8531,51.42000744,-1145.2534999999998,-1668.43309256,-2813.68659256
1428,371.1108,1013.5369,1701.1266,0.0,0.0,0.0,-1008.0041,-8871.6159,505.3005,5226.2321,-1768.5083,51.4530072,-1062.3131000000003,-1717.0552928,-2779.3683928
1429,403.2078,1025.0752,1712.3997,0.0,0.0,0.0,-998.2085,-8911.1233,497.806,5218.5873,-1732.2268,52.67535192,-1052.2558,-1679.55144808,-2731.8072480799997
1430,376.3685,1050.0728,1678.3045,0.0,0.0,0.0,-997.8488,-8876.6436,472.0211,5213.0452,-1766.656,53.35051752,-1084.6803,-1713.30548248,-2797.98578248
1431,395.5428,1053.145,1711.2231,0.0,0.0,0.0,-950.5044,-8928.7357,487.9153,5231.4067,-1778.1833,55.697651279999995,-1000.0072,-1722.48564872,-2722.4928487199995
1432,419.5546,1067.889,1674.1008,0.0,0.0,0.0,-958.2395,-8894.6559,488.3717,5176.6879,-1752.253,53.88309504,-1026.291400000001,-1698.36990496,-2724.6613049600005
1433,420.6772,1064.6079,1682.998,0.0,0.0,0.0,-984.613,-8844.8825,479.7774,5202.5072,-1770.7552,53.52400152,-978.9277999999995,-1717.23119848,-2696.1589984799994
1434,423.0369,1078.919,1709.798,0.0,0.0,0.0,-1001.6356,-8852.9689,498.3171,5206.5059,-1825.2004,53.38307016,-938.0275999999994,-1771.81732984,-2709.844929839999
1435,385.9244,1044.1533,1722.2646,0.0,0.0,0.0,-1000.566,-8779.6686,474.9765,5192.3011,-1820.6414,51.15359376,-960.6147000000019,-1769.48780624,-2730.1025062400017
1436,421.3216,1008.6744,1683.2016,0.0,0.0,0.0,-1015.2512,-8762.8586,490.5348,5206.1389,-1856.1207,52.01449128,-968.2384999999986,-1804.10620872,-2772.3447087199984
1437,399.6203,1035.3054,1725.1402,0.0,0.0,0.0,-998.5453,-8811.0006,496.223,5207.6392,-1814.6443,53.10607968,-945.6178,-1761.53822032,-2707.1560203199997
1438,383.7781,1045.2352,1692.239,0.0,0.0,0.0,-986.2426,-8842.706,476.229,5239.0813,-1808.2298,52.74379008,-992.3859999999995,-1755.48600992,-2747.8720099199995
1439,421.206,1052.4356,1701.1439,0.0,0.0,0.0,-998.3119,-8733.5532,461.1159,5203.8898,-1890.8068,53.30369664,-892.0739000000012,-1837.50310336,-2729.5770033600015
1440,398.1557,1054.6654,1689.4586,0.0,0.0,0.0,-1000.0296,-8841.9092,488.4985,5233.8633,-1804.0978,51.58812888,-977.2973000000002,-1752.50967112,-2729.80697112
1441,384.2673,1043.9851,1700.6865,0.0,0.0,0.0,-1011.5262,-8831.4603,477.3164,5245.3127,-1843.3565,52.77694248,-991.4185000000007,-1790.57955752,-2781.9980575200007
1442,411.5404,1058.2747,1685.4645,0.0,0.0,0.0,-1016.2891,-8790.6761,482.2007,5195.2934,-1841.6284,49.809726,-974.1915000000008,-1791.818674,-2766.010174000001
1443,414.8374,1078.1376,1674.1245,0.0,0.0,0.0,-1018.2708,-8746.7895,478.7115,5191.2964,-1846.8433,52.78039056,-927.9529000000002,-1794.06290944,-2722.0158094400003
1444,386.5995,1052.3446,1690.0296,0.0,0.0,0.0,-1026.8462,-8706.9324,483.8944,5217.7138,-1906.511,52.070535359999994,-903.1966999999986,-1854.44046464,-2757.6371646399984
1445,378.3338,1056.3078,1712.7499,0.0,0.0,0.0,-1010.2087,-8836.8153,493.6074,5225.3388,-1811.8967,52.46243352,-980.6863000000003,-1759.43426648,-2740.1205664800004
1446,401.5409,1054.7379,1701.5741,0.0,0.0,0.0,-1009.722,-8802.6512,483.3995,5200.2868,-1829.3506,52.61896008,-970.8340000000007,-1776.73163992,-2747.5656399200006
1447,377.0212,1047.4118,1695.5723,0.0,0.0,0.0,-999.4242,-8813.6627,492.3365,5211.8024,-1828.1981,51.24449448,-988.9427000000014,-1776.95360552,-2765.8963055200015
1448,385.7804,1048.7842,1712.1002,0.0,0.0,0.0,-1021.3139,-8919.3347,482.4627,5242.0449,-1760.4929,52.57999656,-1069.4761999999992,-1707.91290344,-2777.3891034399994
1449,395.9447,1056.7665,1693.9835,0.0,0.0,0.0,-1018.4805,-8846.4514,476.8449,5176.8519,-1793.9839,48.74682096,-1064.5403999999999,-1745.23707904,-2809.77747904
1450,361.8067,1065.5285,1700.1499,0.0,0.0,0.0,-1015.6211,-8892.5636,482.8011,5210.8528,-1751.5917,51.690903119999994,-1087.0457000000006,-1699.90079688,-2786.9464968800007
1451,383.6163,1027.4817,1686.1285,0.0,0.0,0.0,-1020.897,-8708.3639,487.4515,5167.4587,-1864.6683,52.80557184,-977.1242000000002,-1811.86272816,-2788.9869281600004
1452,410.607,1070.0808,1714.0184,0.0,0.0,0.0,-983.4759,-8809.6874,483.3149,5170.8556,-1781.6705,52.52426568,-944.2866000000013,-1729.1462343199998,-2673.4328343200013
1453,402.66,1045.5594,1713.0645,0.0,0.0,0.0,-997.1112,-8895.319,488.8733,5212.2032,-1738.5165,53.364322800000004,-1030.0697999999993,-1685.1521771999999,-2715.221977199999
1454,381.0484,1058.7221,1689.2003,0.0,0.0,0.0,-994.7214,-8978.2585,483.7088,5206.4446,-1672.902,52.93813392,-1153.8556999999992,-1619.9638660800001,-2773.8195660799993
1455,429.475,1040.6319,1687.0399,0.0,0.0,0.0,-1016.1394,-8808.6112,483.6406,5175.4017,-1784.8036,54.444569040000005,-1008.5614999999989,-1730.35903096,-2738.9205309599993
1456,422.8852,1020.7051,1695.0227,0.0,0.0,0.0,-1017.4517,-8933.2768,473.0281,5231.4213,-1712.3151,51.91700328,-1107.6661000000004,-1660.39809672,-2768.0641967200004
1457,392.6176,1048.7287,1714.0168,0.0,0.0,0.0,-994.5614,-8930.5843,468.9313,5227.2939,-1699.9373,52.1884404,-1073.5574000000006,-1647.7488596,-2721.3062596000004
1458,400.2751,1004.6199,1665.0092,0.0,0.0,0.0,-1014.3096,-8857.9325,492.6994,5223.5437,-1774.4463,51.74462736,-1086.0947999999999,-1722.70167264,-2808.79647264
1459,417.8089,1060.6671,1708.3612,0.0,0.0,0.0,-1028.3522,-8887.738,480.1528,5207.3091,-1714.8812,49.110009840000004,-1041.7910999999995,-1665.77119016,-2707.562290159999
1460,390.8596,1057.8866,1688.187,0.0,0.0,0.0,-999.5086,-8939.1611,488.1958,5192.5372,-1678.992,51.22569744,-1121.003499999999,-1627.76630256,-2748.769802559999
1461,390.7968,1028.6478,1703.7727,0.0,0.0,0.0,-1010.3037,-8867.3205,478.7929,5188.1881,-1756.9205,51.58145448,-1087.4258999999993,-1705.33904552,-2792.7649455199994
1462,407.3869,1047.4419,1689.6945,0.0,0.0,0.0,-998.5733,-8898.8117,495.3059,5199.5476,-1738.4318,52.83079056,-1058.0082000000002,-1685.60100944,-2743.6092094400005
1463,383.8117,1019.2973,1697.2914,0.0,0.0,0.0,-1032.1374,-8892.9092,483.7586,5215.0457,-1726.9025,51.98026247999999,-1125.8419000000004,-1674.92223752,-2800.7641375200005
1464,407.7337,1016.5895,1702.2341,0.0,0.0,0.0,-1008.0334,-8907.9635,484.416,5145.5336,-1694.8054,52.385781599999994,-1159.4899999999998,-1642.4196184,-2801.9096184
1465,361.3579,1050.0765,1698.1979,0.0,0.0,0.0,-1011.8261,-8943.3009,495.2267,5230.6595,-1700.3388,49.69534248,-1119.6085000000003,-1650.64345752,-2770.2519575200004
1466,403.4805,1069.0163,1683.5825,0.0,0.0,0.0,-1012.0443,-9047.9548,485.2178,5228.6666,-1629.5706,50.994469439999996,-1190.0353999999998,-1578.57613056,-2768.6115305599997
1467,357.9822,1062.4809,1687.2589,0.0,0.0,0.0,-1007.5643,-9038.914,485.6997,5230.489,-1627.1653,52.16351544,-1222.5676000000012,-1575.0017845599998,-2797.569384560001
1468,420.6321,1079.1985,1686.7407,0.0,0.0,0.0,-1033.9541,-8884.6457,481.4575,5204.5119,-1739.7031,50.62051368,-1046.0590999999977,-1689.08258632,-2735.1416863199975
1469,449.1504,1062.675,1677.4664,0.0,0.0,0.0,-1022.1981,-8959.7688,483.5682,5164.5361,-1649.4727,51.14930976,-1144.5708000000004,-1598.32339024,-2742.8941902400006
1470,395.7646,1057.3361,1699.3068,0.0,0.0,0.0,-988.9264,-8890.8813,481.5129,5211.3641,-1749.0911,51.65454096,-1034.5231999999987,-1697.43655904,-2731.959759039999
1471,387.4051,1062.2912,1715.3484,0.0,0.0,0.0,-1010.7352,-9018.3506,471.1095,5195.0221,-1655.6203,50.96542104,-1197.9094999999998,-1604.6548789600001,-2802.56437896
1472,379.2728,1014.2475,1718.933,0.0,0.0,0.0,-1002.4998,-9039.5551,501.0521,5212.8849,-1622.8326,50.841138959999995,-1215.6646,-1571.9914610399999,-2787.6560610399997
1473,414.1172,1036.8723,1718.2294,0.0,0.0,0.0,-999.8227,-9047.1327,488.0559,5223.2756,-1642.7175,51.766692479999996,-1166.4050000000007,-1590.95080752,-2757.3558075200003
1474,391.003,1002.8829,1698.9365,0.0,0.0,0.0,-1018.4978,-9061.1465,494.7022,5203.0507,-1578.5788,49.09430736,-1289.0690000000013,-1529.48449264,-2818.5534926400014
1475,387.5369,1063.4853,1718.1372,0.0,0.0,0.0,-1000.3836,-9037.4374,493.7755,5199.0003,-1615.2758,50.62660272,-1175.8858000000018,-1564.64919728,-2740.534997280002
1476,410.64,994.3622,1690.2257,0.0,0.0,0.0,-1006.2129,-8930.2231,485.8406,5212.256,-1716.681,50.497095599999994,-1143.1115,-1666.1839044,-2809.2954044
1477,411.747,1014.1783,1724.0499,0.0,0.0,0.0,-1017.5567,-8859.168,483.2311,5206.0338,-1786.6656,52.4627136,-1037.4845999999998,-1734.2028864000001,-2771.6874864
1478,393.0948,1015.3207,1713.3393,0.0,0.0,0.0,-994.1497,-8985.5226,473.4692,5221.1665,-1704.0439,51.2835732,-1163.2817999999997,-1652.7603267999998,-2816.0421267999996
1479,373.8379,1092.8718,1693.1036,0.0,0.0,0.0,-1011.1749,-8918.3127,468.905,5185.9273,-1701.9183,52.49184984,-1114.8420000000006,-1649.42645016,-2764.2684501600006
1480,362.2125,1030.3769,1681.3641,0.0,0.0,0.0,-1022.4168,-8872.1322,479.9258,5216.1775,-1760.5311,51.438139199999995,-1124.4922000000006,-1709.0929608,-2833.5851608000007
1481,392.5781,1040.5539,1705.2051,0.0,0.0,0.0,-1016.1255,-8887.1923,475.0812,5257.1223,-1777.3262,51.45193296,-1032.7772000000014,-1725.87426704,-2758.6514670400015
1482,387.462,1010.6505,1695.1775,0.0,0.0,0.0,-1017.8551,-8884.1119,488.3742,5219.2728,-1756.3063,52.53868152,-1101.0299999999997,-1703.76761848,-2804.79761848
1483,396.7756,1033.3072,1696.7605,0.0,0.0,0.0,-1006.0447,-8948.994,480.243,5222.014,-1703.6541,50.30789616,-1125.9384,-1653.34620384,-2779.28460384
1484,399.417,1031.9769,1722.6716,0.0,0.0,0.0,-1017.6463,-8981.5261,485.9753,5249.7995,-1723.3859,51.99931368,-1109.3320999999987,-1671.3865863199999,-2780.718686319999
1485,400.949,1061.7926,1676.9829,0.0,0.0,0.0,-1003.4638,-9070.9871,485.7735,5228.9971,-1601.1217,50.08187592,-1219.9557999999997,-1551.03982408,-2770.9956240799993
1486,399.967,1077.2925,1695.0651,0.0,0.0,0.0,-979.2836,-9029.5501,489.3688,5239.0517,-1675.2296,50.07707568,-1108.0886,-1625.1525243199999,-2733.24112432
1487,378.7283,1072.5885,1707.0998,0.0,0.0,0.0,-1002.0,-8923.6095,499.0397,5212.3854,-1730.4811,52.4632356,-1055.7677999999996,-1678.0178644,-2733.7856643999994
1488,389.6975,1042.7813,1718.8984,0.0,0.0,0.0,-1019.5474,-9061.6397,492.3204,5216.3171,-1610.2452,51.37149816,-1221.1724000000004,-1558.87370184,-2780.0461018400006
1489,384.5225,1082.2066,1693.9138,0.0,0.0,0.0,-1004.9262,-8937.4769,478.907,5190.4449,-1687.5809,51.06228624,-1112.4082999999991,-1636.5186137599999,-2748.926913759999
1490,405.888,1036.668,1726.4057,0.0,0.0,0.0,-1016.099,-9017.4282,484.0448,5215.7275,-1655.117,51.25057344,-1164.793200000001,-1603.86642656,-2768.659626560001
1491,401.9424,1043.2799,1700.8772,0.0,0.0,0.0,-1005.1032,-9086.073,490.8671,5239.5862,-1612.0769,51.30212472,-1214.6234000000004,-1560.77477528,-2775.3981752800005
1492,400.2259,1031.7707,1704.4856,0.0,0.0,0.0,-1012.4012,-9097.835,497.3614,5263.8405,-1579.4989,49.86784584,-1212.552099999999,-1529.63105416,-2742.183154159999
1493,420.6398,1021.2875,1674.8868,0.0,0.0,0.0,-976.2212,-9092.6184,486.7389,5223.7792,-1603.8588,53.19499176,-1241.5073999999995,-1550.66380824,-2792.1712082399995
1494,408.4019,1075.3414,1691.4665,0.0,0.0,0.0,-996.1121,-9059.5207,494.3006,5227.1991,-1611.9068,52.77773592,-1158.9232999999995,-1559.12906408,-2718.0523640799993
1495,384.3101,1025.3499,1698.1734,0.0,0.0,0.0,-994.2494,-9092.8894,486.5711,5241.8868,-1569.2402,51.59086704,-1250.8475000000008,-1517.64933296,-2768.496832960001
1496,409.7186,1008.3986,1702.2043,0.0,0.0,0.0,-993.9768,-9136.6014,487.7382,5222.8347,-1532.441,51.921848159999996,-1299.6837999999998,-1480.51915184,-2780.2029518399995
1497,396.2202,1039.4589,1666.5261,0.0,0.0,0.0,-996.0899,-9140.84,481.9979,5234.0665,-1545.8121,52.13828736,-1318.6602999999996,-1493.67381264,-2812.3341126399996
1498,411.1242,1040.2856,1743.9821,0.0,0.0,0.0,-989.8668,-9138.7685,491.0974,5215.3808,-1522.0097,50.95736928,-1226.7652000000007,-1471.05233072,-2697.817530720001
1499,412.1436,1025.9976,1703.8554,0.0,0.0,0.0,-996.7381,-9110.6308,473.0352,5204.7584,-1556.2314,51.082833599999994,-1287.578700000001,-1505.1485664,-2792.7272664000006

Receptor Energy Terms
Frame #,BOND,ANGLE,DIHED,UB,IMP,CMAP,VDWAALS,EEL,1-4 VDW,1-4 EEL,EGB,ESURF,G gas,G solv,TOTAL
0,373.3722,981.768,1700.8957,0.0,0.0,0.0,-1004.1595,-8925.7266,491.7778,5339.1898,-1691.8167,51.60323808,-1042.8826,-1640.21346192,-2683.09606192
1,388.7307,1035.9434,1705.5564,0.0,0.0,0.0,-979.1236,-8918.5323,479.5885,5365.8341,-1750.1934,52.32721608,-922.0028000000002,-1697.8661839200001,-2619.86898392
2,405.1102,1018.3469,1705.3679,0.0,0.0,0.0,-976.9021,-9057.6145,479.6504,5360.324,-1609.6803,52.98037632,-1065.7172,-1556.69992368,-2622.4171236800003
3,364.1001,1034.9695,1694.6894,0.0,0.0,0.0,-982.0198,-9163.0058,464.2531,5353.4113,-1501.9924,52.88858928,-1233.6022000000012,-1449.1038107200002,-2682.7060107200014
4,369.2446,998.9687,1701.0934,0.0,0.0,0.0,-974.9395,-9211.0276,472.5697,5437.7323,-1499.0819,51.816502799999995,-1206.3583999999992,-1447.2653971999998,-2653.6237971999994
5,360.6331,1038.0466,1698.6071,0.0,0.0,0.0,-988.4715,-9082.4757,474.6191,5392.8265,-1597.1662,52.6667544,-1106.2148000000007,-1544.4994456,-2650.7142456
6,400.7092,994.1838,1673.4626,0.0,0.0,0.0,-984.1578,-8969.1603,480.8819,5381.5812,-1692.7147,53.708946479999994,-1022.4993999999997,-1639.00575352,-2661.5051535199996
7,371.2084,992.9936,1676.7524,0.0,0.0,0.0,-970.5205,-8979.2275,481.2286,5349.7329,-1670.5143,54.2914848,-1077.8321000000005,-1616.2228152,-2694.0549152000003
8,408.4898,978.1669,1696.6705,0.0,0.0,0.0,-970.8482,-9086.2995,477.3182,5377.9738,-1586.0937,55.56460464,-1118.5285000000003,-1530.52909536,-2649.05759536
9,384.2233,1020.4909,1712.7173,0.0,0.0,0.0,-974.3305,-9109.7183,476.5095,5384.4125,-1596.7391,55.48026168,-1105.6953000000003,-1541.25883832,-2646.9541383200003
10,376.3934,1041.0084,1687.818,0.0,0.0,0.0,-984.2752,-9038.6717,461.7258,5371.4832,-1622.0886,53.25337224,-1084.5181000000011,-1568.83522776,-2653.3533277600013
11,386.1923,983.3657,1670.0148,0.0,0.0,0.0,-954.2442,-8936.223,486.9257,5359.5147,-1708.4776,55.58334264,-1004.4540000000006,-1652.89425736,-2657.348257360001
12,396.348,1011.5716,1705.0786,0.0,0.0,0.0,-968.5703,-9067.013,469.7915,5353.0476,-1615.4261,54.36722304,-1099.746,-1561.05887696,-2660.80487696
13,375.3362,1021.1677,1692.2033,0.0,0.0,0.0,-977.4188,-9042.075,483.2002,5389.1171,-1606.0786,54.81609552,-1058.4693000000007,-1551.26250448,-2609.7318044800004
14,391.4404,1036.8016,1673.9363,0.0,0.0,0.0,-979.9761,-8961.1906,466.3679,5353.99,-1706.253,54.77712408,-1018.6305000000002,-1651.47587592,-2670.10637592
15,362.8132,1073.1915,1703.3983,0.0,0.0,0.0,-992.2665,-8871.4127,482.2408,5373.0152,-1778.3149,56.20569624,-869.0202000000008,-1722.1092037600001,-2591.129403760001
16,361.0077,1043.8042,1673.9424,0.0,0.0,0.0,-975.6784,-8876.9322,466.4223,5348.0196,-1766.1474,55.55885687999999,-959.4143999999997,-1710.5885431200002,-2670.0029431199996
17,402.3633,989.4468,1692.5275,0.0,0.0,0.0,-971.7088,-8914.5101,467.1491,5401.5575,-1779.0243,56.4389316,-933.1746999999996,-1722.5853684,-2655.7600683999995
18,408.5443,1013.8758,1674.3323,0.0,0.0,0.0,-963.7223,-8895.88,473.736,5369.3358,-1793.4606,56.74838976,-919.7780999999995,-1736.71221024,-2656.49031024
19,359.1861,1053.5668,1694.8577,0.0,0.0,0.0,-968.0309,-8895.945,479.5938,5341.4035,-1729.3827,55.12227408,-935.3679999999995,-1674.2604259200002,-2609.6284259199997
20,379.9586,999.1096,1666.8093,0.0,0.0,0.0,-957.6611,-9021.6796,492.5788,5406.6517,-1685.9446,55.49620608,-1034.2326999999996,-1630.44839392,-2664.6810939199995
21,397.0382,1022.028,1688.0862,0.0,0.0,0.0,-959.4609,-8944.0307,483.8314,5363.5555,-1719.6743,57.09756312,-948.952299999999,-1662.57673688,-2611.529036879999
22,365.7711,1011.1684,1687.5343,0.0,0.0,0.0,-960.0886,-8983.8232,470.9532,5414.6133,-1735.8198,56.25167543999999,-993.8715000000011,-1679.56812456,-2673.4396245600014
23,370.7864,1034.6648,1697.1745,0.0,0.0,0.0,-969.0473,-8968.5991,473.8243,5391.0324,-1717.4166,55.3097628,-970.1639999999989,-1662.1068372,-2632.270837199999
24,391.2644,991.9238,1692.7218,0.0,0.0,0.0,-949.3103,-9014.8482,477.001,5386.7847,-1707.6342,57.87863712,-1024.4628000000002,-1649.75556288,-2674.2183628800003
25,382.7727,1036.5536,1693.7114,0.0,0.0,0.0,-959.8393,-8971.2675,459.3736,5409.6847,-1753.401,57.53749824,-949.0108000000009,-1695.86350176,-2644.874301760001
26,398.4259,991.5177,1703.0009,0.0,0.0,0.0,-976.5807,-9070.7422,486.8238,5452.309,-1641.517,54.5414652,-1015.2456000000002,-1586.9755348,-2602.2211348
27,384.5927,1024.1529,1694.4129,0.0,0.0,0.0,-955.5002,-9035.0096,465.1433,5380.2153,-1664.856,56.38796496,-1041.9926999999998,-1608.46803504,-2650.4607350399997
28,348.4732,1060.3769,1693.7407,0.0,0.0,0.0,-992.0091,-9043.3754,459.7693,5386.1663,-1658.8182,54.3092616,-1086.8581000000013,-1604.5089384,-2691.367038400001
29,403.1174,1013.9571,1691.5227,0.0,0.0,0.0,-973.1915,-9133.5145,490.3405,5393.3715,-1588.7521,53.79802128,-1114.3967999999986,-1534.9540787199999,-2649.3508787199985
30,366.77,1013.7719,1676.3269,0.0,0.0,0.0,-976.7703,-9025.6521,488.0307,5400.5284,-1675.4085,54.96438095999999,-1056.9944999999989,-1620.44411904,-2677.4386190399987
31,400.3948,1021.0443,1699.487,0.0,0.0,0.0,-984.1024,-9028.9455,481.5281,5411.6684,-1696.0324,55.605699359999996,-998.9252999999999,-1640.42670064,-2639.35200064
32,403.1357,1000.4955,1696.3062,0.0,0.0,0.0,-962.9636,-8903.3736,463.4234,5368.1275,-1776.4013,54.421146,-934.8489000000018,-1721.980154,-2656.8290540000016
33,369.2177,1031.0931,1680.874,0.0,0.0,0.0,-947.4949,-8993.134,480.73,5380.2598,-1707.1684,54.193469040000004,-998.4543000000012,-1652.97493096,-2651.4292309600014
34,369.3981,1042.1001,1686.8434,0.0,0.0,0.0,-973.3064,-8946.3161,469.0604,5386.7158,-1729.7604,55.56230928,-965.5046999999995,-1674.19809072,-2639.7027907199995
35,421.315,1030.4638,1698.0228,0.0,0.0,0.0,-972.8706,-8904.5557,459.2853,5373.957,-1758.6835,55.94371848,-894.3824000000004,-1702.7397815200002,-2597.1221815200006
36,402.0694,1055.1909,1707.9477,0.0,0.0,0.0,-966.8298,-8938.6462,478.2037,5412.5922,-1785.9215,55.45193544,-849.4721,-1730.46956456,-2579.94166456
37,395.0692,1049.837,1717.3819,0.0,0.0,0.0,-979.0799,-8837.4833,467.262,5371.8162,-1849.2431,56.876603759999995,-815.1968999999999,-1792.3664962399998,-2607.5633962399997
38,373.0397,1024.7853,1697.0414,0.0,0.0,0.0,-926.1679,-8922.9239,471.1841,5403.162,-1815.1367,57.56759855999999,-879.8792999999987,-1757.56910144,-2637.4484014399986
39,390.8815,1026.9117,1668.7134,0.0,0.0,0.0,-915.9934,-9039.8853,474.0068,5396.7631,-1687.2483,57.03817464,-998.6021999999994,-1630.21012536,-2628.8123253599997
40,404.6197,998.7504,1687.5695,0.0,0.0,0.0,-966.0795,-9037.1505,472.7549,5375.4518,-1646.043,55.15195896,-1064.0837000000001,-1590.89104104,-2654.9747410399996
41,375.844,1018.7024,1706.1465,0.0,0.0,0.0,-961.5325,-8962.7137,490.0826,5385.4505,-1713.8432,55.940686559999996,-948.0202000000008,-1657.9025134400001,-2605.922713440001
42,400.12,1016.4717,1698.2827,0.0,0.0,0.0,-969.8329,-9064.2578,478.3378,5371.3232,-1637.3107,54.18364536,-1069.5553,-1583.12705464,-2652.68235464
43,400.0027,1017.8571,1709.7021,0.0,0.0,0.0,-975.6351,-8924.2752,466.235,5383.7253,-1750.5779,57.304565999999994,-922.388100000001,-1693.273334,-2615.6614340000015
44,364.6799,1003.4956,1700.7726,0.0,0.0,0.0,-937.1195,-8943.7966,464.174,5447.6388,-1794.6892,58.01635512,-900.1552000000001,-1736.67284488,-2636.82804488
45,399.3813,1011.9958,1706.3777,0.0,0.0,0.0,-953.076,-9040.63,474.5446,5411.6307,-1683.3402,55.72258272,-989.7758999999996,-1627.61761728,-2617.3935172799997
46,382.4026,1044.9036,1704.0379,0.0,0.0,0.0,-975.1891,-8983.2669,473.6163,5387.9746,-1725.5261,54.90221328,-965.5210000000006,-1670.62388672,-2636.1448867200006
47,385.2444,1005.1262,1684.285,0.0,0.0,0.0,-941.4793,-9015.6379,491.1903,5407.1908,-1686.7427,56.465921519999995,-984.0804999999991,-1630.27677848,-2614.357278479999
48,379.8705,1040.6404,1688.6235,0.0,0.0,0.0,-958.1026,-8953.2475,456.4735,5364.411,-1723.4458,55.44055656,-981.3311999999996,-1668.00524344,-2649.3364434399996
49,410.3238,1000.7845,1707.2412,0.0,0.0,0.0,-959.8524,-9043.0188,471.5654,5337.1835,-1634.5264,55.69312968,-1075.7727999999997,-1578.8332703199999,-2654.6060703199996
50,396.8853,1018.8101,1699.8793,0.0,0.0,0.0,-939.9507,-9004.8971,476.2626,5354.6785,-1681.7008,54.224218799999996,-998.3320000000003,-1627.4765812,-2625.8085812000004
51,408.4386,1035.7805,1701.6184,0.0,0.0,0.0,-961.4978,-8995.7963,484.1923,5391.9419,-1695.2921,54.97591824,-935.3224,-1640.3161817599998,-2575.63858176
52,390.8505,986.5059,1693.5025,0.0,0.0,0.0,-954.8762,-8945.3487,482.9496,5401.6121,-1752.2045,57.37709664,-944.8042999999998,-1694.82740336,-2639.6317033599994
53,380.4219,1024.0279,1695.0981,0.0,0.0,0.0,-947.6841,-8814.8653,467.4362,5399.8087,-1884.6032,56.83162248,-795.7565999999997,-1827.77157752,-2623.5281775199996
54,377.436,1063.8856,1667.5595,0.0,0.0,0.0,-971.683,-8842.0177,477.8909,5379.6023,-1843.011,55.533450959999996,-847.3264000000008,-1787.47754904,-2634.8039490400006
55,375.4568,993.2745,1711.3667,0.0,0.0,0.0,-943.6224,-8776.6246,475.9314,5364.0519,-1861.0335,57.938428079999994,-800.1656999999987,-1803.09507192,-2603.2607719199987
56,371.1038,1025.4297,1689.7727,0.0,0.0,0.0,-977.3441,-8834.6947,470.3385,5391.436,-1840.7739,54.82563984,-863.9581000000007,-1785.94826016,-2649.906360160001
57,400.8426,1044.8855,1684.6137,0.0,0.0,0.0,-977.193,-8841.3306,466.0951,5380.4505,-1824.5494,54.907173359999994,-841.6361999999999,-1769.6422266400002,-2611.27842664
58,377.7218,1010.5486,1687.8152,0.0,0.0,0.0,-961.949,-8829.0043,475.5628,5361.5137,-1820.6135,57.83843232,-877.7912000000006,-1762.77506768,-2640.5662676800007
59,369.5971,978.1741,1709.121,0.0,0.0,0.0,-976.5837,-8889.9579,467.6391,5405.3692,-1794.9515,57.87585,-936.6410999999989,-1737.07565,-2673.716749999999
60,387.1628,1040.0099,1688.5281,0.0,0.0,0.0,-966.0996,-8895.3922,470.1728,5422.0015,-1795.7476,55.8545292,-853.6166999999996,-1739.8930707999998,-2593.5097707999994
61,353.4775,1009.8545,1699.3768,0.0,0.0,0.0,-959.5574,-8860.9362,481.3711,5382.6362,-1832.6679,56.822756399999996,-893.7774999999992,-1775.8451436,-2669.6226435999993
62,376.7193,1006.1891,1683.2049,0.0,0.0,0.0,-953.902,-8746.1828,475.885,5398.2487,-1920.7858,58.530713039999995,-759.8378000000002,-1862.2550869600002,-2622.09288696
63,388.4668,994.0417,1665.7715,0.0,0.0,0.0,-969.0746,-8957.2345,473.6111,5409.5655,-1714.7484,55.945193759999995,-994.8525000000009,-1658.80320624,-2653.6557062400007
64,391.7797,1046.7768,1685.1337,0.0,0.0,0.0,-971.7759,-8886.495,475.49,5384.4117,-1819.2167,56.73166992,-874.679000000001,-1762.48503008,-2637.164030080001
65,402.1288,1026.6402,1715.2914,0.0,0.0,0.0,-961.612,-8869.2813,459.5864,5355.6752,-1789.9806,56.74664592,-871.5713000000005,-1733.23395408,-2604.8052540800004
66,375.3782,1017.4869,1692.9842,0.0,0.0,0.0,-961.5285,-8861.5771,464.2828,5361.5403,-1799.0141,56.650556879999996,-911.4332000000013,-1742.36354312,-2653.796743120002
67,377.2181,995.423,1676.8795,0.0,0.0,0.0,-968.8457,-8801.4753,481.9714,5376.6865,-1836.4162,55.684594080000004,-862.1424999999999,-1780.73160592,-2642.8741059199997
68,391.2598,972.5575,1696.318,0.0,0.0,0.0,-946.7553,-8926.5435,485.2785,5370.5455,-1750.2881,56.117796479999996,-957.3394999999991,-1694.17030352,-2651.509803519999
69,395.4168,1030.3098,1712.5968,0.0,0.0,0.0,-1001.5306,-8927.3501,470.4559,5399.8756,-1752.2753,54.45836352,-920.2257999999993,-1697.81693648,-2618.0427364799993
70,400.1007,980.742,1699.324,0.0,0.0,0.0,-967.5948,-9015.5286,485.3078,5376.4715,-1666.6068,54.540801359999996,-1041.1774000000005,-1612.06599864,-2653.2433986400006
71,351.8705,1028.993,1676.8722,0.0,0.0,0.0,-970.2445,-8990.593,475.8189,5391.4403,-1686.7631,54.184712399999995,-1035.8426,-1632.5783875999998,-2668.4209876
72,395.7517,1035.2058,1676.352,0.0,0.0,0.0,-989.0672,-9001.1859,478.7516,5355.8767,-1629.886,53.5997088,-1048.3153000000011,-1576.2862912,-2624.601591200001
73,412.7944,1050.2601,1681.2004,0.0,0.0,0.0,-967.3577,-8943.4923,459.9917,5335.5768,-1698.6284,55.31843447999999,-971.026600000001,-1643.30996552,-2614.336565520001
74,415.2093,984.5678,1679.3771,0.0,0.0,0.0,-963.9568,-8823.6193,481.1066,5339.497,-1844.8106,57.107282399999995,-887.8182999999999,-1787.7033176,-2675.5216176
75,411.8672,1020.5456,1689.9613,0.0,0.0,0.0,-961.0591,-8865.0395,472.0436,5378.1104,-1824.3415,55.58626296,-853.5705000000007,-1768.7552370399999,-2622.3257370400006
76,390.0976,1004.8909,1673.9013,0.0,0.0,0.0,-945.4481,-9027.8275,477.5795,5379.1458,-1665.7882,55.57965912,-1047.6605,-1610.2085408799999,-2657.86904088
77,399.2414,983.8551,1712.2587,0.0,0.0,0.0,-958.096,-8848.6446,471.9655,5345.5401,-1817.6265,56.70195768,-893.8797999999988,-1760.92454232,-2654.8043423199993
78,392.4721,1015.1721,1683.0886,0.0,0.0,0.0,-977.7311,-8780.9817,459.8327,5370.8815,-1876.5766,55.3140756,-837.2658000000001,-1821.2625244,-2658.5283244000007
79,382.0357,1016.9464,1684.9721,0.0,0.0,0.0,-938.9574,-8877.7079,471.9058,5418.0037,-1845.2308,57.15071208,-842.8015999999998,-1788.08008792,-2630.88168792
80,420.1296,1026.2924,1674.4806,0.0,0.0,0.0,-957.9382,-8874.0466,460.3487,5366.928,-1782.302,55.409959439999994,-883.8054999999986,-1726.89204056,-2610.6975405599983
81,387.2505,966.6477,1703.4175,0.0,0.0,0.0,-962.281,-8804.1963,477.1808,5377.4299,-1849.884,55.357493039999994,-854.5508999999993,-1794.52650696,-2649.0774069599993
82,367.8188,1009.7069,1677.4287,0.0,0.0,0.0,-970.408,-8734.8911,474.0373,5363.7499,-1898.4053,58.22081568,-812.5575000000008,-1840.18448432,-2652.7419843200005
83,398.1986,1031.2902,1684.7169,0.0,0.0,0.0,-971.1784,-8995.1487,467.0973,5352.0913,-1650.6853,52.9757496,-1032.9327999999996,-1597.7095504000001,-2630.6423503999995
84,394.6421,1003.453,1693.8808,0.0,0.0,0.0,-937.0255,-8912.857,468.9987,5380.4788,-1796.0198,55.6152084,-908.4291000000003,-1740.4045916,-2648.8336916000003
85,405.4885,1028.7203,1681.6168,0.0,0.0,0.0,-959.6489,-8763.6498,483.087,5391.1845,-1923.2197,57.9172752,-733.2015999999994,-1865.3024248000002,-2598.5040247999996
86,416.0723,1030.1064,1686.0394,0.0,0.0,0.0,-994.6111,-8835.3492,472.5379,5420.7387,-1858.1302,56.31841944,-804.4656000000004,-1801.81178056,-2606.2773805600004
87,396.8463,1057.1907,1702.2475,0.0,0.0,0.0,-984.9562,-8830.3445,480.2613,5350.6493,-1832.826,55.50658488,-828.1055999999999,-1777.31941512,-2605.42501512
88,382.083,1013.7952,1665.2191,0.0,0.0,0.0,-968.7953,-8837.4903,472.3831,5353.5107,-1821.3754,53.46016488,-919.2944999999991,-1767.9152351199998,-2687.209735119999
89,406.2175,1009.203,1678.1989,0.0,0.0,0.0,-986.3498,-8825.5181,473.8028,5357.179,-1822.0812,55.46087136,-887.2666999999992,-1766.62032864,-2653.8870286399992
90,381.7354,1022.253,1699.7492,0.0,0.0,0.0,-971.8759,-8863.2354,477.6703,5360.8741,-1790.064,54.11740464,-892.8292999999994,-1735.9465953600002,-2628.7758953599996
91,358.0393,1068.7431,1682.6548,0.0,0.0,0.0,-988.2899,-9033.1726,482.6935,5395.4427,-1665.2641,53.289655919999994,-1033.8890999999994,-1611.97444408,-2645.86354408
92,392.3352,1036.3803,1697.8784,0.0,0.0,0.0,-997.1851,-8881.4177,458.1519,5352.1573,-1774.4821,52.82535024,-941.699700000001,-1721.65674976,-2663.3564497600014
93,386.9707,973.3255,1679.413,0.0,0.0,0.0,-959.7904,-8938.044,447.9999,5390.9796,-1727.2001,55.55496024,-1019.1457,-1671.6451397600001,-2690.79083976
94,400.4042,1011.3552,1726.2169,0.0,0.0,0.0,-983.6461,-9018.7414,462.0718,5380.9332,-1679.3741,52.14637079999999,-1021.4062000000004,-1627.2277292,-2648.6339292000002
95,398.6097,1013.4104,1703.5668,0.0,0.0,0.0,-985.5926,-8963.9672,470.5328,5388.3114,-1728.5372,54.173620799999995,-975.1286999999993,-1674.3635792,-2649.492279199999
96,392.0942,1016.3047,1698.13,0.0,0.0,0.0,-944.0185,-8998.6032,474.5882,5383.2424,-1722.3108,53.41141584,-978.2621999999992,-1668.89938416,-2647.1615841599996
97,358.9615,1034.8037,1687.0391,0.0,0.0,0.0,-971.9297,-8968.6618,468.6997,5398.3376,-1725.4779,55.384254,-992.7499000000007,-1670.093646,-2662.8435460000005
98,374.2508,1059.292,1681.2117,0.0,0.0,0.0,-982.6494,-9080.2588,477.4975,5426.9487,-1620.3262,53.24982335999999,-1043.7074999999995,-1567.07637664,-2610.7838766399996
99,390.6121,1028.2574,1690.9758,0.0,0.0,0.0,-956.4151,-8943.1988,483.5407,5368.8526,-1714.4081,56.57341824,-937.3752999999997,-1657.8346817600002,-2595.2099817599997
100,375.9044,1064.7126,1695.528,0.0,0.0,0.0,-959.3369,-8970.4682,478.2302,5381.3709,-1725.6956,55.86683832,-934.0589999999993,-1669.82876168,-2603.887761679999
101,385.7099,976.0363,1685.043,0.0,0.0,0.0,-941.5747,-8865.0471,466.332,5360.6955,-1795.079,57.30761736,-932.8050999999996,-1737.77138264,-2670.576482639999
102,381.3719,1033.6599,1682.949,0.0,0.0,0.0,-949.4787,-8911.2304,479.3709,5405.2682,-1801.3794,56.05521624,-878.0892000000003,-1745.32418376,-2623.41338376
103,387.9697,992.2893,1672.9462,0.0,0.0,0.0,-966.2787,-8781.4941,470.9566,5391.5904,-1900.2997,56.8029888,-832.0205999999989,-1843.4967112,-2675.517311199999
104,389.5736,979.3442,1674.218,0.0,0.0,0.0,-919.2028,-8874.7555,480.3226,5385.7328,-1820.6338,57.90850992,-884.7670999999991,-1762.7252900800001,-2647.492390079999
105,364.9989,995.4742,1698.7047,0.0,0.0,0.0,-978.9398,-8760.0085,484.4621,5389.2813,-1890.3607,53.738371439999995,-806.0271000000012,-1836.62232856,-2642.6494285600015
106,373.7707,1003.7597,1670.49,0.0,0.0,0.0,-952.5554,-8840.7558,496.4187,5378.953,-1836.2564,56.92010256,-869.9191000000001,-1779.33629744,-2649.2553974400003
107,394.2061,1058.4023,1676.3143,0.0,0.0,0.0,-951.3885,-8799.6937,482.1887,5390.7422,-1869.2066,56.91751128,-749.2286000000004,-1812.2890887199999,-2561.5176887200005
108,386.793,1055.8996,1688.5396,0.0,0.0,0.0,-953.678,-8792.7934,470.2154,5384.1861,-1880.383,58.03055928,-760.8377,-1822.35244072,-2583.19014072
109,386.2928,1017.5889,1684.8726,0.0,0.0,0.0,-950.6474,-8844.1891,473.0962,5390.231,-1819.3386,56.023422479999994,-842.7550000000001,-1763.3151775200001,-2606.07017752
110,394.0855,1034.3134,1685.6734,0.0,0.0,0.0,-969.1349,-8973.1658,475.4668,5389.1427,-1692.0047,54.41815512,-963.6189000000004,-1637.58654488,-2601.2054448800004
111,379.8727,1020.718,1671.7442,0.0,0.0,0.0,-964.7187,-9055.9834,466.8287,5383.7635,-1614.3958,54.46972008,-1097.7749999999987,-1559.9260799200001,-2657.701079919999
112,404.5092,1033.7396,1710.0832,0.0,0.0,0.0,-956.7934,-8918.1771,452.369,5383.9275,-1777.9561,58.377841919999995,-890.3420000000015,-1719.57825808,-2609.920258080002
113,375.3499,1020.929,1726.7643,0.0,0.0,0.0,-953.9147,-9040.3797,478.2876,5394.2411,-1680.6228,55.776800879999996,-998.7224999999999,-1624.8459991200002,-2623.56849912
114,384.8598,1088.6376,1695.1627,0.0,0.0,0.0,-959.6401,-9013.8933,486.8899,5417.5768,-1715.1002,55.83238704,-900.4065999999993,-1659.2678129600001,-2559.6744129599992
115,376.6598,1043.8336,1653.998,0.0,0.0,0.0,-974.9298,-8840.6928,472.334,5394.4875,-1794.1497,57.00009744,-874.3097000000007,-1737.14960256,-2611.4593025600007
116,364.8771,1063.2928,1689.814,0.0,0.0,0.0,-948.6975,-8917.9127,481.8122,5383.9234,-1773.0122,56.56550256,-882.8907000000008,-1716.44669744,-2599.337397440001
117,380.2336,1023.9363,1690.4095,0.0,0.0,0.0,-925.3557,-9004.2985,482.6711,5452.2446,-1761.38,58.914234719999996,-900.1591000000008,-1702.4657652800001,-2602.624865280001
118,411.6826,1048.5736,1702.081,0.0,0.0,0.0,-958.4516,-8919.0213,475.8873,5379.4733,-1769.3502,56.259455759999994,-859.7751000000007,-1713.09074424,-2572.8658442400006
119,404.9507,967.568,1665.4368,0.0,0.0,0.0,-940.0227,-8985.3852,467.1251,5356.1391,-1675.5148,56.68151975999999,-1064.1881999999996,-1618.83328024,-2683.0214802399996
120,402.0231,1030.575,1701.1457,0.0,0.0,0.0,-943.2934,-8879.6173,473.6812,5346.2438,-1812.1961,57.66105672,-869.2419,-1754.5350432799999,-2623.77694328
121,390.5364,1025.6207,1710.1369,0.0,0.0,0.0,-958.7537,-8928.3399,473.4236,5394.3692,-1759.3886,55.06891488,-893.006800000001,-1704.31968512,-2597.326485120001
122,377.1847,977.5865,1691.0594,0.0,0.0,0.0,-945.2863,-9065.0073,487.0492,5401.4873,-1648.261,55.029035519999994,-1075.9264999999987,-1593.23196448,-2669.1584644799987
123,387.665,1019.6899,1686.0776,0.0,0.0,0.0,-967.4906,-8891.8851,462.2076,5392.9151,-1806.5839,56.80109664,-910.8204999999998,-1749.7828033600001,-2660.6033033599997
124,361.5659,1068.208,1694.8353,0.0,0.0,0.0,-971.7905,-8967.4444,470.2211,5389.7375,-1708.9389,55.68146568,-954.6671000000006,-1653.2574343200001,-2607.9245343200005
125,388.4707,1053.0125,1690.7242,0.0,0.0,0.0,-964.1607,-8996.1772,468.1752,5347.0197,-1658.5787,55.19810304,-1012.9355999999998,-1603.38059696,-2616.3161969599996
126,396.5131,1009.0698,1701.5405,0.0,0.0,0.0,-950.999,-8905.3441,466.1043,5364.1949,-1786.3074,56.85781968,-918.9205000000002,-1729.44958032,-2648.37008032
127,404.6606,1023.4251,1698.7393,0.0,0.0,0.0,-960.3256,-9035.3,470.3545,5360.5501,-1659.4481,56.0930076,-1037.8959999999988,-1603.3550924,-2641.251092399999
128,384.0232,1001.1641,1703.8938,0.0,0.0,0.0,-948.1234,-8885.4624,472.3433,5373.0329,-1772.6462,58.08380904,-899.1284999999989,-1714.56239096,-2613.6908909599993
129,396.3508,1008.847,1674.059,0.0,0.0,0.0,-945.3564,-9001.2101,480.7359,5428.7221,-1713.2889,57.62935512,-957.8517000000002,-1655.65954488,-2613.51124488
130,389.5792,997.0822,1696.7638,0.0,0.0,0.0,-941.1369,-8948.7524,472.8232,5414.9903,-1776.6994,58.33594296,-918.650599999999,-1718.36345704,-2637.014057039999
131,378.8654,1047.7105,1681.8561,0.0,0.0,0.0,-941.9569,-8980.0275,481.8704,5449.5889,-1772.007,57.4098228,-882.093100000001,-1714.5971772,-2596.690277200001
132,370.2572,1015.3548,1695.2134,0.0,0.0,0.0,-941.6865,-9143.5642,467.3545,5407.0541,-1559.6754,56.36087496,-1130.0167000000001,-1503.31452504,-2633.3312250400004
133,381.237,1043.9188,1696.2855,0.0,0.0,0.0,-978.1099,-9056.2452,471.9889,5414.2244,-1651.6344,54.65880936,-1026.700499999999,-1596.9755906399998,-2623.676090639999
134,379.837,1001.0017,1702.2502,0.0,0.0,0.0,-951.1765,-9015.6892,460.8779,5426.6378,-1679.295,56.38519512,-996.2611000000006,-1622.9098048800001,-2619.1709048800008
135,339.8319,1037.7521,1695.5472,0.0,0.0,0.0,-949.0458,-8966.7957,479.2037,5390.3507,-1723.3498,56.07085824,-973.1559000000007,-1667.27894176,-2640.434841760001
136,411.2659,982.1266,1729.7476,0.0,0.0,0.0,-962.7855,-8993.7848,474.4163,5417.2828,-1698.5527,54.06025248,-941.7311,-1644.49244752,-2586.22354752
137,390.59,1055.5157,1698.4318,0.0,0.0,0.0,-964.9943,-9010.6051,480.4711,5380.8639,-1684.027,53.9385012,-969.7269000000006,-1630.0884988,-2599.815398800001
138,375.5111,995.8308,1670.9062,0.0,0.0,0.0,-964.8414,-8994.4636,476.7604,5400.9315,-1694.2068,54.5362776,-1039.3649999999998,-1639.6705224,-2679.0355223999995
139,370.2934,979.4338,1706.6064,0.0,0.0,0.0,-966.4718,-8950.7283,477.6008,5414.2239,-1746.2314,56.107553759999995,-969.0418000000009,-1690.12384624,-2659.1656462400006
140,410.6911,1006.6664,1691.1761,0.0,0.0,0.0,-950.4097,-8879.1269,476.2167,5375.704,-1803.9958,55.855236239999996,-869.0823,-1748.1405637599998,-2617.2228637599997
141,369.8424,1017.3203,1706.7842,0.0,0.0,0.0,-949.5704,-8928.4984,486.0016,5455.8129,-1799.3212,57.71659032,-842.3074000000006,-1741.60460968,-2583.912009680001
142,404.7526,1043.4368,1677.4137,0.0,0.0,0.0,-939.322,-8908.3898,475.9613,5369.4231,-1743.8121,56.69585856,-876.7243000000008,-1687.11624144,-2563.840541440001
143,365.0826,1029.8174,1680.6985,0.0,0.0,0.0,-971.9375,-8865.0058,460.5081,5349.9174,-1778.8663,55.06059888,-950.9193000000005,-1723.8057011199999,-2674.7250011200003
144,378.7676,1041.5131,1670.4706,0.0,0.0,0.0,-942.7714,-8802.1096,483.8366,5353.8505,-1848.5226,56.49657768,-816.4426000000003,-1792.02602232,-2608.4686223200006
145,408.0521,1011.132,1680.5075,0.0,0.0,0.0,-956.4699,-8730.3109,474.4036,5339.5099,-1905.7902,58.58357112,-773.1757000000007,-1847.20662888,-2620.3823288800004
146,398.203,1053.2732,1671.2898,0.0,0.0,0.0,-951.2525,-8749.7036,491.9301,5388.1039,-1921.5749,58.64922648,-698.1561000000011,-1862.9256735200001,-2561.081773520001
147,355.2084,984.8082,1669.5482,0.0,0.0,0.0,-940.4575,-8807.8234,485.2749,5369.4733,-1853.8786,57.61037808,-883.9678999999996,-1796.26822192,-2680.2361219199997
148,372.72,1028.5709,1655.1096,0.0,0.0,0.0,-982.3129,-8765.0671,487.8081,5349.0728,-1851.7398,55.241750159999995,-854.0986000000003,-1796.49804984,-2650.5966498400007
149,380.9456,1022.2566,1667.1534,0.0,0.0,0.0,-950.3918,-8866.9286,476.59,5410.8289,-1824.2653,56.770528320000004,-859.5458999999992,-1767.49477168,-2627.0406716799994
150,377.9123,1065.4406,1705.851,0.0,0.0,0.0,-961.1464,-8965.546,464.6021,5416.5295,-1767.1501,56.17910592,-896.3569000000007,-1710.97099408,-2607.3278940800005
151,391.1899,1022.828,1712.9885,0.0,0.0,0.0,-925.901,-9020.3084,473.502,5385.9563,-1695.0391,56.78652167999999,-959.7446999999993,-1638.2525783199999,-2597.997278319999
152,412.1494,1081.6326,1696.6326,0.0,0.0,0.0,-972.7138,-9072.1664,467.7403,5398.8024,-1628.3794,55.30217688,-987.9228999999996,-1573.07722312,-2561.0001231199994
153,410.2406,1031.1644,1689.1389,0.0,0.0,0.0,-936.6699,-9053.5398,462.2694,5383.1801,-1664.8812,56.68821,-1014.216300000001,-1608.19299,-2622.409290000001
154,384.5357,1016.5937,1683.4249,0.0,0.0,0.0,-969.3486,-8984.5467,473.9616,5415.2876,-1710.5294,53.1278028,-980.091800000002,-1657.4015972,-2637.4933972000017
155,389.6446,1006.7767,1702.5292,0.0,0.0,0.0,-939.6987,-9026.0163,463.5552,5418.7123,-1698.7912,56.202518160000004,-984.4969999999994,-1642.58868184,-2627.085681839999
156,389.1879,1028.0387,1693.7941,0.0,0.0,0.0,-972.3821,-9056.0725,474.3329,5426.8248,-1656.6201,54.490926959999996,-1016.2761999999993,-1602.12917304,-2618.4053730399996
157,418.6771,1030.1567,1679.1477,0.0,0.0,0.0,-957.3673,-8935.4332,472.8303,5360.6194,-1727.8879,53.94257424,-931.3693000000003,-1673.9453257599998,-2605.31462576
158,374.5642,1027.6223,1701.8223,0.0,0.0,0.0,-960.6145,-9021.3975,471.8575,5420.0998,-1692.2989,56.09332296,-986.0458999999992,-1636.20557704,-2622.251477039999
159,403.8883,1018.3435,1696.4726,0.0,0.0,0.0,-980.8427,-8986.4444,468.1781,5408.0936,-1695.5876,54.494457839999995,-972.3110000000006,-1641.09314216,-2613.4041421600004
160,404.5655,990.9322,1706.8494,0.0,0.0,0.0,-951.3361,-8996.3103,488.6516,5396.2507,-1702.7652,56.1146148,-960.396999999999,-1646.6505852,-2607.047585199999
161,418.6198,1022.7031,1676.3168,0.0,0.0,0.0,-951.016,-8948.555,474.0405,5407.1268,-1772.7397,57.84070248,-900.7640000000001,-1714.8989975200002,-2615.6629975200003
162,371.3023,1030.7057,1693.1168,0.0,0.0,0.0,-961.1523,-8838.6535,485.4072,5396.4926,-1850.6847,57.103393679999996,-822.7812000000013,-1793.58130632,-2616.362506320001
163,406.1469,1021.1606,1711.772,0.0,0.0,0.0,-948.8093,-8926.2427,478.0203,5411.6279,-1812.0974,58.22418888,-846.3243000000002,-1753.8732111200002,-2600.1975111200004
164,395.9315,998.68,1705.0889,0.0,0.0,0.0,-951.2391,-8936.755,466.6169,5407.5253,-1763.0934,55.86906312,-914.151499999999,-1707.22433688,-2621.3758368799986
165,347.2116,1012.9005,1688.6424,0.0,0.0,0.0,-948.0309,-8899.1627,484.1461,5406.9631,-1790.6508,55.86133392,-907.3299000000006,-1734.7894660799998,-2642.1193660800004
166,398.8397,1016.3694,1721.0425,0.0,0.0,0.0,-958.716,-8808.873,480.9716,5412.7802,-1891.0464,59.0583996,-737.5855999999994,-1831.9880004,-2569.5736003999996
167,403.0565,1013.9116,1675.8188,0.0,0.0,0.0,-944.3044,-8803.5633,462.6218,5371.3169,-1895.4165,57.22256952,-821.1421,-1838.19393048,-2659.3360304800003
168,400.1084,1033.9732,1693.9191,0.0,0.0,0.0,-940.1771,-8721.1318,482.8883,5371.0832,-1943.7222,59.351635439999995,-679.3366999999998,-1884.3705645599998,-2563.70726456
169,358.2548,1067.4609,1693.0418,0.0,0.0,0.0,-950.663,-8863.2127,483.1173,5402.4715,-1848.8387,59.725738080000006,-809.5294000000013,-1789.11296192,-2598.6423619200013
170,378.7134,1017.5848,1692.6306,0.0,0.0,0.0,-916.8838,-8745.5333,475.8628,5427.2103,-1965.7166,59.68112688000001,-670.4151999999995,-1906.03547312,-2576.450673119999
171,388.3955,1056.0155,1708.6189,0.0,0.0,0.0,-962.979,-8721.4076,467.4859,5356.3463,-1946.6312,59.376631679999996,-707.5245000000004,-1887.25456832,-2594.77906832
172,406.6186,1017.4407,1657.1506,0.0,0.0,0.0,-926.6897,-8743.1938,458.2868,5357.5234,-1914.096,59.96600999999999,-772.8633999999993,-1854.12999,-2626.993389999999
173,403.1588,1051.2698,1689.3879,0.0,0.0,0.0,-952.0754,-8833.3878,472.6964,5356.3622,-1837.1641,57.001950719999996,-812.5881000000008,-1780.16214928,-2592.750249280001
174,392.1789,1038.2175,1697.3793,0.0,0.0,0.0,-952.9017,-8829.0961,480.0639,5405.6366,-1879.1951,56.85788304,-768.521600000001,-1822.33721696,-2590.8588169600007
175,363.7663,1006.3386,1685.8277,0.0,0.0,0.0,-956.1691,-8772.4043,455.6692,5385.0092,-1886.6831,58.90401072,-831.9623999999994,-1827.7790892799999,-2659.7414892799998
176,385.5348,1018.2634,1679.0126,0.0,0.0,0.0,-964.5332,-8730.0102,476.8627,5396.0586,-1937.8449,58.73650128,-738.8113000000003,-1879.10839872,-2617.9196987200003
177,375.3349,1036.3242,1684.7474,0.0,0.0,0.0,-943.2569,-8860.1357,477.3158,5406.8249,-1842.7056,59.13310536,-822.8454000000002,-1783.57249464,-2606.41789464
178,361.2587,1011.1858,1679.132,0.0,0.0,0.0,-969.5901,-8850.3727,463.6593,5412.7924,-1839.6129,55.29174696,-891.9345999999996,-1784.3211530400001,-2676.2557530399995
179,395.489,1030.6484,1683.0703,0.0,0.0,0.0,-956.9047,-8669.525,492.7924,5350.1506,-1957.5652,55.96416216,-674.2789999999995,-1901.6010378400001,-2575.8800378399997
180,364.1709,1011.5671,1696.7597,0.0,0.0,0.0,-964.7897,-8745.1789,487.5337,5383.8343,-1913.3241,57.06433008,-766.1029000000008,-1856.25976992,-2622.3626699200004
181,385.1809,994.9382,1705.7829,0.0,0.0,0.0,-962.5438,-8752.2932,476.4804,5382.2417,-1910.7218,58.9757472,-770.2128999999995,-1851.7460528000001,-2621.9589527999997
182,407.3957,1036.3619,1688.4326,0.0,0.0,0.0,-973.9529,-8738.8898,470.0504,5372.886,-1924.4001,57.521634479999996,-737.7161000000006,-1866.87846552,-2604.5945655200003
183,367.2515,1021.8257,1678.5734,0.0,0.0,0.0,-979.6839,-8656.3042,480.3441,5320.6405,-1936.5855,57.18624552,-767.3528999999999,-1879.3992544799999,-2646.75215448
184,382.862,1041.1739,1670.5155,0.0,0.0,0.0,-940.0733,-8933.7418,484.4709,5351.1321,-1726.9025,56.196136079999995,-943.6606999999995,-1670.7063639199998,-2614.3670639199995
185,402.3512,1049.8556,1671.4161,0.0,0.0,0.0,-957.9606,-8774.826,470.097,5350.1669,-1856.0926,57.65235912,-788.8997999999992,-1798.44024088,-2587.3400408799994
186,364.6886,973.4255,1694.5359,0.0,0.0,0.0,-939.171,-8849.8476,481.3451,5372.7553,-1793.1266,56.49321168,-902.2681999999995,-1736.63338832,-2638.9015883199995
187,377.9927,986.4931,1687.1497,0.0,0.0,0.0,-964.4158,-8715.5939,465.3466,5381.1407,-1956.8138,57.00911976,-781.8869000000004,-1899.80468024,-2681.6915802400003
188,390.7397,976.0549,1686.9592,0.0,0.0,0.0,-968.7047,-8775.1013,487.5224,5405.8573,-1908.6007,57.837414239999994,-796.6725000000006,-1850.76328576,-2647.4357857600007
189,425.7363,1017.2769,1678.4822,0.0,0.0,0.0,-947.1596,-8731.309,467.9814,5383.2804,-1961.7028,58.75749576,-705.7114000000001,-1902.94530424,-2608.65670424
190,394.019,997.0252,1665.2192,0.0,0.0,0.0,-948.4586,-8739.0647,482.4575,5360.7606,-1919.8907,57.24760679999999,-788.0418000000009,-1862.6430931999998,-2650.6848932000007
191,378.6044,1012.6481,1681.8563,0.0,0.0,0.0,-961.1397,-8640.3139,481.7879,5361.2834,-2009.1711,58.114288079999994,-685.2734999999984,-1951.05681192,-2636.3303119199986
192,388.7029,1033.3496,1676.3542,0.0,0.0,0.0,-968.3156,-8681.5426,495.1432,5353.0817,-1948.1291,56.85451776,-703.2266000000009,-1891.2745822400002,-2594.501182240001
193,400.1605,975.3218,1700.1274,0.0,0.0,0.0,-967.4303,-8758.4731,470.4345,5398.0431,-1937.6878,57.018559679999996,-781.8160999999991,-1880.66924032,-2662.4853403199986
194,400.561,1004.8802,1696.513,0.0,0.0,0.0,-966.9895,-8761.3943,475.6736,5368.9792,-1882.617,56.93970672,-781.7767999999996,-1825.67729328,-2607.45409328
195,388.3522,1025.368,1682.0745,0.0,0.0,0.0,-949.4248,-8815.7293,485.8375,5343.7472,-1823.1463,56.71203408,-839.7747000000018,-1766.4342659200001,-2606.208965920002
196,414.7555,1040.2942,1666.0858,0.0,0.0,0.0,-990.4055,-8766.271,467.5641,5334.2405,-1846.049,55.118975039999995,-833.7364000000007,-1790.93002496,-2624.6664249600008
197,427.4233,1015.5887,1695.3388,0.0,0.0,0.0,-954.0031,-8866.7995,476.4724,5352.8686,-1781.8716,54.82937088,-853.1107999999995,-1727.04222912,-2580.1530291199992
198,419.4867,1033.721,1688.2015,0.0,0.0,0.0,-984.3668,-8729.8425,489.1227,5351.5739,-1879.6065,56.74097592,-732.1035000000002,-1822.8655240800001,-2554.96902408
199,386.259,978.3169,1676.3329,0.0,0.0,0.0,-929.042,-8805.8378,479.7,5353.2914,-1846.5861,56.41083576,-860.9795999999997,-1790.17526424,-2651.15486424
200,396.8035,990.53,1675.6427,0.0,0.0,0.0,-955.9259,-8736.7217,477.8901,5324.1109,-1860.892,58.41420264,-827.6704000000009,-1802.47779736,-2630.1481973600007
201,387.1582,1071.7874,1684.1193,0.0,0.0,0.0,-973.0009,-8798.7598,472.4795,5356.8408,-1835.0932,57.57771816,-799.3754999999992,-1777.5154818400001,-2576.8909818399993
202,359.6365,1014.6064,1668.0105,0.0,0.0,0.0,-954.0079,-8909.8242,452.2933,5359.728,-1767.5014,55.97906688,-1009.5573999999988,-1711.5223331200002,-2721.0797331199988
203,399.3763,974.4341,1689.1929,0.0,0.0,0.0,-972.2991,-8964.2452,488.2906,5422.046,-1743.9593,54.87250608,-963.2043999999987,-1689.08679392,-2652.2911939199985
204,381.4699,1045.5473,1672.7115,0.0,0.0,0.0,-954.6287,-8895.5042,468.6842,5370.3276,-1758.623,55.22846688,-911.3924000000006,-1703.39453312,-2614.786933120001
205,379.5212,998.8109,1707.1443,0.0,0.0,0.0,-963.4696,-8945.2035,474.0947,5462.9293,-1843.0982,58.196970719999996,-886.1727000000001,-1784.9012292799998,-2671.07392928
206,413.4555,1037.3759,1685.7732,0.0,0.0,0.0,-950.8694,-8768.6657,466.4907,5341.6204,-1895.0115,57.798041039999994,-774.8193999999994,-1837.21345896,-2612.0328589599994
207,412.5763,1029.4612,1687.503,0.0,0.0,0.0,-945.9053,-8881.4682,483.1655,5377.3692,-1828.8054,58.103406719999995,-837.2982999999986,-1770.70199328,-2608.000293279999
208,390.5539,1061.6614,1684.8529,0.0,0.0,0.0,-953.8523,-8834.0658,475.0514,5395.2739,-1840.4761,57.871183679999994,-780.5246000000006,-1782.60491632,-2563.1295163200007
209,401.8951,1014.615,1697.4145,0.0,0.0,0.0,-975.4432,-8888.8631,476.9697,5302.9837,-1742.3189,55.8199764,-970.4283000000005,-1686.4989236,-2656.9272236000006
210,370.0079,1033.1906,1707.1198,0.0,0.0,0.0,-962.9615,-8928.6943,471.0823,5387.6765,-1784.8631,55.91986128,-922.5787,-1728.94323872,-2651.52193872
211,401.547,999.0737,1694.0615,0.0,0.0,0.0,-968.5913,-8994.9466,473.8103,5394.905,-1714.2483,54.179860319999996,-1000.1403999999993,-1660.06843968,-2660.2088396799995
212,359.6427,1041.0283,1709.739,0.0,0.0,0.0,-950.4479,-8940.6963,474.6159,5388.7336,-1765.8519,56.08099368,-917.3847000000005,-1709.77090632,-2627.15560632
213,367.7197,1008.4064,1699.8185,0.0,0.0,0.0,-927.6245,-8948.397,478.6767,5394.9535,-1780.8045,58.00417272,-926.4467000000013,-1722.80032728,-2649.2470272800015
214,362.503,1034.1705,1704.1422,0.0,0.0,0.0,-966.8147,-8871.0552,483.5886,5368.9761,-1821.6809,56.69328744,-884.4895000000006,-1764.9876125600001,-2649.477112560001
215,379.1713,1028.0685,1675.6336,0.0,0.0,0.0,-931.5758,-8857.2645,482.8224,5385.4233,-1813.1843,57.19047408,-837.721199999999,-1755.9938259199998,-2593.715025919999
216,419.3451,1011.166,1715.8405,0.0,0.0,0.0,-945.8569,-8878.2787,470.2325,5352.2225,-1800.4856,55.90246895999999,-855.3290000000006,-1744.58313104,-2599.9121310400005
217,373.5621,1006.6679,1705.4724,0.0,0.0,0.0,-963.3501,-8898.1712,486.596,5409.0017,-1806.7388,55.970629200000005,-880.2212000000009,-1750.7681708,-2630.989370800001
218,391.4022,1020.5348,1716.646,0.0,0.0,0.0,-943.4482,-8877.8848,451.903,5443.2476,-1872.4842,59.549543279999995,-797.5994000000001,-1812.93465672,-2610.53405672
219,397.5156,1058.1502,1663.3082,0.0,0.0,0.0,-974.9985,-8877.3738,460.9941,5413.7167,-1802.5318,55.90858248,-858.6874999999991,-1746.62321752,-2605.310717519999
220,378.5802,1023.8928,1678.2111,0.0,0.0,0.0,-968.6352,-8787.4627,480.7932,5380.2619,-1861.6229,55.84411296,-814.3586999999998,-1805.77878704,-2620.13748704
221,374.4845,1041.3718,1671.138,0.0,0.0,0.0,-996.9088,-8840.0405,487.2001,5357.2933,-1768.3996,56.052709199999995,-905.4615999999996,-1712.3468908,-2617.808490799999
222,390.4353,1020.5963,1671.4716,0.0,0.0,0.0,-963.3983,-8771.5482,463.0371,5368.0294,-1883.7155,56.452641119999996,-821.3767999999991,-1827.26285888,-2648.6396588799994
223,392.5145,1023.5548,1692.2809,0.0,0.0,0.0,-977.3116,-8793.3617,487.3057,5364.8136,-1835.5392,55.49434632,-810.2037999999993,-1780.04485368,-2590.2486536799993
224,387.2785,1039.4327,1677.9143,0.0,0.0,0.0,-938.0071,-8714.9931,460.4198,5340.6137,-1931.1797,56.556275039999996,-747.3411999999998,-1874.62342496,-2621.9646249599996
225,429.8302,1030.4286,1682.8146,0.0,0.0,0.0,-962.115,-8683.4232,458.5432,5379.7425,-1974.5443,55.7133012,-664.1790999999985,-1918.8309988,-2583.0100987999986
226,400.6223,1025.7872,1648.9202,0.0,0.0,0.0,-952.7007,-8773.0807,479.5666,5408.6313,-1922.6685,56.89326456,-762.2537999999995,-1865.77523544,-2628.0290354399995
227,389.0363,1019.0813,1705.3845,0.0,0.0,0.0,-977.1341,-8682.809,470.3333,5387.5693,-1978.281,56.29794624,-688.5383999999995,-1921.9830537599998,-2610.5214537599995
228,364.2208,989.4753,1693.1849,0.0,0.0,0.0,-973.7954,-8732.6961,486.3494,5428.6008,-1961.8166,56.65622904,-744.6602999999986,-1905.1603709600001,-2649.8206709599986
229,398.4499,1034.1143,1698.4063,0.0,0.0,0.0,-983.2008,-8798.9515,464.3776,5407.4966,-1916.5708,57.448523519999995,-779.3075999999983,-1859.12227648,-2638.4298764799983
230,362.9305,1027.9713,1680.6802,0.0,0.0,0.0,-958.6324,-8834.4159,484.7452,5383.8829,-1849.4139,57.177527039999994,-852.8382000000001,-1792.23637296,-2645.0745729600003
231,402.4235,982.0444,1675.4635,0.0,0.0,0.0,-976.774,-8848.7563,475.757,5390.8114,-1831.129,55.38169584,-899.0304999999998,-1775.7473041599999,-2674.77780416
232,415.1551,986.4488,1692.8072,0.0,0.0,0.0,-1000.695,-8880.2,455.0238,5385.3212,-1804.7566,56.08944072,-946.1389000000008,-1748.6671592799999,-2694.8060592800007
233,430.4371,1009.6812,1688.6078,0.0,0.0,0.0,-959.7597,-8895.3794,466.2827,5375.0437,-1774.5995,53.77886856,-885.0866000000005,-1720.82063144,-2605.907231440001
234,385.071,986.7071,1710.2702,0.0,0.0,0.0,-991.6294,-8902.3251,478.7902,5373.4477,-1746.7357,53.903404079999994,-959.6683000000003,-1692.83229592,-2652.5005959200003
235,375.153,1023.5257,1684.2417,0.0,0.0,0.0,-947.1999,-8918.1757,492.3053,5390.0476,-1787.5959,55.48370256,-900.1023000000005,-1732.11219744,-2632.2144974400007
236,420.5444,1042.7271,1708.06,0.0,0.0,0.0,-974.6942,-8860.7499,479.8387,5391.2814,-1828.8892,56.80003463999999,-792.9925000000003,-1772.0891653600002,-2565.0816653600004
237,372.66,1050.9129,1689.2372,0.0,0.0,0.0,-978.0505,-8923.1712,476.2687,5396.8883,-1745.229,55.48877424,-915.2546000000011,-1689.7402257600002,-2604.9948257600013
238,387.4616,1076.9215,1699.8522,0.0,0.0,0.0,-944.7036,-8936.3371,468.6632,5441.5951,-1805.525,57.9152304,-806.5471000000007,-1747.6097696000002,-2554.156869600001
239,396.7663,1011.7062,1690.6079,0.0,0.0,0.0,-954.1424,-8988.4339,485.6728,5441.28,-1779.0322,55.94962752,-916.5430999999999,-1723.0825724800002,-2639.62567248
240,374.4088,1025.278,1664.2907,0.0,0.0,0.0,-967.022,-8869.5086,481.9512,5433.2822,-1849.6139,57.549612239999995,-857.3197,-1792.06428776,-2649.3839877600003
241,377.1368,1010.3454,1692.7111,0.0,0.0,0.0,-959.1588,-8945.7248,501.7624,5434.7811,-1768.1335,55.88014464,-888.1468000000004,-1712.25335536,-2600.4001553600006
242,385.5841,973.1747,1686.4933,0.0,0.0,0.0,-961.9957,-8912.2239,496.8226,5427.0366,-1792.7875,56.95989408,-905.1082999999999,-1735.82760592,-2640.9359059199996
243,373.4913,1029.4768,1671.4893,0.0,0.0,0.0,-947.8943,-8968.1464,487.0665,5407.9789,-1731.2468,54.376416719999995,-946.5378999999994,-1676.87038328,-2623.408283279999
244,365.7543,1002.3307,1689.4109,0.0,0.0,0.0,-955.2589,-8951.9947,474.7669,5403.4785,-1733.2621,53.77116384,-971.5122999999994,-1679.4909361599998,-2651.0032361599992
245,373.7772,984.5379,1693.0686,0.0,0.0,0.0,-947.6387,-9105.0422,477.5551,5445.0223,-1673.2145,55.66279752,-1078.7197999999999,-1617.5517024800001,-2696.27150248
246,373.4467,1030.091,1710.7965,0.0,0.0,0.0,-927.7219,-8936.7907,470.5431,5371.6461,-1774.0128,56.164317839999995,-907.9892,-1717.84848216,-2625.83768216
247,376.3028,1059.8296,1668.8174,0.0,0.0,0.0,-973.2811,-8827.0783,461.2972,5344.6841,-1816.6693,54.90537768,-889.4282999999987,-1761.7639223200001,-2651.1922223199986
248,389.2003,1050.8845,1680.3363,0.0,0.0,0.0,-951.9565,-8933.182,481.8111,5386.0781,-1778.4878,55.767944879999995,-896.8282000000017,-1722.7198551200001,-2619.5480551200017
249,393.4592,1023.9359,1684.1548,0.0,0.0,0.0,-959.0915,-9018.2363,485.752,5403.9969,-1672.7785,54.84157128,-986.0290000000005,-1617.93692872,-2603.96592872
250,405.789,1015.2998,1687.6061,0.0,0.0,0.0,-949.1517,-8844.0307,466.6513,5369.7013,-1814.5808,57.33059832,-848.1349,-1757.25020168,-2605.38510168
251,375.5926,1034.8195,1706.4279,0.0,0.0,0.0,-992.0921,-8950.1388,460.9099,5390.0805,-1722.344,55.57779,-974.4005000000006,-1666.76621,-2641.166710000001
252,384.5707,1010.985,1681.274,0.0,0.0,0.0,-954.5796,-8875.8668,459.5281,5338.0378,-1772.9214,56.53646136,-956.0508000000009,-1716.38493864,-2672.435738640001
253,394.4921,1019.5375,1687.0628,0.0,0.0,0.0,-976.8632,-8825.5099,477.608,5366.5195,-1829.9841,56.5475868,-857.1531999999988,-1773.4365131999998,-2630.5897131999986
254,358.7614,1022.8022,1700.3728,0.0,0.0,0.0,-957.4066,-9035.6511,473.8544,5385.59,-1647.1323,55.98444312,-1051.6768999999986,-1591.14785688,-2642.824756879999
255,410.9472,1035.5951,1692.3857,0.0,0.0,0.0,-963.2429,-9058.3491,468.0179,5371.7027,-1628.9134,53.93852208,-1042.9434,-1574.97487792,-2617.91827792
256,393.0704,1025.2057,1697.8589,0.0,0.0,0.0,-989.6082,-8960.0983,470.1873,5405.3105,-1743.5855,52.72709472,-958.0737000000008,-1690.85840528,-2648.932105280001
257,405.8308,1046.8074,1686.4479,0.0,0.0,0.0,-957.1917,-8871.6488,468.7808,5368.1499,-1806.2699,55.787065919999996,-852.8237000000008,-1750.48283408,-2603.3065340800013
258,398.7221,1027.9418,1685.0092,0.0,0.0,0.0,-961.4268,-8870.8296,467.98,5370.4497,-1795.7492,56.743930799999994,-882.1535999999987,-1739.0052692,-2621.158869199999
259,378.1355,1009.668,1671.7281,0.0,0.0,0.0,-960.1603,-9110.8048,480.5865,5442.4854,-1645.9474,53.96828328,-1088.3615999999993,-1591.97911672,-2680.3407167199994
260,386.9597,1040.461,1712.4335,0.0,0.0,0.0,-960.9859,-9001.7589,452.7452,5387.4127,-1690.8876,55.61355816,-982.7327000000005,-1635.27404184,-2618.0067418400004
261,371.5845,1061.1098,1714.8584,0.0,0.0,0.0,-956.183,-8953.9852,489.3627,5396.3968,-1700.0452,55.2514572,-876.8559999999989,-1644.7937428,-2521.649742799999
262,389.6285,996.0052,1686.3373,0.0,0.0,0.0,-945.512,-9081.5868,467.3968,5423.1768,-1631.7288,56.711946239999996,-1064.5541999999996,-1575.01685376,-2639.5710537599994
263,378.5659,1037.6204,1697.563,0.0,0.0,0.0,-959.6101,-9110.9108,476.6082,5399.6262,-1630.3848,56.53927152,-1080.5371999999998,-1573.84552848,-2654.3827284799995
264,374.3474,1016.39,1683.0813,0.0,0.0,0.0,-946.6093,-9005.9485,491.0897,5421.5223,-1703.7263,55.952817839999994,-966.1271000000006,-1647.77348216,-2613.900582160001
265,385.666,998.2677,1708.4894,0.0,0.0,0.0,-937.0406,-8922.3051,480.8882,5400.0058,-1779.0625,57.40378488,-886.0285999999996,-1721.65871512,-2607.6873151199998
266,395.8751,1017.0604,1688.7211,0.0,0.0,0.0,-955.0624,-8920.5039,478.8939,5381.6862,-1738.7505,55.40486616,-913.3295999999991,-1683.3456338400001,-2596.6752338399992
267,387.2119,1024.4587,1670.9998,0.0,0.0,0.0,-959.41,-8783.7288,466.1524,5317.4892,-1797.4163,56.616189119999994,-876.8268000000007,-1740.8001108800001,-2617.6269108800007
268,391.6655,1021.5995,1676.7639,0.0,0.0,0.0,-942.6577,-8870.7446,459.8813,5326.7008,-1740.6659,57.21648048,-936.7912999999999,-1683.44941952,-2620.24071952
269,396.5093,1000.4142,1689.2847,0.0,0.0,0.0,-974.5913,-9032.5842,487.0742,5413.0285,-1664.2793,54.821070719999994,-1020.864599999999,-1609.4582292799998,-2630.322829279999
270,390.6512,1052.2578,1698.1679,0.0,0.0,0.0,-935.7174,-8945.9936,481.9356,5367.4173,-1737.0813,57.293933759999994,-891.2811999999994,-1679.78736624,-2571.068566239999
271,380.0415,1032.6525,1677.5299,0.0,0.0,0.0,-968.1541,-8920.4448,471.5081,5364.332,-1766.4767,57.20627304,-962.5348999999987,-1709.27042696,-2671.805326959999
272,383.621,1001.0349,1691.2024,0.0,0.0,0.0,-958.4337,-8897.2697,468.0646,5362.9681,-1760.4924,55.48598568,-948.8124000000007,-1705.0064143200002,-2653.818814320001
273,388.3597,1036.7328,1693.0446,0.0,0.0,0.0,-947.083,-8947.5468,486.593,5361.1831,-1705.8177,55.793175839999996,-928.7166000000007,-1650.02452416,-2578.7411241600007
274,377.1099,1003.1196,1697.3238,0.0,0.0,0.0,-929.6471,-9073.5259,480.9765,5430.4364,-1640.3451,52.8542784,-1014.2068000000017,-1587.4908216,-2601.6976216000016
275,395.7446,1016.5751,1705.3009,0.0,0.0,0.0,-976.9115,-9022.7155,472.8796,5434.4943,-1708.3285,54.10637712,-974.6324999999997,-1654.2221228800001,-2628.8546228799996
276,369.8568,961.6469,1715.8207,0.0,0.0,0.0,-942.3847,-9056.7926,480.4395,5424.1727,-1660.2379,56.699082000000004,-1047.2407000000003,-1603.538818,-2650.7795180000003
277,371.1107,1000.1149,1685.2417,0.0,0.0,0.0,-952.9451,-8947.4763,473.7687,5410.7603,-1740.2476,56.21499,-959.4251000000004,-1684.03261,-2643.45771
278,378.6517,1041.8802,1696.1064,0.0,0.0,0.0,-955.9608,-8937.1441,473.9191,5448.7505,-1800.1648,55.359124560000005,-853.7969999999996,-1744.80567544,-2598.6026754399995
279,387.0234,1032.5679,1704.8309,0.0,0.0,0.0,-969.2656,-8873.1272,483.9033,5383.5854,-1800.2874,55.81772928,-850.4819000000007,-1744.4696707199998,-2594.9515707200007
280,397.2737,1005.964,1660.9498,0.0,0.0,0.0,-930.9554,-8900.8363,474.3045,5428.7456,-1813.0157,56.99469816,-864.5541000000003,-1756.0210018399998,-2620.57510184
281,383.4628,1075.5328,1698.3216,0.0,0.0,0.0,-967.6976,-8899.9618,466.5987,5381.1686,-1758.62,57.160136879999996,-862.5748999999987,-1701.45986312,-2564.0347631199984
282,391.9142,1031.6068,1679.9483,0.0,0.0,0.0,-962.0214,-8894.648,476.9109,5387.1857,-1803.7098,57.55992336,-889.1035000000002,-1746.14987664,-2635.25337664
283,371.1745,1004.1618,1684.8514,0.0,0.0,0.0,-969.3366,-8990.8791,471.9215,5411.385,-1689.9282,55.188678239999994,-1016.7214999999997,-1634.7395217600001,-2651.4610217599998
284,396.0365,1028.9398,1696.4897,0.0,0.0,0.0,-987.5822,-8908.2099,465.9115,5374.179,-1724.8068,53.467727759999995,-934.2355999999991,-1671.3390722400002,-2605.5746722399995
285,384.0085,1033.8645,1688.9473,0.0,0.0,0.0,-963.0334,-8890.03,477.2923,5417.2556,-1804.738,56.3035788,-851.6952000000001,-1748.4344212,-2600.1296212
286,397.0897,1035.1666,1691.9276,0.0,0.0,0.0,-962.2189,-8913.2683,466.6154,5335.726,-1735.9282,57.374719920000004,-948.9619000000002,-1678.55348008,-2627.5153800800003
287,386.7906,995.0998,1717.4001,0.0,0.0,0.0,-974.7104,-8899.6476,486.9695,5399.4415,-1763.855,56.3456556,-888.6565,-1707.5093444,-2596.1658444
288,379.0625,1012.5473,1683.4953,0.0,0.0,0.0,-971.7677,-8972.4463,473.2136,5379.2427,-1667.7487,55.50092064,-1016.6525999999994,-1612.24777936,-2628.9003793599995
289,383.8014,975.3904,1689.4835,0.0,0.0,0.0,-986.4254,-8951.5832,470.1778,5392.8623,-1722.5088,54.378611279999994,-1026.2931999999992,-1668.13018872,-2694.4233887199994
290,385.4034,974.7541,1689.4514,0.0,0.0,0.0,-992.6708,-9040.403,478.0117,5399.8749,-1622.7151,55.31157648,-1105.5783000000001,-1567.40352352,-2672.98182352
291,397.1323,1025.19,1691.389,0.0,0.0,0.0,-974.0023,-8947.9618,473.4589,5377.5733,-1707.5673,55.56799152,-957.2205999999996,-1651.9993084799999,-2609.2199084799995
292,377.4855,1029.0995,1696.7408,0.0,0.0,0.0,-955.6242,-8913.4144,474.3892,5353.9242,-1738.5575,55.66399704,-937.3993999999993,-1682.89350296,-2620.292902959999
293,383.2501,1073.4757,1705.8519,0.0,0.0,0.0,-959.1724,-8981.1017,481.2685,5389.7583,-1728.4915,55.86799536,-906.6695999999984,-1672.6235046400002,-2579.2931046399985
294,373.8957,1018.4775,1693.3619,0.0,0.0,0.0,-936.107,-8935.7754,485.7328,5404.0001,-1764.4981,58.75811352,-896.4144000000006,-1705.73998648,-2602.1543864800005
295,399.0188,1042.0371,1713.5089,0.0,0.0,0.0,-970.169,-8922.1435,459.659,5391.7472,-1758.8959,55.90497816,-886.3415000000005,-1702.99092184,-2589.3324218400003
296,370.1443,999.8753,1682.7042,0.0,0.0,0.0,-983.3582,-8918.4154,478.3338,5425.6239,-1768.9515,55.568145599999994,-945.0921000000008,-1713.3833544,-2658.4754544000007
297,376.3674,1003.7177,1674.0642,0.0,0.0,0.0,-930.0881,-8936.0553,472.2791,5360.634,-1739.3284,58.083785999999996,-979.0810000000001,-1681.2446140000002,-2660.3256140000003
298,371.361,1026.7482,1690.0268,0.0,0.0,0.0,-969.6215,-8903.4821,473.8521,5348.1262,-1752.6755,57.671242559999996,-962.9892999999993,-1695.00425744,-2657.9935574399997
299,364.3849,1000.5158,1699.9388,0.0,0.0,0.0,-987.3411,-8868.5794,476.455,5398.9999,-1783.8726,56.487936239999996,-915.6261000000004,-1727.38466376,-2643.01076376
300,380.3531,999.9157,1678.4476,0.0,0.0,0.0,-973.834,-8958.6882,478.5465,5383.6144,-1717.1039,56.930693039999994,-1011.6448999999993,-1660.17320696,-2671.8181069599996
301,376.8819,1025.4937,1677.5249,0.0,0.0,0.0,-965.7076,-8930.1067,472.477,5398.6743,-1766.354,57.30392016,-944.7625000000007,-1709.05007984,-2653.812579840001
302,389.6348,1063.5107,1675.4101,0.0,0.0,0.0,-971.7931,-8922.511,461.3882,5345.6618,-1729.9382,56.57490576,-958.6984999999995,-1673.36329424,-2632.0617942399995
303,374.0948,1001.0333,1667.8031,0.0,0.0,0.0,-967.9808,-8941.5488,481.8147,5345.7556,-1676.747,56.55113856,-1039.0281000000004,-1620.19586144,-2659.223961440001
304,380.5202,1007.6036,1698.6281,0.0,0.0,0.0,-953.8636,-8988.989,468.8425,5365.2076,-1681.2826,55.464757920000004,-1022.0505999999996,-1625.81784208,-2647.8684420799996
305,417.2979,1044.4996,1673.3718,0.0,0.0,0.0,-955.1117,-9036.8446,462.2862,5323.5654,-1617.2757,55.98685728,-1070.9353999999994,-1561.2888427199998,-2632.2242427199994
306,402.5599,1022.8239,1681.6675,0.0,0.0,0.0,-950.0409,-9038.7881,463.8427,5332.6692,-1599.0524,55.885932000000004,-1085.2657999999992,-1543.1664680000001,-2628.432267999999
307,395.7992,1033.2373,1660.9534,0.0,0.0,0.0,-954.4455,-9019.3091,462.9713,5345.6397,-1625.9288,58.40155368,-1075.1537000000008,-1567.52724632,-2642.6809463200007
308,397.7025,1044.5041,1668.8569,0.0,0.0,0.0,-952.0843,-8897.7149,469.3354,5314.3005,-1717.056,56.75206032,-955.0998000000009,-1660.30393968,-2615.403739680001
309,400.5214,1046.7182,1690.4587,0.0,0.0,0.0,-983.1464,-8859.5882,471.1575,5348.1931,-1755.3638,56.000469599999995,-885.6856999999991,-1699.3633304,-2585.049030399999
310,392.1557,1051.5916,1664.0194,0.0,0.0,0.0,-971.6062,-8901.877,462.2756,5353.6596,-1729.9692,55.49501808,-949.7813000000006,-1674.47418192,-2624.2554819200004
311,384.9917,966.3334,1676.9596,0.0,0.0,0.0,-961.7218,-8943.1195,493.2403,5393.2814,-1715.1459,55.863847439999994,-990.0349000000006,-1659.28205256,-2649.3169525600006
312,386.2509,1012.3382,1648.4643,0.0,0.0,0.0,-965.4462,-8979.8418,465.3031,5382.4678,-1710.7469,55.65306312,-1050.4636999999993,-1655.09383688,-2705.5575368799996
313,390.3519,1000.6427,1693.949,0.0,0.0,0.0,-954.6206,-8889.5632,478.3219,5380.144,-1789.8465,56.72419272,-900.7743,-1733.12230728,-2633.8966072800004
314,376.1464,1003.3614,1662.6453,0.0,0.0,0.0,-964.3919,-8782.3952,477.5997,5332.3043,-1831.3518,55.500220799999994,-894.7300000000014,-1775.8515791999998,-2670.581579200001
315,383.7144,1036.0095,1674.3588,0.0,0.0,0.0,-970.1937,-8785.6497,465.91,5331.7009,-1842.9975,56.8846044,-864.1498000000001,-1786.1128956,-2650.2626956
316,402.88,1028.2486,1695.9622,0.0,0.0,0.0,-966.7285,-8755.0652,475.847,5352.3289,-1874.1706,56.797100640000004,-766.5269999999991,-1817.3734993599999,-2583.9004993599992
317,361.8693,1030.6808,1681.6591,0.0,0.0,0.0,-968.5929,-8763.4017,471.2605,5374.4224,-1893.9961,56.73377807999999,-812.1025,-1837.26232192,-2649.3648219200004
318,366.1995,1073.976,1713.0185,0.0,0.0,0.0,-960.8616,-8816.1224,474.6315,5376.3805,-1830.457,55.67247648,-772.7779999999993,-1774.7845235200002,-2547.5625235199996
319,390.5319,1018.7903,1675.7249,0.0,0.0,0.0,-959.4002,-8839.4833,483.2628,5360.7177,-1843.6271,57.675423599999995,-869.8558999999996,-1785.9516764,-2655.807576399999
320,385.4826,1057.2716,1708.9128,0.0,0.0,0.0,-984.1457,-8969.3334,473.223,5415.7835,-1750.0289,54.58965336,-912.8055999999997,-1695.43924664,-2608.24484664
321,411.0228,1025.628,1697.1255,0.0,0.0,0.0,-991.7877,-9013.7895,466.2167,5431.5418,-1662.4578,51.60273696,-974.0424000000003,-1610.85506304,-2584.8974630400003
322,415.755,997.4592,1700.1023,0.0,0.0,0.0,-982.7012,-8989.0496,485.0588,5375.329,-1664.3076,53.96247072,-998.0465000000013,-1610.34512928,-2608.3916292800013
323,394.7685,1028.8518,1683.6888,0.0,0.0,0.0,-978.8719,-9001.0734,478.9942,5423.5304,-1726.5692,53.8107408,-970.1115999999993,-1672.7584591999998,-2642.870059199999
324,399.9182,1014.7353,1702.4791,0.0,0.0,0.0,-947.0991,-8980.8661,458.4978,5346.7082,-1687.3204,54.34868736,-1005.6265999999996,-1632.97171264,-2638.5983126399997
325,394.57,984.2076,1686.1014,0.0,0.0,0.0,-961.8442,-8859.0292,471.5305,5373.0451,-1798.4132,54.26150976,-911.4188000000013,-1744.1516902399999,-2655.570490240001
326,378.0653,1018.2607,1695.0428,0.0,0.0,0.0,-965.5018,-8878.0386,471.6645,5337.2774,-1789.243,54.221021279999995,-943.2296999999999,-1735.0219787199999,-2678.2516787199997
327,381.3563,1036.3604,1661.5606,0.0,0.0,0.0,-955.0857,-8937.3571,486.9394,5401.5933,-1753.6014,55.3806468,-924.6327999999985,-1698.2207532,-2622.8535531999987
328,366.1209,1083.4693,1704.5998,0.0,0.0,0.0,-967.9347,-8893.1941,467.7767,5372.993,-1766.74,54.1919628,-866.1691000000001,-1712.5480372,-2578.7171372
329,393.8186,1066.5622,1684.1788,0.0,0.0,0.0,-983.9612,-8963.1807,473.2784,5368.2915,-1710.3748,55.30275072,-961.0124000000005,-1655.07204928,-2616.0844492800006
330,393.7834,1083.116,1697.988,0.0,0.0,0.0,-975.435,-8918.9952,474.8998,5376.4628,-1747.5021,53.30357351999999,-868.1801999999989,-1694.1985264799998,-2562.3787264799985
331,363.6699,1023.9331,1726.8909,0.0,0.0,0.0,-984.8665,-8904.1906,480.3132,5387.1599,-1764.5482,53.21002104,-907.0901000000003,-1711.33817896,-2618.4282789600006
332,401.0096,1054.8115,1693.6544,0.0,0.0,0.0,-968.8654,-8903.3034,471.047,5365.1813,-1754.0945,54.128509199999996,-886.4650000000001,-1699.9659907999999,-2586.4309908000005
333,392.0053,1049.5131,1692.2719,0.0,0.0,0.0,-993.6311,-8918.0022,478.6903,5404.6641,-1759.7924,52.76846304,-894.4886000000006,-1707.0239369600001,-2601.512536960001
334,436.3352,1060.3112,1701.1272,0.0,0.0,0.0,-964.8342,-8974.2684,484.6279,5359.16,-1692.7219,53.18974296,-897.5411000000004,-1639.53215704,-2537.0732570400005
335,384.5132,1028.4569,1646.3694,0.0,0.0,0.0,-966.18,-8817.7829,474.0664,5354.1379,-1847.0491,54.640660319999995,-896.419100000001,-1792.40843968,-2688.8275396800013
336,402.095,1018.5231,1679.959,0.0,0.0,0.0,-986.4187,-8927.4551,467.512,5363.8917,-1690.5212,52.21049111999999,-981.8929999999991,-1638.31070888,-2620.2037088799993
337,383.1632,1009.2876,1675.4967,0.0,0.0,0.0,-966.8715,-8867.6826,479.6511,5364.0683,-1790.4476,55.964861279999994,-922.8872000000001,-1734.48273872,-2657.36993872
338,377.8932,1010.5373,1670.7378,0.0,0.0,0.0,-989.9537,-8850.9831,478.8822,5372.9109,-1787.6246,53.69731416,-929.9753999999994,-1733.9272858400002,-2663.9026858399993
339,434.8013,1031.4769,1681.2126,0.0,0.0,0.0,-964.2004,-8910.3746,471.9554,5299.7156,-1695.217,52.20552384,-955.413199999999,-1643.01147616,-2598.4246761599993
340,380.2376,1053.1867,1670.6443,0.0,0.0,0.0,-983.7787,-8970.3692,478.986,5345.2923,-1675.8473,53.6380452,-1025.8009999999995,-1622.2092547999998,-2648.0102547999995
341,404.4834,1000.0974,1686.7875,0.0,0.0,0.0,-974.2758,-8856.5895,471.3842,5369.5663,-1786.5673,54.725793839999994,-898.5464999999986,-1731.8415061599999,-2630.3880061599984
342,398.4785,1003.5996,1682.1331,0.0,0.0,0.0,-1006.0226,-8785.1284,470.2005,5343.051,-1832.3646,55.8002736,-893.6882999999998,-1776.5643264,-2670.2526264
343,420.7551,1008.0057,1696.8226,0.0,0.0,0.0,-974.6241,-8729.1416,473.8663,5315.6799,-1866.8725,54.378180719999996,-788.6361000000006,-1812.49431928,-2601.1304192800008
344,380.5037,1033.2073,1700.0312,0.0,0.0,0.0,-966.4948,-8950.6976,454.1843,5349.596,-1698.3271,54.55450944,-999.6698999999999,-1643.77259056,-2643.44249056
345,377.9279,1019.1424,1683.8169,0.0,0.0,0.0,-982.1942,-8815.2857,484.7132,5364.9416,-1825.2637,55.1173716,-866.9378999999999,-1770.1463284,-2637.0842284
346,385.9235,1049.764,1708.1204,0.0,0.0,0.0,-948.5692,-8956.9248,488.5084,5351.0784,-1709.1421,53.130585599999996,-922.0993000000008,-1656.0115144000001,-2578.110814400001
347,385.7672,1023.0801,1676.7209,0.0,0.0,0.0,-972.8918,-8958.1726,493.9232,5340.1891,-1680.3888,52.5643704,-1011.3838999999998,-1627.8244296,-2639.2083295999996
348,370.6086,1074.688,1712.7104,0.0,0.0,0.0,-975.1673,-9018.991,467.2466,5359.339,-1651.0801,53.820632880000005,-1009.5656999999992,-1597.25946712,-2606.825167119999
349,389.263,1031.2014,1705.6743,0.0,0.0,0.0,-987.5608,-8870.1972,500.0951,5349.9906,-1761.2763,53.75697048,-881.5336000000016,-1707.51932952,-2589.0529295200017
350,412.5213,1021.2517,1676.7463,0.0,0.0,0.0,-929.6538,-8977.9686,474.7842,5358.5783,-1694.9892,54.29950848,-963.7406000000001,-1640.68969152,-2604.43029152
351,392.9949,1000.7522,1687.8028,0.0,0.0,0.0,-992.6556,-8857.8091,465.2641,5355.2468,-1764.4083,54.185070960000004,-948.4039000000002,-1710.22322904,-2658.6271290400005
352,367.949,1015.4622,1701.2927,0.0,0.0,0.0,-976.0083,-9019.2861,481.0548,5410.3728,-1687.5647,54.04689576,-1019.1628999999994,-1633.5178042399998,-2652.680704239999
353,373.1955,1011.6312,1682.0995,0.0,0.0,0.0,-955.9396,-9018.968,478.2695,5380.8782,-1681.237,54.014053679999996,-1048.8337000000001,-1627.2229463200001,-2676.0566463200003
354,377.4082,1004.4032,1677.8749,0.0,0.0,0.0,-982.9689,-8963.6134,467.288,5343.1189,-1669.3704,53.2867644,-1076.4890999999998,-1616.0836356,-2692.5727355999998
355,382.3604,982.7166,1677.0565,0.0,0.0,0.0,-964.8147,-8987.1299,478.0876,5367.8532,-1675.7769,54.21893616,-1063.8703000000005,-1621.55796384,-2685.4282638400005
356,392.5352,1055.8786,1695.6017,0.0,0.0,0.0,-948.7501,-9038.9748,468.323,5342.4534,-1635.0954,51.503940719999996,-1032.932999999999,-1583.59145928,-2616.524459279999
357,367.348,995.8134,1689.2499,0.0,0.0,0.0,-976.8172,-9005.2729,485.0954,5389.4859,-1693.7363,53.789839199999996,-1055.0974999999999,-1639.9464608,-2695.0439607999997
358,399.6941,1007.339,1691.2434,0.0,0.0,0.0,-966.5215,-8910.5767,473.3802,5361.1389,-1761.7705,54.40913424,-944.3026,-1707.3613657600001,-2651.66396576
359,396.8134,1013.6605,1674.2287,0.0,0.0,0.0,-957.5806,-9075.6364,484.7728,5372.9392,-1602.8542,54.242254079999995,-1090.8024000000005,-1548.61194592,-2639.4143459200004
360,391.7015,1014.3729,1667.1071,0.0,0.0,0.0,-992.4164,-8813.5638,480.6048,5373.5622,-1822.0111,55.46671848,-878.6316999999999,-1766.54438152,-2645.1760815199996
361,357.8028,974.7649,1675.4676,0.0,0.0,0.0,-960.4951,-8977.8939,484.6711,5366.3787,-1682.347,54.26624303999999,-1079.3038999999999,-1628.08075696,-2707.3846569599996
362,405.3748,1012.4642,1674.1549,0.0,0.0,0.0,-989.3624,-8831.2168,465.8735,5374.3177,-1810.1132,53.86791168,-888.3941000000013,-1756.24528832,-2644.639388320001
363,411.463,1036.1169,1681.3094,0.0,0.0,0.0,-986.3055,-8815.9783,469.6942,5368.8252,-1826.2341,52.83475848,-834.8751000000002,-1773.39934152,-2608.27444152
364,393.9459,1013.8469,1686.588,0.0,0.0,0.0,-993.1874,-8816.1349,464.8649,5330.2582,-1798.8707,55.57830696,-919.8183999999992,-1743.29239304,-2663.110793039999
365,392.8671,1026.2191,1689.3531,0.0,0.0,0.0,-989.0305,-8773.9311,463.2911,5360.5455,-1866.5413,54.780931439999996,-830.6856999999991,-1811.7603685600002,-2642.446068559999
366,408.6509,1012.3175,1697.4819,0.0,0.0,0.0,-960.8156,-8835.7332,475.3922,5444.739,-1890.5664,56.74938552,-757.9673000000003,-1833.81701448,-2591.78431448
367,395.3594,1050.3157,1656.1176,0.0,0.0,0.0,-957.8399,-8706.244,475.7567,5367.2728,-1945.0005,55.68379847999999,-719.2617000000009,-1889.3167015200002,-2608.578401520001
368,375.4085,1015.8233,1705.7628,0.0,0.0,0.0,-951.1431,-8914.9681,468.1993,5432.3177,-1798.5573,55.64548584,-868.5996000000005,-1742.91181416,-2611.51141416
369,399.873,1017.4693,1709.0776,0.0,0.0,0.0,-979.7007,-8935.7776,468.2696,5406.0554,-1753.2537,55.72687248,-914.7334000000001,-1697.52682752,-2612.26022752
370,384.317,1019.7593,1674.8425,0.0,0.0,0.0,-975.6201,-8982.3959,469.8897,5410.5389,-1702.5814,54.93152232,-998.6686,-1647.64987768,-2646.31847768
371,396.8154,1017.3196,1684.9145,0.0,0.0,0.0,-953.9912,-8877.5721,466.4995,5366.5849,-1783.7752,54.781937279999994,-899.4293999999991,-1728.99326272,-2628.422662719999
372,401.8813,1004.7146,1691.4877,0.0,0.0,0.0,-969.9925,-8885.4632,477.4673,5404.7501,-1826.8223,56.82006431999999,-875.1547,-1770.00223568,-2645.15693568
373,367.3176,1003.3915,1693.9309,0.0,0.0,0.0,-954.5036,-8970.6999,474.2283,5405.778,-1733.28,54.40439448,-980.5571999999993,-1678.87560552,-2659.432805519999
374,397.5194,1007.8563,1700.7636,0.0,0.0,0.0,-957.8969,-8981.7852,459.0595,5409.1068,-1735.6107,54.694115999999994,-965.3765000000003,-1680.916584,-2646.2930840000004
375,416.4598,1049.7745,1713.3562,0.0,0.0,0.0,-961.7274,-8871.7582,462.4127,5338.0302,-1772.198,56.27465064,-853.4521999999997,-1715.9233493600002,-2569.37554936
376,397.0428,1040.5094,1699.6656,0.0,0.0,0.0,-974.5003,-9055.5706,489.6846,5410.4999,-1671.0574,54.51051096,-992.6686,-1616.54688904,-2609.2154890399997
377,401.9687,1029.4484,1691.9039,0.0,0.0,0.0,-981.9898,-9106.0811,478.1483,5400.2987,-1595.4051,53.54395992,-1086.3028999999988,-1541.86114008,-2628.164040079999
378,429.9384,1044.6848,1673.156,0.0,0.0,0.0,-964.5452,-8935.6697,460.6084,5354.2539,-1721.1416,52.76144951999999,-937.5734000000002,-1668.3801504799999,-2605.95355048
379,373.699,979.7669,1682.1866,0.0,0.0,0.0,-964.9214,-9092.7639,467.7324,5374.8426,-1586.4115,53.19525024,-1179.4578000000001,-1533.21624976,-2712.6740497600003
380,397.8998,1041.6796,1713.3625,0.0,0.0,0.0,-974.9788,-9135.4872,468.3121,5363.6682,-1536.1324,54.94913496,-1125.5437999999995,-1481.18326504,-2606.7270650399996
381,366.2515,998.1868,1660.1791,0.0,0.0,0.0,-992.928,-9107.0635,471.7719,5420.3153,-1604.0104,53.86126247999999,-1183.2869,-1550.1491375199998,-2733.4360375200004
382,380.8628,1036.8598,1689.5649,0.0,0.0,0.0,-954.2487,-9222.791,488.3696,5400.9515,-1524.9969,52.6801932,-1180.4310999999989,-1472.3167068,-2652.747806799999
383,395.6036,1048.6552,1693.2684,0.0,0.0,0.0,-988.206,-9049.8352,464.921,5427.2703,-1697.972,52.295634719999995,-1008.3226999999997,-1645.67636528,-2653.9990652799993
384,380.928,975.6418,1694.9318,0.0,0.0,0.0,-985.2413,-9040.1355,475.1681,5405.5295,-1676.6275,55.2669228,-1093.177600000001,-1621.3605772,-2714.538177200001
385,385.461,1016.4817,1681.5945,0.0,0.0,0.0,-961.931,-9078.5641,465.0734,5401.7825,-1634.4066,54.70390512,-1090.101999999999,-1579.70269488,-2669.8046948799993
386,414.1563,1024.7062,1710.6016,0.0,0.0,0.0,-951.3039,-8970.2373,487.5591,5361.1352,-1728.3178,56.266362,-923.3828000000003,-1672.051438,-2595.4342380000003
387,372.6216,1070.7955,1679.1858,0.0,0.0,0.0,-942.9283,-8988.0172,478.6877,5410.1497,-1725.5628,56.75853744,-919.5051999999996,-1668.8042625599999,-2588.3094625599992
388,389.935,986.5643,1702.6699,0.0,0.0,0.0,-959.48,-8949.0103,464.4963,5352.9125,-1717.5171,55.038609359999995,-1011.912299999999,-1662.47849064,-2674.390790639999
389,396.3598,985.0088,1674.0166,0.0,0.0,0.0,-977.6022,-8919.0438,469.6559,5364.7364,-1742.5106,54.75428496,-1006.8685000000005,-1687.7563150400001,-2694.6248150400006
390,384.0468,1041.3635,1696.5069,0.0,0.0,0.0,-956.1748,-8948.5994,463.2101,5334.1755,-1702.3868,54.655091999999996,-985.4713999999985,-1647.731708,-2633.203107999999
391,381.8148,1042.0744,1681.0758,0.0,0.0,0.0,-966.8651,-9039.8885,470.8937,5346.5132,-1642.4651,55.64220264,-1084.381699999999,-1586.8228973599998,-2671.204597359999
392,382.4085,1015.2931,1708.9559,0.0,0.0,0.0,-987.498,-8989.9847,470.9965,5357.1689,-1662.8904,55.75321368,-1042.6598000000013,-1607.13718632,-2649.7969863200015
393,362.8474,1027.5927,1699.204,0.0,0.0,0.0,-956.8862,-9009.4181,480.5441,5403.7071,-1700.9371,54.64954224,-992.4090000000015,-1646.28755776,-2638.6965577600017
394,411.2573,976.9983,1679.9075,0.0,0.0,0.0,-951.9857,-8917.2654,468.9813,5383.0547,-1745.8496,57.53392632,-949.0520000000006,-1688.31567368,-2637.3676736800007
395,388.82,1017.5879,1688.0739,0.0,0.0,0.0,-943.8822,-8934.5799,486.1321,5405.678,-1769.0955,56.99186496,-892.1702000000014,-1712.10363504,-2604.2738350400014
396,389.2494,974.7034,1697.4842,0.0,0.0,0.0,-964.7987,-8880.6872,481.023,5380.4156,-1767.0525,54.51492888,-922.6103000000003,-1712.53757112,-2635.14787112
397,396.7416,975.171,1705.8585,0.0,0.0,0.0,-959.5827,-8809.1247,483.6829,5365.4181,-1853.7262,55.10167776,-841.8353000000006,-1798.62452224,-2640.459822240001
398,401.3323,973.5328,1683.0458,0.0,0.0,0.0,-973.1998,-8763.3161,480.712,5349.1158,-1836.0802,56.372835599999995,-848.7772000000004,-1779.7073644000002,-2628.4845644000006
399,381.9203,1016.3915,1663.0905,0.0,0.0,0.0,-981.1445,-8828.1794,469.7104,5347.6771,-1788.7462,55.76846472,-930.5341000000017,-1732.9777352800002,-2663.511835280002
400,389.8404,1002.7131,1664.128,0.0,0.0,0.0,-977.9961,-8860.9731,490.8108,5386.134,-1803.5701,55.0072548,-905.3428999999987,-1748.5628451999999,-2653.905745199999
401,383.0644,1043.6034,1705.1852,0.0,0.0,0.0,-960.8182,-8827.9675,470.6914,5309.3826,-1787.1253,56.58712848,-876.8587000000016,-1730.5381715199999,-2607.3968715200012
402,379.5514,1080.5303,1698.2125,0.0,0.0,0.0,-967.6263,-8815.4334,460.0347,5321.0575,-1786.5022,55.59414192,-843.6732999999995,-1730.9080580799998,-2574.5813580799995
403,384.3523,1058.0434,1668.7595,0.0,0.0,0.0,-973.8062,-8807.4479,464.9672,5317.3265,-1798.656,56.729932559999995,-887.8051999999989,-1741.92606744,-2629.7312674399986
404,374.4658,985.0528,1685.7603,0.0,0.0,0.0,-967.4037,-8911.0332,471.2477,5357.9398,-1719.7799,55.42217208,-1003.9704999999994,-1664.35772792,-2668.3282279199993
405,386.4843,1013.2442,1696.054,0.0,0.0,0.0,-959.6404,-9014.3306,488.686,5410.4503,-1677.3328,54.12750048,-979.0521999999992,-1623.20529952,-2602.2574995199993
406,398.7311,980.7923,1684.004,0.0,0.0,0.0,-942.8829,-8974.4848,473.3338,5328.6477,-1690.0604,57.16633536,-1051.858799999999,-1632.8940646400001,-2684.752864639999
407,390.3199,1005.4209,1690.9084,0.0,0.0,0.0,-965.2072,-8951.013,472.7085,5336.4129,-1702.3536,56.29851144,-1020.4496000000008,-1646.0550885599998,-2666.504688560001
408,374.5811,1033.2271,1654.0581,0.0,0.0,0.0,-964.4307,-8968.8918,484.8654,5355.4062,-1689.8894,57.15717696,-1031.1845999999996,-1632.73222304,-2663.9168230399996
409,408.4809,1048.2794,1656.2589,0.0,0.0,0.0,-1002.6392,-9013.1839,461.8897,5323.9726,-1606.3571,53.190043919999994,-1116.941600000001,-1553.1670560799998,-2670.1086560800013
410,356.9576,1014.4002,1670.1683,0.0,0.0,0.0,-949.4784,-9135.6444,477.2418,5356.0845,-1534.3811,54.670938480000004,-1210.2703999999994,-1479.7101615200002,-2689.9805615199994
411,404.8921,1015.416,1696.2894,0.0,0.0,0.0,-960.5185,-8936.4364,484.5961,5352.3487,-1718.1228,54.56916072,-943.4126000000015,-1663.5536392800002,-2606.9662392800014
412,366.3899,1016.5071,1685.2975,0.0,0.0,0.0,-968.5242,-8886.7804,477.2869,5329.2784,-1714.3509,54.96862752,-980.5447999999997,-1659.38227248,-2639.9270724799994
413,394.6144,981.4449,1668.2248,0.0,0.0,0.0,-977.5901,-9044.9704,462.8371,5385.397,-1603.8861,54.909642240000004,-1130.042300000001,-1548.97645776,-2679.018757760001
414,354.1288,1044.149,1662.4871,0.0,0.0,0.0,-974.7896,-9031.5353,484.0181,5362.9209,-1612.6732,53.22438647999999,-1098.6209999999992,-1559.44881352,-2658.0698135199996
415,409.1104,984.1507,1695.2841,0.0,0.0,0.0,-966.37,-9132.3983,470.2241,5397.2014,-1551.3051,53.85164976,-1142.7975999999999,-1497.45345024,-2640.25105024
416,411.1132,1033.8253,1698.3689,0.0,0.0,0.0,-1001.341,-8931.7586,485.4965,5361.7103,-1692.6698,56.4555636,-942.5853999999999,-1636.2142364,-2578.7996363999996
417,397.1468,987.6244,1673.9431,0.0,0.0,0.0,-1001.5488,-8989.5748,470.1775,5304.3241,-1598.1383,53.58836376,-1157.9077000000007,-1544.54993624,-2702.4576362400007
418,371.1806,1018.7047,1670.3702,0.0,0.0,0.0,-966.5405,-9027.686,466.9297,5350.4246,-1604.0769,53.92262664,-1116.6166999999996,-1550.15427336,-2666.7709733599995
419,365.7068,1024.4076,1686.1686,0.0,0.0,0.0,-968.7902,-9025.9991,498.1023,5351.051,-1630.9526,54.14878152,-1069.353,-1576.80381848,-2646.1568184800003
420,406.9618,1013.4204,1706.1009,0.0,0.0,0.0,-995.0835,-8995.2599,468.5915,5388.9626,-1693.8433,53.67765744,-1006.3062,-1640.16564256,-2646.47184256
421,410.2051,1044.2775,1690.9569,0.0,0.0,0.0,-971.3224,-8898.4982,475.0959,5337.7251,-1732.3031,56.31763896,-911.5601000000006,-1675.98546104,-2587.545561040001
422,368.1012,1007.6349,1684.1182,0.0,0.0,0.0,-966.1858,-8941.4665,485.1212,5354.0865,-1701.9109,55.160778959999995,-1008.5903000000008,-1646.75012104,-2655.340421040001
423,413.4914,1058.1659,1683.8319,0.0,0.0,0.0,-979.3821,-8979.0116,481.9783,5307.8088,-1670.0316,55.77018552,-1013.1174000000001,-1614.26141448,-2627.3788144800005
424,411.6215,1044.2676,1669.2753,0.0,0.0,0.0,-958.5028,-9013.4626,460.1335,5327.8679,-1630.5171,55.799889119999996,-1058.7996000000012,-1574.71721088,-2633.5168108800012
425,364.6667,1028.0447,1692.3843,0.0,0.0,0.0,-979.6858,-9083.0986,475.103,5355.0546,-1593.3739,52.71214104,-1147.5310999999992,-1540.66175896,-2688.1928589599993
426,369.7826,1036.4552,1649.0855,0.0,0.0,0.0,-969.688,-9097.6255,461.2032,5369.9838,-1565.0298,52.9295616,-1180.8032000000003,-1512.1002384,-2692.9034384000006
427,384.5596,1042.436,1708.7645,0.0,0.0,0.0,-975.6843,-9046.9836,503.7273,5387.4571,-1637.7968,55.531372319999996,-995.723399999999,-1582.2654276800001,-2577.988827679999
428,383.7201,1020.9357,1683.7426,0.0,0.0,0.0,-959.8333,-9088.8084,466.1455,5345.0018,-1590.2011,55.12472568,-1149.0960000000005,-1535.07637432,-2684.1723743200005
429,377.5138,1005.6083,1716.0706,0.0,0.0,0.0,-987.4454,-9096.8969,464.3276,5385.0506,-1577.3682,53.22816216,-1135.7714000000005,-1524.1400378399999,-2659.9114378400004
430,386.6765,1023.2297,1670.7818,0.0,0.0,0.0,-962.8371,-9047.8983,478.0664,5353.0372,-1614.7791,55.18081152,-1098.943800000001,-1559.59828848,-2658.5420884800005
431,391.4952,1035.8039,1715.5565,0.0,0.0,0.0,-988.2741,-8816.6784,468.2722,5341.5944,-1809.3726,55.112855759999995,-852.2303000000002,-1754.25974424,-2606.49004424
432,389.2933,998.0068,1674.9788,0.0,0.0,0.0,-952.7907,-8844.4345,484.7444,5348.3348,-1798.5556,58.02659567999999,-901.8671000000004,-1740.52900432,-2642.39610432
433,392.0828,1020.4879,1686.0189,0.0,0.0,0.0,-960.3551,-8826.694,461.0134,5349.1206,-1819.8958,55.8557892,-878.325499999999,-1764.0400108000001,-2642.3655107999994
434,420.4322,1027.9588,1697.0728,0.0,0.0,0.0,-971.0759,-8897.5127,460.5759,5310.225,-1716.2063,53.6630832,-952.3238999999994,-1662.5432168,-2614.867116799999
435,392.1227,986.5295,1690.8499,0.0,0.0,0.0,-941.3605,-8885.9649,465.0271,5374.9476,-1787.6501,57.47223384,-917.8486000000003,-1730.1778661600001,-2648.02646616
436,374.6834,1006.1581,1675.0484,0.0,0.0,0.0,-951.6191,-9035.8391,493.047,5349.0526,-1627.3372,55.29995568,-1089.4686999999985,-1572.03724432,-2661.5059443199984
437,382.6466,990.7426,1690.9798,0.0,0.0,0.0,-965.2685,-8914.7867,485.3012,5316.1074,-1699.0663,55.518704639999996,-1014.2776000000003,-1643.54759536,-2657.82519536
438,377.7551,993.6973,1684.5835,0.0,0.0,0.0,-999.4029,-8888.3155,454.7508,5368.4439,-1769.177,54.81450144,-1008.4878000000008,-1714.36249856,-2722.8502985600003
439,382.1696,993.3858,1680.8979,0.0,0.0,0.0,-979.371,-9014.62,462.0354,5353.4731,-1634.4756,54.424491839999995,-1122.0292000000009,-1580.05110816,-2702.0803081600006
440,368.9294,1032.2321,1703.3691,0.0,0.0,0.0,-974.8982,-9014.5237,468.1478,5355.4514,-1625.9908,53.207344799999994,-1061.2920999999997,-1572.7834552,-2634.0755551999996
441,373.6879,1000.4179,1674.4705,0.0,0.0,0.0,-971.3612,-8948.5497,474.6028,5314.7589,-1660.3528,54.53800415999999,-1081.9729000000007,-1605.81479584,-2687.78769584
442,397.5741,1017.1709,1691.9369,0.0,0.0,0.0,-951.2491,-8962.9423,478.5197,5352.1783,-1690.9057,56.49313032,-976.8115000000016,-1634.41256968,-2611.224069680002
443,365.391,1020.4158,1693.9155,0.0,0.0,0.0,-956.2952,-9025.415,480.421,5348.3078,-1618.4261,53.44982496,-1073.2591000000002,-1564.97627504,-2638.23537504
444,372.4934,1007.2577,1682.316,0.0,0.0,0.0,-973.7348,-9027.5571,478.5127,5372.2089,-1616.077,55.70095968,-1088.5032,-1560.37604032,-2648.8792403200005
445,389.1345,1028.2184,1687.8817,0.0,0.0,0.0,-968.4561,-9085.3652,472.9548,5362.1392,-1581.0411,53.997704639999995,-1113.4927000000007,-1527.04339536,-2640.5360953600007
446,395.0775,1043.3204,1686.2119,0.0,0.0,0.0,-962.0642,-8939.292,467.5901,5365.5382,-1726.656,56.47569048,-943.6180999999988,-1670.18030952,-2613.7984095199986
447,389.7227,1018.4647,1682.9978,0.0,0.0,0.0,-957.8191,-9036.2329,474.537,5363.7928,-1637.8379,54.75579696,-1064.5370000000012,-1583.08210304,-2647.6191030400014
448,391.3643,991.242,1683.5652,0.0,0.0,0.0,-957.2919,-9080.4875,487.2518,5389.135,-1615.6258,55.98827568,-1095.2210999999988,-1559.63752432,-2654.858624319999
449,378.7116,1005.1273,1675.4308,0.0,0.0,0.0,-963.4008,-9021.8847,492.5813,5379.2094,-1652.1503,55.79776584,-1054.2251000000015,-1596.35253416,-2650.5776341600017
450,398.4142,1012.042,1707.5934,0.0,0.0,0.0,-964.4598,-8937.5099,481.0017,5357.1871,-1705.7483,55.62891648,-945.7312999999995,-1650.11938352,-2595.8506835199996
451,413.2973,1008.2277,1688.265,0.0,0.0,0.0,-941.015,-8997.6894,466.9785,5359.4406,-1651.004,55.342685519999996,-1002.4952999999996,-1595.6613144799999,-2598.1566144799995
452,385.4113,1039.9265,1680.5123,0.0,0.0,0.0,-969.8019,-9033.6209,469.2184,5383.1894,-1611.6269,53.58689496,-1045.1648999999998,-1558.0400050399999,-2603.20490504
453,364.0996,1058.7987,1694.1372,0.0,0.0,0.0,-941.7592,-9056.5251,462.7623,5377.9327,-1645.1077,54.09063864,-1040.5538000000006,-1591.01706136,-2631.5708613600004
454,402.4002,981.1553,1684.489,0.0,0.0,0.0,-955.3112,-9078.3111,492.8398,5370.4166,-1593.0458,54.65606184,-1102.3214000000016,-1538.3897381600002,-2640.7111381600016
455,396.9277,1029.8824,1684.509,0.0,0.0,0.0,-956.7301,-9112.3026,467.1071,5419.4569,-1621.7206,54.91075248,-1071.1496000000006,-1566.8098475200002,-2637.9594475200006
456,408.3023,1035.1246,1691.8808,0.0,0.0,0.0,-976.1607,-9057.7762,471.9587,5400.1209,-1613.8992,52.374731759999996,-1026.5495999999994,-1561.52446824,-2588.074068239999
457,369.984,1019.2427,1693.9967,0.0,0.0,0.0,-956.3928,-9024.2262,479.0256,5386.2326,-1666.8614,54.72472248,-1032.1373999999996,-1612.13667752,-2644.2740775199995
458,409.0521,967.4529,1706.6207,0.0,0.0,0.0,-955.859,-9017.0158,464.3585,5366.7965,-1639.9686,54.47036664,-1058.5940999999984,-1585.4982333599999,-2644.0923333599985
459,384.6323,963.4199,1701.9291,0.0,0.0,0.0,-968.7391,-9017.2555,485.8637,5413.608,-1681.2692,56.04090264,-1036.5415999999987,-1625.22829736,-2661.7698973599986
460,383.0788,1058.5431,1693.6295,0.0,0.0,0.0,-945.5024,-8996.5072,483.5891,5383.1427,-1682.0705,58.53413592,-940.0263999999997,-1623.53636408,-2563.5627640799994
461,366.0426,1015.0353,1662.3928,0.0,0.0,0.0,-963.5924,-9079.8652,474.7444,5407.316,-1615.2433,56.36783304,-1117.9265000000005,-1558.87546696,-2676.8019669600008
462,356.8486,1023.5103,1699.1251,0.0,0.0,0.0,-978.634,-9078.7557,499.7204,5437.1429,-1651.7217,54.39831984,-1041.0423999999994,-1597.32338016,-2638.3657801599993
463,404.641,1040.5741,1720.1065,0.0,0.0,0.0,-972.1506,-9075.7874,473.1694,5315.3258,-1589.0474,53.554016159999996,-1094.1211999999996,-1535.49338384,-2629.6145838399993
464,382.0524,1039.1332,1666.4106,0.0,0.0,0.0,-959.1944,-9110.8143,484.7644,5373.2566,-1579.2782,54.11581416,-1124.3915000000006,-1525.16238584,-2649.5538858400005
465,392.4397,1012.1727,1691.3565,0.0,0.0,0.0,-962.3371,-9088.021,472.1592,5365.4558,-1573.9357,54.49523112,-1116.7742000000007,-1519.44046888,-2636.2146688800008
466,380.9982,1058.2243,1671.7864,0.0,0.0,0.0,-982.99,-9228.8262,492.735,5370.9599,-1480.057,52.12925568,-1237.1124,-1427.92774432,-2665.04014432
467,374.9207,1008.5652,1681.4444,0.0,0.0,0.0,-954.2808,-8982.8661,464.5102,5357.9474,-1681.7214,55.32567912,-1049.759,-1626.39572088,-2676.15472088
468,401.1298,1000.0939,1674.0016,0.0,0.0,0.0,-953.0457,-9045.5366,464.8364,5363.7019,-1623.0091,55.0613484,-1094.8186999999998,-1567.9477516,-2662.7664516
469,403.0224,1039.0936,1681.6209,0.0,0.0,0.0,-958.1381,-9065.4279,473.9209,5353.475,-1592.3783,55.26528768,-1072.4332000000004,-1537.11301232,-2609.546212320001
470,429.4527,1000.1973,1673.4835,0.0,0.0,0.0,-942.8625,-9058.1628,472.1962,5373.273,-1630.9203,55.97963352,-1052.4225999999999,-1574.94066648,-2627.3632664799998
471,393.3996,1010.3962,1682.2851,0.0,0.0,0.0,-950.1601,-9055.8836,465.8454,5354.4383,-1598.1011,56.06976384,-1099.6790999999994,-1542.0313361600001,-2641.710436159999
472,400.7788,1003.6501,1701.9866,0.0,0.0,0.0,-948.4071,-8866.843,472.3618,5336.6716,-1787.0767,57.109909679999994,-899.8012000000008,-1729.96679032,-2629.767990320001
473,397.162,990.0885,1702.6678,0.0,0.0,0.0,-981.4649,-8865.3025,472.9033,5398.5164,-1803.988,55.7426016,-885.4293999999991,-1748.2453984,-2633.6747983999994
474,382.1829,1031.2635,1693.0885,0.0,0.0,0.0,-983.1615,-8909.5041,469.022,5409.1237,-1783.8489,55.69701912,-907.9849999999997,-1728.15188088,-2636.13688088
475,379.9408,988.3841,1701.5406,0.0,0.0,0.0,-988.3935,-8782.9285,481.3193,5422.08,-1911.6361,55.795098239999994,-798.0572000000002,-1855.84100176,-2653.89820176
476,352.6138,1029.6551,1687.9603,0.0,0.0,0.0,-972.2104,-8909.3858,476.6218,5386.7565,-1744.9668,55.08347903999999,-947.9886999999999,-1689.88332096,-2637.87202096
477,405.7321,996.6581,1682.7587,0.0,0.0,0.0,-978.7934,-8831.8986,459.8751,5394.8391,-1815.7622,55.78555464,-870.8289000000004,-1759.9766453599998,-2630.8055453600005
478,358.1279,1047.4192,1679.7476,0.0,0.0,0.0,-968.8728,-8993.48,492.4343,5395.8036,-1693.8508,56.45504808,-988.8202000000001,-1637.3957519199998,-2626.2159519200004
479,351.1791,990.9059,1677.7469,0.0,0.0,0.0,-953.9224,-9019.7638,479.007,5452.1136,-1704.9913,57.19047768,-1022.7337000000016,-1647.80082232,-2670.534522320001
480,363.9514,1037.0443,1689.2975,0.0,0.0,0.0,-980.4481,-8959.578,468.0408,5379.6837,-1713.8731,56.65028184,-1002.0083999999997,-1657.22281816,-2659.2312181599996
481,372.1864,1008.7579,1701.6031,0.0,0.0,0.0,-976.3934,-8963.5035,465.2094,5400.8796,-1720.4137,54.639288719999996,-991.2605000000003,-1665.77441128,-2657.0349112800004
482,382.0045,997.3654,1677.6739,0.0,0.0,0.0,-964.1779,-8956.1596,462.5065,5431.5445,-1754.6326,57.09322872,-969.2426999999998,-1697.5393712799998,-2666.78207128
483,384.7682,1014.5065,1690.7543,0.0,0.0,0.0,-940.7498,-8995.0221,461.2687,5385.9745,-1692.444,59.695867439999994,-998.4997000000003,-1632.74813256,-2631.2478325600005
484,357.3648,1021.4548,1713.4075,0.0,0.0,0.0,-980.5317,-9022.8311,488.2056,5398.427,-1661.7601,54.867399119999995,-1024.503099999999,-1606.89270088,-2631.395800879999
485,373.1144,981.8558,1678.8814,0.0,0.0,0.0,-968.0764,-9061.8086,469.5902,5398.1141,-1605.3201,54.56938896,-1128.3291000000008,-1550.75071104,-2679.0798110400005
486,387.6933,980.3575,1688.5493,0.0,0.0,0.0,-949.5753,-9072.9438,499.89,5397.7314,-1651.9541,56.83536143999999,-1068.2975999999999,-1595.1187385599999,-2663.41633856
487,398.0839,1029.9299,1680.0764,0.0,0.0,0.0,-986.374,-8979.2975,468.4852,5386.7525,-1704.5613,56.427299999999995,-1002.3436000000011,-1648.134,-2650.4776000000015
488,393.4844,978.2489,1679.1445,0.0,0.0,0.0,-992.7187,-8957.8009,483.6825,5405.6632,-1705.6166,54.057340079999996,-1010.2960999999996,-1651.5592599200002,-2661.85535992
489,359.8619,1049.7859,1699.9073,0.0,0.0,0.0,-984.0133,-8939.5424,476.1674,5402.1586,-1733.6248,55.19077704,-935.6745999999994,-1678.43402296,-2614.1086229599996
490,378.9304,1037.2671,1686.9888,0.0,0.0,0.0,-984.5162,-9025.338,464.2162,5417.0603,-1672.7471,56.07248256,-1025.3913999999995,-1616.67461744,-2642.0660174399995
491,377.911,1030.6148,1701.5331,0.0,0.0,0.0,-955.9861,-9063.8904,469.6486,5409.0253,-1651.2567,56.63765232,-1031.1436999999996,-1594.61904768,-2625.7627476799994
492,375.9166,1014.0555,1687.5392,0.0,0.0,0.0,-972.8677,-8955.2641,465.2647,5380.4256,-1719.4153,54.81711072,-1004.9302000000007,-1664.5981892799998,-2669.5283892800003
493,395.7095,1045.0866,1691.4159,0.0,0.0,0.0,-962.5929,-8845.9855,476.8988,5405.1889,-1822.0776,57.62094336,-794.2787000000008,-1764.4566566400001,-2558.7353566400006
494,370.4132,1021.8819,1678.8336,0.0,0.0,0.0,-975.0757,-8911.8421,463.5786,5393.64,-1781.1507,54.427502159999996,-958.5704999999998,-1726.72319784,-2685.29369784
495,364.6409,1073.3417,1683.5819,0.0,0.0,0.0,-955.312,-9074.9733,471.2615,5386.5028,-1606.3851,55.487810159999995,-1050.9565000000002,-1550.89728984,-2601.85378984
496,400.7148,1042.1127,1711.5091,0.0,0.0,0.0,-953.561,-9076.4747,472.6423,5400.0894,-1638.5401,54.6987312,-1002.9674000000023,-1583.8413688,-2586.8087688000023
497,391.0736,960.0743,1683.8432,0.0,0.0,0.0,-974.2805,-9008.7953,484.1522,5407.9042,-1690.4413,54.0463428,-1056.028299999999,-1636.3949572,-2692.423257199999
498,374.3487,1045.1056,1691.6802,0.0,0.0,0.0,-957.705,-9064.4593,470.3137,5370.0775,-1629.5053,55.96148304,-1070.6386000000002,-1573.54381696,-2644.18241696
499,373.6872,1001.7907,1695.1539,0.0,0.0,0.0,-958.9736,-9116.5656,473.727,5397.0397,-1585.0028,53.8550712,-1134.1407,-1531.1477288,-2665.2884288
500,357.0159,1048.0733,1698.6216,0.0,0.0,0.0,-957.4939,-8949.8882,491.0175,5385.0657,-1749.2428,56.18733408,-927.5880999999999,-1693.05546592,-2620.64356592
501,373.9282,1022.8577,1677.9833,0.0,0.0,0.0,-941.1284,-8991.2892,474.2795,5410.2601,-1716.6752,55.296519839999995,-973.1087999999991,-1661.37868016,-2634.4874801599985
502,375.744,1045.8217,1693.6733,0.0,0.0,0.0,-965.2965,-8934.092,474.238,5424.3625,-1782.2153,56.45720016,-885.549,-1725.75809984,-2611.30709984
503,394.2884,1043.5236,1683.4318,0.0,0.0,0.0,-958.1109,-8862.1108,469.2466,5379.1147,-1831.8235,58.024614959999994,-850.6165999999994,-1773.79888504,-2624.4154850399996
504,374.4059,1047.5689,1667.3456,0.0,0.0,0.0,-976.1339,-9037.8694,476.3977,5402.5641,-1683.4434,54.5561712,-1045.7211000000007,-1628.8872288,-2674.608328800001
505,397.2751,1006.1297,1705.8595,0.0,0.0,0.0,-969.4279,-8914.397,464.2645,5394.5007,-1781.7562,56.7263556,-915.7954000000009,-1725.0298444,-2640.825244400001
506,374.9209,1021.8608,1697.137,0.0,0.0,0.0,-960.0733,-8920.2429,459.8513,5393.6362,-1777.055,56.88908784,-932.909999999999,-1720.16591216,-2653.0759121599995
507,388.4211,1004.3231,1685.9987,0.0,0.0,0.0,-949.9392,-9004.8072,472.1379,5395.9006,-1692.8008,55.364911199999995,-1007.9649999999992,-1637.4358888,-2645.4008887999994
508,394.4745,1007.7245,1702.3457,0.0,0.0,0.0,-974.2468,-8964.0304,463.0918,5409.2647,-1736.6136,56.81505024,-961.3759999999993,-1679.79854976,-2641.174549759999
509,370.2521,1036.3292,1678.6523,0.0,0.0,0.0,-964.4158,-9023.9733,488.1285,5415.8349,-1697.1092,56.49416352,-999.1921000000002,-1640.61503648,-2639.8071364800003
510,398.3293,1044.8271,1698.1533,0.0,0.0,0.0,-978.7064,-8967.9813,475.2005,5352.4794,-1701.4667,57.25672272,-977.6980999999996,-1644.20997728,-2621.9080772799994
511,372.5232,994.3231,1684.5467,0.0,0.0,0.0,-958.7018,-8922.707,477.2852,5397.9291,-1777.01,56.07867024,-954.8014999999996,-1720.93132976,-2675.7328297599997
512,402.9585,1042.5971,1705.4738,0.0,0.0,0.0,-967.6166,-8809.5369,470.2044,5378.7175,-1850.2566,57.59867808,-777.2021999999997,-1792.65792192,-2569.8601219199995
513,378.5589,988.2539,1702.8484,0.0,0.0,0.0,-982.177,-8878.8701,472.7578,5398.6332,-1785.85,55.751279759999996,-919.9948999999988,-1730.09872024,-2650.0936202399985
514,365.4856,986.9348,1704.8213,0.0,0.0,0.0,-945.7365,-8962.1558,482.2928,5397.9754,-1737.7499,54.608724,-970.3824000000004,-1683.141176,-2653.523576
515,374.8583,1044.7104,1679.0853,0.0,0.0,0.0,-950.8062,-8887.9006,475.6439,5447.1726,-1837.7428,55.6522812,-817.2363000000014,-1782.0905188,-2599.3268188000015
516,367.4977,1033.3237,1700.1212,0.0,0.0,0.0,-940.0127,-8965.5175,466.3858,5386.2324,-1737.8155,55.26474048,-951.9694,-1682.55075952,-2634.5201595199997
517,381.6131,1006.9677,1670.5042,0.0,0.0,0.0,-942.3517,-9079.6007,485.3445,5393.6808,-1598.4381,53.027697599999996,-1083.8421000000008,-1545.4104024,-2629.252502400001
518,383.7389,948.3984,1686.274,0.0,0.0,0.0,-964.3153,-9063.1405,475.2887,5406.519,-1665.1193,52.44892056,-1127.2367999999997,-1612.67037944,-2739.90717944
519,394.1103,1047.5877,1678.5133,0.0,0.0,0.0,-991.2604,-9050.6606,461.4032,5410.9266,-1664.4219,52.964688239999994,-1049.3799,-1611.45721176,-2660.83711176
520,391.8008,1050.8874,1710.324,0.0,0.0,0.0,-974.5706,-9065.9292,496.5498,5370.6828,-1609.4455,53.400096,-1020.255000000001,-1556.045404,-2576.300404000001
521,388.0896,1031.4807,1676.4601,0.0,0.0,0.0,-964.7175,-8901.7785,477.0327,5320.0028,-1726.7632,55.967981040000005,-973.4301000000005,-1670.79521896,-2644.225318960001
522,394.294,1014.2859,1701.1411,0.0,0.0,0.0,-945.264,-9022.632,469.809,5413.1348,-1676.4351,54.80258616,-975.2311999999993,-1621.63251384,-2596.863713839999
523,349.3446,1010.5837,1697.5279,0.0,0.0,0.0,-930.4971,-8985.6738,468.9142,5416.1478,-1725.0563,56.29841568,-973.6527000000006,-1668.75788432,-2642.410584320001
524,396.1874,1024.88,1714.2658,0.0,0.0,0.0,-970.6943,-8934.3187,474.1036,5391.3154,-1757.9433,55.928685599999994,-904.2607999999991,-1702.0146144,-2606.275414399999
525,369.1223,986.6053,1714.1738,0.0,0.0,0.0,-979.6911,-8954.9038,483.8967,5428.4042,-1770.229,53.936607599999995,-952.3925999999992,-1716.2923924000002,-2668.6849923999994
526,416.703,1019.3728,1670.8252,0.0,0.0,0.0,-940.4418,-8871.4673,482.8379,5344.0122,-1787.8291,56.007882,-878.1580000000004,-1731.8212179999998,-2609.9792180000004
527,378.5209,1062.2399,1717.8468,0.0,0.0,0.0,-948.6952,-8983.8942,464.6735,5409.0811,-1715.7601,54.62349696,-900.2272000000003,-1661.13660304,-2561.36380304
528,395.512,991.0727,1669.8249,0.0,0.0,0.0,-975.83,-9023.0248,479.3859,5367.4549,-1669.451,53.92198872,-1095.6043999999993,-1615.52901128,-2711.133411279999
529,375.6457,1012.557,1730.2794,0.0,0.0,0.0,-974.6213,-9000.1559,482.047,5414.6021,-1691.0148,55.09767888,-959.6459999999988,-1635.9171211199998,-2595.563121119999
530,399.9079,978.8207,1688.0528,0.0,0.0,0.0,-981.9171,-8997.884,476.2398,5406.8751,-1685.302,52.124094,-1029.9048000000003,-1633.177906,-2663.082706
531,408.843,1043.7339,1679.8957,0.0,0.0,0.0,-974.8672,-8902.6517,473.4866,5361.2969,-1735.3239,55.37584872,-910.2627999999995,-1679.94805128,-2590.21085128
532,372.533,999.9126,1689.4946,0.0,0.0,0.0,-967.7574,-9007.0467,478.1543,5441.6979,-1697.4854,53.01006624,-993.0117,-1644.47533376,-2637.48703376
533,365.1279,1017.592,1674.354,0.0,0.0,0.0,-939.9392,-8956.4284,475.2421,5364.3878,-1720.6306,54.259172639999996,-999.6637999999994,-1666.3714273599999,-2666.035227359999
534,403.3392,1011.6589,1689.518,0.0,0.0,0.0,-981.7294,-9082.7285,489.7772,5410.1833,-1617.9065,53.50867416,-1059.9813000000004,-1564.39782584,-2624.3791258400006
535,380.3839,1006.8597,1697.7516,0.0,0.0,0.0,-972.2562,-9016.5885,485.0262,5413.1754,-1676.8796,54.51329952,-1005.647899999999,-1622.36630048,-2628.014200479999
536,410.6636,1011.0978,1690.2737,0.0,0.0,0.0,-966.4203,-8934.3129,463.3712,5347.9043,-1727.5868,54.52918128,-977.4226000000008,-1673.05761872,-2650.4802187200007
537,382.8295,1025.9939,1687.3646,0.0,0.0,0.0,-981.6051,-8983.8474,482.2029,5385.2331,-1682.8177,53.53164432,-1001.8284999999996,-1629.2860556800001,-2631.1145556799997
538,385.7997,1004.0098,1684.6332,0.0,0.0,0.0,-959.0208,-9004.9973,477.2218,5364.4031,-1681.6715,54.66143016,-1047.9505,-1627.01006984,-2674.96056984
539,427.5744,1033.5897,1698.5473,0.0,0.0,0.0,-976.0073,-9024.9994,455.9779,5373.5126,-1683.1422,54.65941416,-1011.8048000000008,-1628.48278584,-2640.287585840001
540,384.4205,1009.2517,1667.9516,0.0,0.0,0.0,-938.6671,-8981.1471,499.2409,5389.8578,-1709.3908,55.395176400000004,-969.0917,-1653.9956235999998,-2623.0873236
541,393.8135,1029.2866,1716.3563,0.0,0.0,0.0,-956.6055,-9091.7031,469.647,5353.5004,-1605.8882,54.72007704,-1085.7048000000013,-1551.1681229600001,-2636.8729229600017
542,402.4646,1055.2,1692.4586,0.0,0.0,0.0,-971.261,-8950.3834,453.1108,5370.2952,-1745.0541,55.832985359999995,-948.1152000000011,-1689.22111464,-2637.3363146400015
543,385.8306,1028.0798,1694.7556,0.0,0.0,0.0,-956.7067,-9038.25,478.6212,5441.9392,-1696.1792,54.43284456,-965.7303000000002,-1641.7463554400001,-2607.4766554400003
544,422.7005,1010.7071,1696.4337,0.0,0.0,0.0,-959.7535,-8923.2917,457.3801,5407.1418,-1772.994,54.590713199999996,-888.6819999999989,-1718.4032868,-2607.0852867999984
545,400.0708,1025.3018,1690.2712,0.0,0.0,0.0,-939.5792,-8897.8168,477.9684,5385.0961,-1808.1288,58.81398336,-858.6877000000013,-1749.31481664,-2608.0025166400014
546,393.1029,984.6793,1692.0075,0.0,0.0,0.0,-974.2471,-8925.7213,468.4475,5436.8065,-1798.271,55.2494952,-924.9246999999987,-1743.0215048,-2667.946204799998
547,382.9369,1022.4749,1699.3636,0.0,0.0,0.0,-990.1609,-8948.2796,470.8343,5455.9569,-1784.5863,55.56297168,-906.8738999999996,-1729.02332832,-2635.8972283199996
548,356.2581,1007.2099,1687.6684,0.0,0.0,0.0,-956.3553,-8890.0512,477.0164,5397.9618,-1785.0878,55.6932636,-920.2918999999993,-1729.3945364,-2649.6864363999994
549,405.489,1010.338,1692.644,0.0,0.0,0.0,-953.829,-8962.8923,463.9183,5445.7977,-1760.5313,55.48289688,-898.5342999999993,-1705.04840312,-2603.5827031199997
550,406.5965,994.5207,1696.761,0.0,0.0,0.0,-966.2136,-9000.1403,469.6706,5444.9614,-1744.8466,55.147123439999994,-953.8436999999985,-1689.69947656,-2643.5431765599983
551,423.5527,1041.2256,1715.4166,0.0,0.0,0.0,-977.3875,-8878.8507,469.1858,5376.7145,-1777.7562,53.958340799999995,-830.1430000000009,-1723.7978592,-2553.940859200001
552,374.5066,993.1974,1680.6906,0.0,0.0,0.0,-956.5249,-9016.3239,463.2363,5420.8482,-1711.5707,56.61027359999999,-1040.3696999999993,-1654.9604264,-2695.3301263999997
553,401.4589,1038.0757,1716.0006,0.0,0.0,0.0,-978.7467,-9022.1649,471.1304,5367.7883,-1669.4178,53.59493088,-1006.457699999999,-1615.82286912,-2622.280569119999
554,391.385,1068.2581,1708.0382,0.0,0.0,0.0,-978.9659,-8940.4117,474.543,5353.1933,-1701.2016,52.975148399999995,-923.960000000001,-1648.2264516,-2572.1864516000014
555,387.6071,1008.1584,1682.2921,0.0,0.0,0.0,-989.5347,-9023.5546,472.9927,5379.7402,-1644.7276,53.11870992,-1082.2987999999996,-1591.60889008,-2673.9076900799996
556,391.9388,1037.1597,1686.4747,0.0,0.0,0.0,-984.1778,-8979.5692,469.138,5343.8478,-1678.2768,52.6846896,-1035.188000000001,-1625.5921104000001,-2660.780110400001
557,377.8539,1006.1742,1726.9521,0.0,0.0,0.0,-983.4176,-9083.8888,472.2597,5454.0777,-1682.0751,55.8833148,-1029.988800000001,-1626.1917852,-2656.180585200001
558,365.0381,995.0934,1691.8762,0.0,0.0,0.0,-971.4103,-9203.2382,475.1714,5402.3239,-1519.2208,52.15941288,-1245.1454999999987,-1467.06138712,-2712.2068871199986
559,396.3229,1023.1522,1730.0332,0.0,0.0,0.0,-941.8887,-9197.5949,485.8451,5416.5718,-1529.414,55.54103832,-1087.5584,-1473.87296168,-2561.4313616799996
560,391.9929,1063.5808,1698.1134,0.0,0.0,0.0,-973.4594,-9071.5047,483.7412,5370.79,-1570.7386,53.83430856,-1036.7457999999988,-1516.90429144,-2553.6500914399985
561,363.6686,1016.5833,1699.5032,0.0,0.0,0.0,-968.1178,-9087.8299,470.7645,5441.6755,-1656.3717,52.80275088,-1063.7525999999998,-1603.5689491199998,-2667.3215491199994
562,409.3778,992.836,1691.4924,0.0,0.0,0.0,-976.0284,-9085.4647,463.8339,5418.4387,-1642.3672,54.02813472,-1085.5143000000016,-1588.3390652799999,-2673.8533652800015
563,371.6662,1004.0105,1686.8515,0.0,0.0,0.0,-958.3285,-9106.8427,480.7347,5465.5693,-1632.7146,55.004686559999996,-1056.339,-1577.70991344,-2634.04891344
564,386.7046,1036.1597,1675.0039,0.0,0.0,0.0,-979.8958,-9037.5922,473.9884,5417.8785,-1626.382,53.52756552,-1027.7528999999995,-1572.85443448,-2600.6073344799997
565,401.1631,1044.2913,1697.2766,0.0,0.0,0.0,-987.2833,-9058.8512,474.5848,5384.5752,-1636.3276,53.073523439999995,-1044.2434999999996,-1583.2540765600002,-2627.4975765599997
566,412.9216,993.2752,1686.9858,0.0,0.0,0.0,-975.8179,-9073.6112,493.6046,5420.944,-1655.6372,51.784242479999996,-1041.6978999999992,-1603.8529575199998,-2645.550857519999
567,372.5134,1040.1379,1701.4566,0.0,0.0,0.0,-984.2782,-9071.9373,481.694,5449.2223,-1670.2043,54.04417992,-1011.1912999999986,-1616.16012008,-2627.351420079999
568,409.8278,1028.4902,1734.5747,0.0,0.0,0.0,-967.8472,-9193.8778,469.9705,5422.3705,-1552.613,51.90777504,-1096.4912999999997,-1500.7052249600001,-2597.19652496
569,389.4261,1048.6225,1669.714,0.0,0.0,0.0,-987.7342,-9163.5883,458.387,5416.6887,-1556.3973,51.16190256,-1168.4841999999999,-1505.23539744,-2673.71959744
570,432.3461,1017.4168,1691.4386,0.0,0.0,0.0,-956.7057,-9169.9153,484.5758,5452.0202,-1578.705,53.449192079999996,-1048.8235000000004,-1525.2558079199998,-2574.0793079200002
571,384.9467,1057.0044,1708.8281,0.0,0.0,0.0,-993.1949,-8934.1135,463.3524,5387.6312,-1715.1409,54.04311936,-925.5455999999995,-1661.09778064,-2586.6433806399996
572,390.1227,1005.373,1721.6355,0.0,0.0,0.0,-991.6036,-9110.9125,469.9602,5421.1277,-1618.3863,54.20146104,-1094.2970000000014,-1564.18483896,-2658.4818389600014
573,406.8004,1025.9513,1720.1098,0.0,0.0,0.0,-984.9854,-9098.7363,471.4433,5373.1527,-1591.1638,53.198263440000005,-1086.2642000000014,-1537.9655365600001,-2624.2297365600016
574,355.5248,1019.1311,1725.9632,0.0,0.0,0.0,-997.1631,-9019.7337,479.2841,5425.9429,-1687.4419,53.786892959999996,-1011.0507000000007,-1633.65500704,-2644.7057070400006
575,356.4905,1018.4095,1667.0087,0.0,0.0,0.0,-984.684,-9016.1358,474.4433,5388.0016,-1684.6455,54.52241256,-1096.4662000000008,-1630.12308744,-2726.589287440001
576,392.9251,982.426,1717.1353,0.0,0.0,0.0,-949.106,-8959.5129,476.9613,5382.3982,-1716.1798,55.05582888,-956.7730000000001,-1661.1239711199999,-2617.89697112
577,387.2406,998.5508,1684.4174,0.0,0.0,0.0,-968.2125,-8978.2035,472.8069,5420.7318,-1699.2602,55.834889759999996,-982.6684999999998,-1643.42531024,-2626.0938102399996
578,366.2112,1013.9842,1710.0407,0.0,0.0,0.0,-993.8873,-8971.6999,470.7391,5419.8359,-1700.997,55.661438159999996,-984.7761,-1645.33556184,-2630.11166184
579,373.2896,1052.9387,1684.8964,0.0,0.0,0.0,-989.2665,-8905.2784,479.9762,5434.2091,-1790.5092,51.268953599999996,-869.2348999999986,-1739.2402464,-2608.4751463999987
580,416.3304,1034.9399,1673.0659,0.0,0.0,0.0,-952.9811,-8922.4425,488.7461,5386.0887,-1779.4573,54.34847136,-876.252599999998,-1725.10882864,-2601.361428639998
581,357.2113,1037.7554,1721.5673,0.0,0.0,0.0,-986.3233,-8962.7611,485.0441,5425.2543,-1740.622,53.444566079999994,-922.2520000000004,-1687.17743392,-2609.4294339200005
582,375.1656,998.9214,1701.4737,0.0,0.0,0.0,-969.6652,-8964.9178,501.4095,5402.6881,-1701.147,53.70934608,-954.9246999999987,-1647.43765392,-2602.3623539199984
583,379.0629,1011.7289,1691.3795,0.0,0.0,0.0,-962.6142,-8887.3027,459.6014,5376.1391,-1771.5867,54.61925616,-932.0051000000003,-1716.96744384,-2648.97254384
584,386.742,1040.3125,1674.8974,0.0,0.0,0.0,-980.225,-8804.619,478.9398,5415.7012,-1894.0022,55.354291919999994,-788.2511000000004,-1838.64790808,-2626.8990080800004
585,372.3795,989.1496,1700.5768,0.0,0.0,0.0,-972.5082,-8842.3195,475.3264,5414.7727,-1829.3044,56.1418344,-862.622699999999,-1773.1625655999999,-2635.785265599999
586,376.5889,1005.3231,1680.3514,0.0,0.0,0.0,-983.7324,-8963.3142,474.5337,5396.3624,-1703.2629,53.34319008,-1013.8871000000008,-1649.91970992,-2663.8068099200004
587,376.8797,1035.5917,1697.8323,0.0,0.0,0.0,-985.3995,-8938.6934,475.7794,5410.4072,-1757.8003,53.48204207999999,-927.6026000000002,-1704.3182579200002,-2631.92085792
588,383.9862,989.5931,1698.1262,0.0,0.0,0.0,-977.4976,-8974.6616,471.459,5399.227,-1678.7705,51.36141744,-1009.7677000000003,-1627.4090825600001,-2637.1767825600004
589,385.5299,1033.2023,1706.1955,0.0,0.0,0.0,-989.639,-8965.862,480.7529,5413.07,-1727.0438,54.486880559999996,-936.750399999999,-1672.55691944,-2609.307319439999
590,373.9609,1048.1961,1691.6836,0.0,0.0,0.0,-980.9139,-8901.1694,500.1055,5422.3861,-1813.5876,52.327676159999996,-845.7511000000013,-1761.25992384,-2607.011023840001
591,404.333,1010.0748,1673.2047,0.0,0.0,0.0,-959.4091,-8919.4948,481.4642,5427.3399,-1800.1983,56.051487359999996,-882.4872999999998,-1744.14681264,-2626.63411264
592,393.4656,1039.9775,1700.1572,0.0,0.0,0.0,-975.7937,-8909.2854,462.0553,5394.5458,-1793.8052,51.8930892,-894.8777000000009,-1741.9121108,-2636.789810800001
593,368.6113,1019.008,1721.2533,0.0,0.0,0.0,-994.9497,-8935.732,471.1635,5377.053,-1731.0626,51.16369968,-973.5926000000009,-1679.89890032,-2653.4915003200013
594,371.6764,1042.9096,1684.5919,0.0,0.0,0.0,-998.8061,-8986.5337,460.1945,5420.1275,-1694.5996,50.97650616,-1005.8399000000009,-1643.62309384,-2649.4629938400008
595,368.7906,1058.0924,1697.3416,0.0,0.0,0.0,-1000.7471,-9100.6941,480.5873,5390.7895,-1613.3429,51.64788312,-1105.8398000000007,-1561.6950168800001,-2667.5348168800006
596,391.9854,983.5737,1705.9144,0.0,0.0,0.0,-997.0918,-9003.842,484.8172,5401.1436,-1665.4971,52.46137368,-1033.4995,-1613.03572632,-2646.5352263199998
597,370.6579,1050.989,1721.391,0.0,0.0,0.0,-969.1027,-9056.5125,471.2035,5375.1295,-1614.8599,53.669412,-1036.2443000000012,-1561.190488,-2597.434788000001
598,384.2392,1032.0495,1683.302,0.0,0.0,0.0,-1003.8463,-9033.8204,467.1383,5387.8135,-1625.0289,51.83131824,-1083.124200000001,-1573.19758176,-2656.321781760001
599,398.5885,1049.7036,1717.1336,0.0,0.0,0.0,-970.2094,-9083.0671,483.3602,5384.7863,-1623.3545,53.942078159999994,-1019.7043000000003,-1569.41242184,-2589.11672184
600,376.3392,984.7045,1696.7016,0.0,0.0,0.0,-965.1742,-9091.6775,481.7779,5398.8467,-1629.3066,53.819526239999995,-1118.4817999999987,-1575.48707376,-2693.9688737599986
601,369.9121,1025.1963,1707.2679,0.0,0.0,0.0,-966.311,-9133.5005,486.121,5427.938,-1616.9057,52.05490632,-1083.3761999999997,-1564.85079368,-2648.22699368
602,381.5137,1006.8943,1682.5499,0.0,0.0,0.0,-1007.1519,-9022.7968,458.1028,5375.9118,-1644.7819,51.697397519999996,-1124.9762,-1593.0845024799999,-2718.06070248
603,393.2762,1050.9431,1672.2998,0.0,0.0,0.0,-990.3226,-9071.4979,458.0576,5399.1832,-1652.2996,52.01310168,-1088.0605999999998,-1600.28649832,-2688.34709832
604,390.4027,1026.1747,1678.3582,0.0,0.0,0.0,-975.2703,-9104.1301,466.9204,5402.7065,-1586.5712,51.809201279999996,-1114.8379000000004,-1534.76199872,-2649.599898720001
605,387.384,1009.232,1712.491,0.0,0.0,0.0,-957.5314,-9032.3447,503.2474,5408.0688,-1683.6397,55.61420256,-969.4528999999993,-1628.02549744,-2597.478397439999
606,412.1982,1016.6825,1709.0608,0.0,0.0,0.0,-977.5035,-8924.3574,452.431,5348.1659,-1711.8594,53.28694656,-963.3225000000011,-1658.5724534400001,-2621.8949534400012
607,393.1246,1030.6802,1715.3167,0.0,0.0,0.0,-986.9624,-8962.5849,472.4545,5408.4464,-1743.9068,54.43340832,-929.5248999999994,-1689.47339168,-2618.998291679999
608,358.06,1075.8197,1682.5698,0.0,0.0,0.0,-971.2333,-9058.5879,492.603,5463.6486,-1663.0317,54.3942396,-957.1201000000001,-1608.6374604,-2565.7575604
609,383.3722,1030.5658,1690.4154,0.0,0.0,0.0,-986.6653,-9048.5649,454.1294,5407.1906,-1677.1471,52.98606936,-1069.5568000000003,-1624.1610306399998,-2693.7178306400006
610,395.5528,1072.7653,1706.2605,0.0,0.0,0.0,-995.2955,-9095.0114,476.6442,5402.6512,-1613.9801,50.4804168,-1036.4328999999998,-1563.4996832,-2599.9325831999995
611,373.0985,1055.5546,1694.9997,0.0,0.0,0.0,-982.1887,-9041.117,480.1919,5439.9249,-1670.2996,52.0831044,-979.5361000000012,-1618.2164956000001,-2597.7525956000013
612,377.703,1041.0524,1694.1846,0.0,0.0,0.0,-981.524,-8941.1397,472.9613,5425.5164,-1766.2303,53.92338624,-911.2459999999992,-1712.30691376,-2623.5529137599992
613,393.3494,1039.0825,1708.4475,0.0,0.0,0.0,-974.046,-9043.3363,470.2104,5400.7114,-1670.3055,52.8420852,-1005.5811000000012,-1617.4634148,-2623.0445148000013
614,414.7515,1045.7576,1691.0832,0.0,0.0,0.0,-972.7624,-9019.2815,479.0217,5434.4403,-1724.4782,55.16631,-926.9895999999981,-1669.31189,-2596.301489999998
615,404.5529,1036.6341,1700.6496,0.0,0.0,0.0,-950.4642,-9008.2586,463.294,5366.9413,-1659.7377,54.88094664,-986.6508999999987,-1604.8567533599999,-2591.5076533599986
616,392.4713,1038.9656,1698.1192,0.0,0.0,0.0,-965.6833,-9046.8457,471.929,5415.3282,-1678.0629,54.4916592,-995.7157000000007,-1623.5712408,-2619.2869408000006
617,382.8781,1028.6945,1729.3419,0.0,0.0,0.0,-950.7348,-9056.6251,481.4399,5417.0693,-1709.2178,55.796807519999994,-967.9361999999992,-1653.42099248,-2621.357192479999
618,365.6598,1041.8456,1696.7377,0.0,0.0,0.0,-962.7024,-8979.7997,465.9388,5376.527,-1715.2019,54.188341199999996,-995.7932000000001,-1661.0135588,-2656.8067588
619,359.3281,1013.2772,1686.7007,0.0,0.0,0.0,-981.1076,-8977.3621,483.0822,5399.6796,-1690.7855,54.33507288,-1016.4018999999998,-1636.4504271199999,-2652.8523271199997
620,375.5938,1014.1705,1688.7582,0.0,0.0,0.0,-972.0742,-9032.1484,468.2236,5407.7514,-1696.243,56.718213119999994,-1049.7250999999997,-1639.52478688,-2689.2498868799994
621,370.4509,1006.5689,1707.5656,0.0,0.0,0.0,-989.675,-8990.1015,480.911,5411.4208,-1675.0584,51.38393688,-1002.859300000001,-1623.67446312,-2626.533763120001
622,412.2208,1030.3082,1708.5536,0.0,0.0,0.0,-968.3447,-9013.8201,475.6613,5386.7201,-1684.7211,54.93466872,-968.7008000000014,-1629.78643128,-2598.487231280001
623,357.2754,1005.5475,1676.045,0.0,0.0,0.0,-969.956,-9035.582,487.8339,5415.6012,-1649.5898,55.1920572,-1063.2350000000006,-1594.3977428,-2657.6327428000004
624,396.5607,1017.5366,1683.6143,0.0,0.0,0.0,-947.8132,-9082.535,472.1401,5380.5893,-1637.9678,56.165554799999995,-1079.9072000000006,-1581.8022452,-2661.7094452000006
625,377.7633,1032.1721,1713.8763,0.0,0.0,0.0,-990.8043,-9052.213,466.2729,5375.7055,-1644.8623,53.30404008,-1077.2271999999994,-1591.55825992,-2668.785459919999
626,391.0286,996.0316,1683.1305,0.0,0.0,0.0,-972.5385,-9065.6842,471.4262,5383.9,-1616.8987,54.06600816,-1112.7057999999997,-1562.83269184,-2675.5384918399996
627,354.2608,1015.0272,1675.0302,0.0,0.0,0.0,-981.1696,-9041.7695,479.8002,5384.9039,-1619.18,54.982531439999995,-1113.9168000000009,-1564.19746856,-2678.114268560001
628,401.676,1005.7248,1680.0842,0.0,0.0,0.0,-939.4517,-9082.8064,467.0885,5369.6919,-1633.5938,55.082870639999996,-1097.9927000000007,-1578.51092936,-2676.503629360001
629,415.4214,970.8954,1701.5732,0.0,0.0,0.0,-974.032,-9103.1567,471.2774,5369.4625,-1578.9361,54.63319536,-1148.5587999999998,-1524.30290464,-2672.8617046399995
630,396.7482,1036.5716,1692.4326,0.0,0.0,0.0,-959.725,-9036.9763,466.8232,5361.7283,-1629.4845,54.74672424,-1042.3973999999998,-1574.73777576,-2617.13517576
631,378.5999,1073.686,1702.4899,0.0,0.0,0.0,-969.9589,-9002.9624,474.3656,5367.2085,-1672.8558,55.11941856,-976.5714000000007,-1617.73638144,-2594.307781440001
632,406.6862,990.4525,1696.3886,0.0,0.0,0.0,-961.9219,-8916.3666,465.3774,5402.1564,-1761.7519,56.07564336,-917.2273999999998,-1705.67625664,-2622.90365664
633,429.8842,1029.9188,1690.9905,0.0,0.0,0.0,-967.8085,-8866.3336,467.447,5336.6382,-1760.3119,57.051704879999996,-879.2633999999998,-1703.26019512,-2582.5235951199993
634,383.8235,1048.1809,1695.0816,0.0,0.0,0.0,-977.2487,-8951.4181,478.0213,5348.4437,-1699.2647,55.78916544,-975.1158000000005,-1643.47553456,-2618.59133456
635,370.242,1030.871,1691.4597,0.0,0.0,0.0,-954.4004,-8800.4662,479.7792,5371.6566,-1851.5275,57.251141999999994,-810.8581000000004,-1794.2763579999998,-2605.1344580000004
636,387.3275,1058.3666,1684.2187,0.0,0.0,0.0,-941.001,-8906.3209,482.2309,5360.3254,-1754.4979,54.940446,-874.8528000000006,-1699.557454,-2574.410254000001
637,379.6782,1027.886,1684.125,0.0,0.0,0.0,-942.1362,-8857.5589,466.9825,5345.0433,-1783.7656,55.46052504,-895.9800999999998,-1728.30507496,-2624.2851749599995
638,407.1146,1013.2823,1708.3918,0.0,0.0,0.0,-988.1179,-8784.6416,464.781,5331.3739,-1855.3784,56.55801024,-847.8159000000014,-1798.8203897600001,-2646.6362897600015
639,347.4422,1040.7064,1671.1482,0.0,0.0,0.0,-947.7036,-8865.3904,486.3588,5388.3424,-1821.1563,55.02904704,-879.0959999999995,-1766.12725296,-2645.2232529599996
640,363.4235,1066.6274,1683.114,0.0,0.0,0.0,-952.0827,-8888.564,476.1206,5382.1913,-1770.7701,55.78613208,-869.169899999999,-1714.98396792,-2584.153867919999
641,366.3336,1031.3791,1674.877,0.0,0.0,0.0,-995.7016,-8969.8683,470.2573,5356.6396,-1684.4291,53.27975088,-1066.0832999999993,-1631.1493491200001,-2697.2326491199997
642,370.5432,1027.2044,1706.4351,0.0,0.0,0.0,-983.4658,-9012.4784,468.0239,5375.399,-1638.0501,52.8229908,-1048.3385999999991,-1585.2271091999999,-2633.565709199999
643,387.4354,1020.6996,1705.1034,0.0,0.0,0.0,-975.7855,-8959.7926,471.2183,5382.9412,-1720.8317,54.96906168,-968.1801999999998,-1665.8626383199999,-2634.0428383199996
644,407.3108,1085.9862,1668.03,0.0,0.0,0.0,-952.7058,-8916.899,463.2991,5339.7606,-1716.7116,55.60380072,-905.2180999999991,-1661.10779928,-2566.3258992799992
645,412.7258,1079.3184,1713.4433,0.0,0.0,0.0,-964.8321,-8949.0051,475.9431,5346.205,-1667.5304,54.4409424,-886.2016000000003,-1613.0894576,-2499.2910576000004
646,362.709,992.6836,1686.3914,0.0,0.0,0.0,-980.712,-9043.5196,475.124,5385.3007,-1650.7943,55.31221296,-1122.0229,-1595.4820870400001,-2717.50498704
647,388.0635,978.1792,1651.282,0.0,0.0,0.0,-957.2538,-9030.5915,466.9521,5417.9364,-1662.2363,57.581200079999995,-1085.432100000001,-1604.65509992,-2690.087199920001
648,380.9999,1013.0802,1689.6735,0.0,0.0,0.0,-977.7277,-8946.1392,467.4857,5393.4937,-1728.7508,54.6995628,-979.1338999999989,-1674.0512372,-2653.1851371999987
649,356.2439,1034.1309,1697.5126,0.0,0.0,0.0,-962.671,-9049.0136,462.3882,5394.3117,-1659.7947,55.11220416,-1067.0972999999994,-1604.68249584,-2671.779795839999
650,395.4299,1024.9742,1680.056,0.0,0.0,0.0,-967.1712,-9150.1991,474.1661,5419.4987,-1581.5886,52.99308936,-1123.2453999999989,-1528.5955106400002,-2651.840910639999
651,393.6748,997.4709,1711.0839,0.0,0.0,0.0,-966.6028,-9045.1554,456.4218,5407.7706,-1667.2101,55.75373712,-1045.3361999999997,-1611.45636288,-2656.79256288
652,406.1373,1045.9908,1716.2728,0.0,0.0,0.0,-989.1467,-8989.7766,483.9808,5424.6509,-1748.637,54.32480928,-901.8906999999999,-1694.31219072,-2596.2028907199997
653,397.6686,1055.8425,1700.8353,0.0,0.0,0.0,-1002.2421,-8906.7614,474.4587,5383.3057,-1756.3538,53.338687199999995,-896.8926999999994,-1703.0151128,-2599.907812799999
654,362.148,1031.197,1705.3883,0.0,0.0,0.0,-984.0985,-8969.2017,477.599,5368.7966,-1701.5587,54.53875368,-1008.1713,-1647.0199463200001,-2655.19124632
655,409.9606,1082.0658,1700.2844,0.0,0.0,0.0,-955.2897,-8965.6492,481.6636,5379.134,-1730.7062,56.437292879999994,-867.8305,-1674.26890712,-2542.0994071200003
656,397.7322,1030.5602,1683.2558,0.0,0.0,0.0,-976.3242,-9012.1224,488.962,5372.6515,-1639.7197,55.14736392,-1015.2849000000006,-1584.57233608,-2599.857236080001
657,384.8566,1020.6902,1702.6906,0.0,0.0,0.0,-977.3128,-8876.4742,464.9468,5333.1754,-1735.0722,55.624797359999995,-947.4274000000005,-1679.44740264,-2626.874802640001
658,426.6376,1050.879,1711.1843,0.0,0.0,0.0,-990.884,-9009.7803,472.0096,5370.714,-1648.9381,53.48127888,-969.2398000000003,-1595.45682112,-2564.6966211200006
659,391.2907,1038.2851,1691.3176,0.0,0.0,0.0,-979.5362,-9011.4594,475.1127,5363.4295,-1658.216,52.51150152,-1031.5599999999995,-1605.70449848,-2637.2644984799995
660,382.62,1001.5293,1703.9504,0.0,0.0,0.0,-955.7881,-9091.258,454.8167,5363.502,-1600.0438,55.562000399999995,-1140.627699999999,-1544.4817996,-2685.109499599999
661,398.6229,1051.5198,1679.9193,0.0,0.0,0.0,-990.0597,-9133.7005,483.1423,5385.0643,-1545.0469,51.91561728,-1125.4916000000012,-1493.13128272,-2618.6228827200016
662,399.4731,992.8637,1704.0855,0.0,0.0,0.0,-964.6918,-8979.8064,462.0662,5366.4489,-1676.6989,54.08644176,-1019.5607999999993,-1622.61245824,-2642.1732582399995
663,381.7398,1003.4772,1696.4634,0.0,0.0,0.0,-981.6069,-9135.4724,468.9615,5404.4221,-1564.3931,52.42213944,-1162.0153,-1511.97096056,-2673.98626056
664,389.5779,1033.7026,1702.3424,0.0,0.0,0.0,-980.6286,-9019.7936,489.3189,5415.4539,-1667.5462,52.3327824,-970.0264999999999,-1615.2134176,-2585.2399176
665,401.7992,1014.0944,1671.7488,0.0,0.0,0.0,-989.1699,-8988.5547,468.0119,5406.8338,-1705.4713,52.186379759999994,-1015.2365,-1653.28492024,-2668.52142024
666,390.2328,964.5628,1710.8788,0.0,0.0,0.0,-1001.7021,-9121.0423,475.8245,5429.9309,-1614.6035,52.157320559999995,-1151.3145999999997,-1562.44617944,-2713.76077944
667,405.132,1011.642,1697.7712,0.0,0.0,0.0,-980.4836,-9162.4122,473.3709,5413.1023,-1571.5673,52.78517208,-1141.8774000000012,-1518.78212792,-2660.659527920001
668,397.8181,1028.7696,1701.5903,0.0,0.0,0.0,-971.1449,-9036.6074,471.497,5380.6642,-1653.8819,54.531799199999995,-1027.4131000000007,-1599.3501008,-2626.763200800001
669,395.8912,1039.0223,1703.0117,0.0,0.0,0.0,-991.1139,-9003.9475,457.5079,5372.9436,-1658.7299,52.7727636,-1026.6847000000007,-1605.9571364,-2632.641836400001
670,400.021,1015.9633,1725.2312,0.0,0.0,0.0,-949.1571,-9040.8534,471.5948,5382.1511,-1660.4013,55.1942784,-995.0491000000002,-1605.2070216,-2600.2561216000004
671,399.5718,976.191,1669.778,0.0,0.0,0.0,-967.301,-9021.959,474.6793,5393.8442,-1661.1208,55.169687520000004,-1075.195700000002,-1605.95111248,-2681.1468124800017
672,388.3913,1054.987,1701.7539,0.0,0.0,0.0,-986.4901,-9108.519,479.8328,5393.6294,-1607.3836,52.17849576,-1076.4147000000003,-1555.2051042399999,-2631.6198042400006
673,398.8116,1006.372,1713.8678,0.0,0.0,0.0,-987.835,-9017.5229,468.1377,5353.4018,-1664.4529,53.83463544,-1064.7670000000007,-1610.61826456,-2675.385264560001
674,403.4802,1022.6867,1687.3989,0.0,0.0,0.0,-996.5659,-8930.0867,471.7362,5401.2491,-1730.6946,53.544860639999996,-940.1014999999998,-1677.14973936,-2617.2512393599995
675,406.054,970.5363,1716.4502,0.0,0.0,0.0,-978.9157,-9074.6962,473.7747,5354.9792,-1580.5011,54.07401024,-1131.817500000001,-1526.42708976,-2658.244589760001
676,405.0857,1005.3348,1699.6017,0.0,0.0,0.0,-998.0253,-8989.0897,465.7054,5352.9454,-1644.9084,54.84010248,-1058.442000000001,-1590.06829752,-2648.510297520001
677,383.1402,1010.7997,1662.4198,0.0,0.0,0.0,-971.3808,-9044.0955,494.6847,5395.2449,-1641.8769,53.34951528,-1069.187,-1588.5273847199999,-2657.71438472
678,401.8333,1016.9422,1679.1142,0.0,0.0,0.0,-998.2635,-8933.689,459.0803,5343.4298,-1682.2104,53.66631312,-1031.552700000001,-1628.54408688,-2660.096786880001
679,385.0147,986.2758,1692.0998,0.0,0.0,0.0,-984.5005,-8986.8375,482.7615,5375.3082,-1655.0281,52.14932928,-1049.8779999999997,-1602.87877072,-2652.7567707199996
680,387.1997,1054.4371,1676.5157,0.0,0.0,0.0,-951.1121,-9021.116,480.929,5350.0391,-1627.4815,53.33329512,-1023.1075000000001,-1574.14820488,-2597.25570488
681,381.1476,1011.0163,1672.5682,0.0,0.0,0.0,-986.2938,-9129.6269,474.3184,5385.8685,-1549.7117,53.30862792,-1191.0016999999998,-1496.4030720800001,-2687.4047720799995
682,391.4276,1031.3775,1704.1997,0.0,0.0,0.0,-978.493,-9021.7201,467.8054,5381.972,-1656.627,53.94714408,-1023.4309000000003,-1602.67985592,-2626.1107559200004
683,376.0003,1038.0785,1688.1812,0.0,0.0,0.0,-980.8735,-9136.3642,488.8552,5392.4207,-1554.3085,51.85299671999999,-1133.7017999999998,-1502.4555032800001,-2636.1573032799997
684,381.0664,1019.8437,1692.0804,0.0,0.0,0.0,-962.1881,-9026.2958,473.9647,5359.7042,-1657.4675,54.95407488,-1061.8244999999988,-1602.51342512,-2664.3379251199985
685,395.7853,1030.4336,1691.9494,0.0,0.0,0.0,-948.1893,-9106.1991,470.814,5385.9117,-1583.7724,56.362068719999996,-1079.4943999999996,-1527.41033128,-2606.9047312799994
686,395.8003,1041.7162,1677.49,0.0,0.0,0.0,-959.1279,-9081.9342,485.6154,5378.9256,-1601.8606,53.86888872,-1061.5146000000004,-1547.99171128,-2609.5063112800003
687,388.7189,997.6812,1670.1641,0.0,0.0,0.0,-975.5711,-9030.8127,478.1716,5399.5132,-1655.6694,55.81301472,-1072.1348000000007,-1599.85638528,-2671.9911852800005
688,402.2217,1022.2828,1679.666,0.0,0.0,0.0,-928.3076,-8955.152,467.4982,5406.6976,-1750.229,58.41950687999999,-905.0932999999995,-1691.80949312,-2596.90279312
689,367.3186,1049.7385,1702.2875,0.0,0.0,0.0,-947.209,-8847.2083,486.5244,5377.0129,-1837.3396,57.843218879999995,-811.5354000000007,-1779.49638112,-2591.031781120001
690,407.6037,1038.5135,1683.4768,0.0,0.0,0.0,-948.2852,-8837.4229,467.2918,5360.4818,-1837.3718,58.71255912,-828.3405000000002,-1778.65924088,-2606.99974088
691,395.815,1025.1074,1683.9053,0.0,0.0,0.0,-954.2246,-8920.0067,475.7991,5371.417,-1737.8073,57.00209688,-922.1874999999991,-1680.80520312,-2602.992703119999
692,414.6248,1014.5373,1708.1033,0.0,0.0,0.0,-963.822,-8962.16,465.226,5395.3176,-1721.9474,56.911072319999995,-928.1729999999998,-1665.03632768,-2593.2093276799997
693,375.3989,1034.1822,1680.1711,0.0,0.0,0.0,-955.8321,-9037.0308,479.4693,5378.1331,-1640.1814,54.44336448,-1045.5083000000013,-1585.73803552,-2631.246335520001
694,392.8859,1080.5593,1705.5823,0.0,0.0,0.0,-981.4721,-8986.9784,458.7645,5364.1108,-1674.9137,52.29257112,-966.5476999999992,-1622.62112888,-2589.168828879999
695,399.2049,1028.4235,1699.6026,0.0,0.0,0.0,-995.5699,-8999.172,479.7124,5419.9311,-1694.9577,53.03264976,-967.867400000001,-1641.92505024,-2609.792450240001
696,384.7103,1063.6194,1708.6766,0.0,0.0,0.0,-992.5823,-9018.7358,472.8837,5363.5198,-1654.1721,53.6836248,-1017.9083,-1600.4884752,-2618.3967752
697,413.3134,1058.2666,1684.4579,0.0,0.0,0.0,-988.4713,-9085.1579,460.5626,5362.4241,-1588.7056,53.0974836,-1094.6045999999997,-1535.6081164,-2630.2127164
698,391.5182,1023.3389,1705.7425,0.0,0.0,0.0,-968.114,-9117.1359,480.6936,5388.5375,-1578.2929,53.166052799999996,-1095.4191999999994,-1525.1268472,-2620.546047199999
699,404.6715,1034.3689,1693.7108,0.0,0.0,0.0,-964.5707,-9087.1395,466.1856,5419.2609,-1642.3681,54.0413388,-1033.5124999999998,-1588.3267612,-2621.8392611999993
700,377.1372,1022.0182,1677.9926,0.0,0.0,0.0,-958.678,-9097.2586,475.512,5373.6597,-1566.2157,53.2580796,-1129.616899999999,-1512.9576204,-2642.5745203999986
701,406.2872,1011.5599,1695.6918,0.0,0.0,0.0,-944.3545,-9034.6148,454.9313,5371.4826,-1616.5804,54.725535359999995,-1039.0164999999988,-1561.85486464,-2600.871364639999
702,420.6274,1014.7417,1669.7837,0.0,0.0,0.0,-972.3914,-8979.3186,454.7908,5338.9565,-1660.5765,55.01045736,-1052.809900000001,-1605.56604264,-2658.375942640001
703,409.0443,1008.5436,1676.4649,0.0,0.0,0.0,-974.4507,-9078.5882,487.5981,5363.2966,-1578.2679,53.54282232,-1108.0914000000002,-1524.7250776800001,-2632.81647768
704,363.4928,1063.7831,1672.9182,0.0,0.0,0.0,-971.9575,-8958.1545,466.5294,5363.6679,-1688.9621,53.89583183999999,-999.7205999999996,-1635.06626816,-2634.7868681599994
705,385.6613,1004.1057,1694.4508,0.0,0.0,0.0,-978.0941,-8946.3479,469.1752,5368.6094,-1731.7565,53.82311256,-1002.4396000000006,-1677.93338744,-2680.3729874400005
706,383.8522,1008.3387,1682.3028,0.0,0.0,0.0,-969.3721,-9038.7525,465.7917,5414.2227,-1669.8641,53.95091976,-1053.6165,-1615.91318024,-2669.52968024
707,372.351,1024.3251,1696.2087,0.0,0.0,0.0,-955.2566,-9086.3217,463.0134,5416.9114,-1665.6941,56.4003216,-1068.7687000000014,-1609.2937783999998,-2678.062478400001
708,379.4416,1099.431,1687.3958,0.0,0.0,0.0,-953.58,-9123.2863,479.9675,5402.088,-1602.06,54.642315599999996,-1028.5424000000003,-1547.4176843999999,-2575.9600844
709,392.9189,1042.0354,1688.0043,0.0,0.0,0.0,-982.6264,-9080.9703,475.257,5416.5776,-1639.6253,52.81183872,-1048.8035000000018,-1586.81346128,-2635.6169612800013
710,389.2387,1025.2247,1683.1254,0.0,0.0,0.0,-975.1482,-9041.0205,466.4325,5420.3631,-1667.5796,52.92086904,-1031.7843000000012,-1614.65873096,-2646.443030960001
711,377.7036,1008.102,1671.134,0.0,0.0,0.0,-978.9378,-8998.6602,468.5714,5388.4056,-1686.8441,52.91098632,-1063.6814000000004,-1633.9331136800001,-2697.6145136800005
712,372.5176,1040.4456,1709.1556,0.0,0.0,0.0,-969.8866,-9033.5637,482.5064,5404.0871,-1664.5173,53.79407784,-994.7380000000003,-1610.72322216,-2605.46122216
713,418.4473,1032.6876,1686.1322,0.0,0.0,0.0,-951.3315,-9026.7473,475.4572,5390.9651,-1672.0012,55.02647376,-974.3894000000009,-1616.9747262399999,-2591.3641262400006
714,415.5155,1023.5864,1682.3067,0.0,0.0,0.0,-985.5144,-9100.3831,471.1766,5404.7866,-1589.1137,52.23752568,-1088.5256999999983,-1536.87617432,-2625.401874319998
715,393.6228,1057.1572,1677.1117,0.0,0.0,0.0,-971.71,-8903.9505,479.4913,5358.7822,-1751.0983,54.57284136,-909.4953000000014,-1696.5254586400001,-2606.0207586400015
716,378.6277,973.1323,1704.6078,0.0,0.0,0.0,-957.9665,-8908.9467,486.8014,5359.199,-1729.0874,54.470350079999996,-964.545000000001,-1674.61704992,-2639.1620499200008
717,412.125,1059.3409,1680.0911,0.0,0.0,0.0,-970.0034,-9082.0986,483.3163,5436.1376,-1660.636,54.930112560000005,-981.0910999999996,-1605.70588744,-2586.7969874399996
718,364.2415,1031.7606,1672.2626,0.0,0.0,0.0,-972.1939,-8992.172,486.018,5400.1513,-1716.6472,54.76537079999999,-1009.9318999999996,-1661.8818292,-2671.8137292
719,402.8282,1035.4019,1675.2863,0.0,0.0,0.0,-968.5947,-9005.5579,471.8924,5377.5204,-1686.0596,53.64660456,-1011.2233999999999,-1632.41299544,-2643.63639544
720,395.5575,1050.3718,1666.7888,0.0,0.0,0.0,-965.2924,-8965.4002,469.0659,5400.5394,-1723.9677,56.2473648,-948.369200000001,-1667.7203352,-2616.089535200001
721,389.1155,1044.3958,1670.5829,0.0,0.0,0.0,-954.298,-8949.5859,488.0815,5361.7697,-1694.2224,54.55567944,-949.9384999999993,-1639.6667205600002,-2589.6052205599995
722,408.2923,1027.247,1692.0506,0.0,0.0,0.0,-994.7565,-8870.2866,469.7308,5348.1076,-1765.4212,54.0817524,-919.6147999999994,-1711.3394476,-2630.9542475999992
723,363.5067,1009.2557,1683.3667,0.0,0.0,0.0,-983.38,-8836.8757,485.596,5359.3599,-1790.6392,56.75118912,-919.1706999999997,-1733.8880108800001,-2653.0587108799996
724,392.0193,986.9955,1680.8359,0.0,0.0,0.0,-989.3634,-8857.1132,476.399,5336.2642,-1762.0337,54.96396408,-973.9627,-1707.0697359199999,-2681.03243592
725,380.3118,1028.7557,1656.5506,0.0,0.0,0.0,-980.5598,-8859.4322,475.725,5347.9033,-1778.3704,55.83712968,-950.7455999999993,-1722.53327032,-2673.278870319999
726,386.067,1019.8372,1680.0434,0.0,0.0,0.0,-956.7728,-8976.9304,477.9257,5354.3803,-1693.2093,56.44970136,-1015.4495999999999,-1636.75959864,-2652.20919864
727,374.0077,980.5542,1689.8548,0.0,0.0,0.0,-995.2192,-8928.1577,469.2539,5416.5476,-1741.3707,53.95527576,-993.1587,-1687.41542424,-2680.57412424
728,397.7708,1007.186,1697.6265,0.0,0.0,0.0,-961.1813,-8845.948,467.4171,5336.2368,-1799.7421,55.50844608,-900.8921000000009,-1744.23365392,-2645.125753920001
729,401.0218,1003.5826,1688.2775,0.0,0.0,0.0,-975.9803,-9040.5733,483.5664,5421.3828,-1675.9213,52.492097519999994,-1018.7225000000008,-1623.42920248,-2642.151702480001
730,415.8674,1022.9383,1682.5405,0.0,0.0,0.0,-995.2618,-8889.3672,467.2172,5390.8064,-1781.717,54.59401368,-905.2592000000004,-1727.12298632,-2632.3821863200005
731,381.1413,1003.4465,1680.4375,0.0,0.0,0.0,-975.0357,-8861.4061,490.1368,5389.3196,-1766.6895,56.555491679999996,-891.9600999999993,-1710.13400832,-2602.094108319999
732,400.5117,1019.829,1686.6482,0.0,0.0,0.0,-980.3573,-8975.1285,480.4962,5396.9165,-1697.0581,53.14397688,-971.0842000000002,-1643.9141231199999,-2614.9983231200004
733,380.8822,1042.7696,1673.6287,0.0,0.0,0.0,-977.0692,-9014.6243,491.311,5409.5108,-1680.9599,52.8350436,-993.5911999999998,-1628.1248564,-2621.7160563999996
734,386.2836,1039.007,1679.3617,0.0,0.0,0.0,-992.6992,-8978.2028,467.7333,5378.6827,-1680.6562,54.14298624,-1019.8336999999992,-1626.5132137599999,-2646.346913759999
735,375.6848,1052.65,1677.3659,0.0,0.0,0.0,-979.3985,-9039.0406,468.6872,5403.9368,-1638.4987,54.12955248,-1040.1143999999995,-1584.36914752,-2624.48354752
736,379.09,1023.2858,1681.7566,0.0,0.0,0.0,-970.5186,-8944.7795,472.3456,5400.1902,-1734.9906,54.54967968,-958.6299000000008,-1680.44092032,-2639.070820320001
737,409.7944,1026.2655,1698.8452,0.0,0.0,0.0,-968.7144,-9047.0254,484.7097,5377.671,-1651.1761,54.22542048,-1018.4539999999997,-1596.95067952,-2615.4046795199993
738,399.6246,1007.0978,1708.2199,0.0,0.0,0.0,-976.4242,-9057.0446,471.4565,5375.1443,-1609.2964,51.40439424,-1071.9256999999989,-1557.8920057599998,-2629.817705759999
739,396.7179,1031.5255,1686.2026,0.0,0.0,0.0,-979.4972,-9056.3626,480.0842,5377.3474,-1621.9874,52.77764808,-1063.9822000000004,-1569.20975192,-2633.1919519200005
740,387.2143,1032.8036,1710.0852,0.0,0.0,0.0,-977.4713,-8889.235,473.3112,5380.3985,-1798.0904,54.129031919999996,-882.893500000001,-1743.96136808,-2626.854868080001
741,406.2996,1031.6707,1665.5988,0.0,0.0,0.0,-971.4955,-9039.0293,482.8696,5406.8412,-1653.8755,54.566290079999995,-1017.2449000000006,-1599.30920992,-2616.554109920001
742,396.429,1022.0151,1699.9157,0.0,0.0,0.0,-995.5192,-9081.2483,468.9483,5400.9232,-1594.4599,53.728722,-1088.5361999999986,-1540.731178,-2629.2673779999986
743,371.1682,1034.6907,1707.655,0.0,0.0,0.0,-986.7272,-9132.2074,473.19,5396.7981,-1563.9518,50.9012748,-1135.4326,-1513.0505252,-2648.4831252
744,369.8216,1051.2908,1705.5804,0.0,0.0,0.0,-951.3482,-9091.3563,469.4775,5371.5711,-1593.4524,53.64089064,-1074.963099999999,-1539.81150936,-2614.774609359999
745,383.3585,1054.0079,1700.7536,0.0,0.0,0.0,-995.3219,-9150.0223,486.7298,5391.5337,-1564.8049,51.68021975999999,-1128.9607000000005,-1513.12468024,-2642.0853802400006
746,392.3405,1074.0373,1697.2295,0.0,0.0,0.0,-973.7492,-8960.3487,475.0963,5374.0321,-1685.4303,54.03879216,-921.3622000000005,-1631.39150784,-2552.7537078400005
747,395.7549,984.0565,1659.9727,0.0,0.0,0.0,-968.5545,-9065.1045,481.3901,5424.6456,-1606.4536,53.003745359999996,-1087.8392000000003,-1553.44985464,-2641.2890546400004
748,374.0163,1026.6866,1676.676,0.0,0.0,0.0,-943.688,-9181.8747,482.9828,5405.2143,-1526.508,52.09471584,-1159.9867000000013,-1474.41328416,-2634.399984160001
749,402.4622,1027.0347,1689.8589,0.0,0.0,0.0,-965.8947,-9107.8912,465.9669,5402.1971,-1608.851,54.17780688,-1086.266099999999,-1554.6731931200002,-2640.939293119999
750,392.6654,1035.398,1704.0779,0.0,0.0,0.0,-950.4775,-9135.2095,483.8093,5419.3551,-1600.0365,55.5618348,-1050.381300000001,-1544.4746652,-2594.8559652000013
751,377.1209,1029.5906,1689.5562,0.0,0.0,0.0,-990.2836,-9075.5691,469.1708,5383.0893,-1612.6147,53.11497456,-1117.3249000000014,-1559.49972544,-2676.8246254400015
752,382.0882,1013.3277,1705.1153,0.0,0.0,0.0,-992.515,-9057.3731,478.6622,5393.0684,-1622.5148,53.59739184,-1077.6263000000008,-1568.91740816,-2646.5437081600007
753,389.2228,1025.7302,1682.6557,0.0,0.0,0.0,-947.3104,-9110.9945,481.1304,5416.2373,-1621.5251,54.494740799999995,-1063.3285000000005,-1567.0303592,-2630.3588592000006
754,416.1238,1046.1861,1700.1863,0.0,0.0,0.0,-992.3348,-8913.2585,465.0154,5332.8385,-1712.5932,54.23447664,-945.2431999999999,-1658.35872336,-2603.60192336
755,354.7274,990.9882,1714.6311,0.0,0.0,0.0,-932.9476,-8896.135,476.6418,5383.1195,-1786.1762,57.83680871999999,-908.9745999999996,-1728.3393912800002,-2637.3139912799993
756,397.006,1027.3669,1680.3443,0.0,0.0,0.0,-994.7138,-8890.3768,472.2172,5383.8325,-1786.0664,54.99159696,-924.3236999999999,-1731.07480304,-2655.3985030399995
757,339.8065,990.486,1710.4781,0.0,0.0,0.0,-976.0135,-8879.3767,482.4835,5427.7652,-1816.0288,56.83621752,-904.3709000000008,-1759.19258248,-2663.563482480001
758,397.4713,1046.4585,1677.9524,0.0,0.0,0.0,-968.0338,-8940.4248,471.7129,5344.4814,-1687.5884,55.289578320000004,-970.3821000000016,-1632.2988216800002,-2602.6809216800016
759,370.5479,1039.0614,1691.2471,0.0,0.0,0.0,-987.1349,-8880.9692,477.944,5396.2228,-1755.4113,54.90997776,-893.0808999999999,-1700.50132224,-2593.5822222399997
760,369.3113,1032.4415,1684.8275,0.0,0.0,0.0,-940.093,-8990.1839,463.3731,5348.9751,-1692.0298,57.205548,-1031.3483999999999,-1634.8242520000001,-2666.172652
761,376.4761,1095.5287,1677.8926,0.0,0.0,0.0,-975.4093,-8941.6131,473.0315,5350.2872,-1704.2069,56.954538,-943.8063000000011,-1647.252362,-2591.0586620000013
762,378.7413,1044.3167,1683.5523,0.0,0.0,0.0,-967.776,-8994.4319,468.6559,5388.092,-1695.9459,55.260207359999995,-998.8496999999998,-1640.6856926399998,-2639.5353926399994
763,388.2726,1035.9508,1675.4715,0.0,0.0,0.0,-968.594,-8947.7435,464.488,5292.8269,-1654.4572,55.13447592,-1059.3276999999998,-1599.3227240800002,-2658.6504240799995
764,390.0735,998.9114,1684.3088,0.0,0.0,0.0,-945.1884,-8975.9696,473.2044,5354.4899,-1689.0733,55.841779439999996,-1020.170000000001,-1633.23152056,-2653.401520560001
765,385.3862,1035.249,1694.4482,0.0,0.0,0.0,-971.1965,-9031.3849,486.3793,5396.1562,-1699.9912,56.34059472,-1004.9624999999996,-1643.65060528,-2648.6131052799997
766,375.8897,1004.1139,1697.9942,0.0,0.0,0.0,-948.5394,-8997.1672,460.5993,5393.3361,-1728.4896,57.19377744,-1013.7734,-1671.29582256,-2685.06922256
767,371.4275,1031.9837,1681.7607,0.0,0.0,0.0,-935.0992,-8973.6948,465.6757,5354.7407,-1722.433,58.404787199999994,-1003.2056999999986,-1664.0282128,-2667.2339127999985
768,392.0686,1006.3814,1682.7898,0.0,0.0,0.0,-965.8319,-9102.5083,476.8937,5395.0382,-1583.5529,54.36210816,-1115.1684999999998,-1529.19079184,-2644.3592918399995
769,390.7297,1003.7228,1699.689,0.0,0.0,0.0,-975.4916,-8967.2373,472.2852,5363.7216,-1679.3779,53.58996648,-1012.5806000000002,-1625.78793352,-2638.3685335200003
770,362.0467,978.9111,1685.3086,0.0,0.0,0.0,-953.5076,-9027.8713,482.8987,5410.3226,-1684.801,54.8747748,-1061.8912,-1629.9262251999999,-2691.8174252
771,396.0945,1026.143,1683.3869,0.0,0.0,0.0,-962.5917,-8898.7269,481.6311,5359.722,-1757.3369,54.496548,-914.3411000000006,-1702.840352,-2617.1814520000007
772,371.3284,1075.1681,1684.1745,0.0,0.0,0.0,-964.1658,-8876.2642,468.2308,5403.3314,-1827.6304,56.19744288,-838.1967999999988,-1771.43295712,-2609.629757119999
773,409.4225,1042.0425,1671.3787,0.0,0.0,0.0,-957.0146,-8920.0742,467.7177,5363.743,-1748.6196,55.40396688,-922.7843999999977,-1693.21563312,-2616.0000331199976
774,393.9392,971.0389,1699.0265,0.0,0.0,0.0,-968.6648,-8972.4362,475.1768,5376.2707,-1712.7229,53.40154968,-1025.6489000000001,-1659.32135032,-2684.97025032
775,368.6375,1021.6896,1701.6666,0.0,0.0,0.0,-967.7679,-8871.8619,487.2649,5357.8661,-1778.9574,54.364551119999994,-902.5050999999994,-1724.59284888,-2627.0979488799994
776,378.3355,987.7154,1677.222,0.0,0.0,0.0,-967.7541,-8908.932,468.601,5400.4673,-1786.6537,54.83245464,-964.344900000001,-1731.8212453600001,-2696.166145360001
777,412.4324,1025.6949,1684.4081,0.0,0.0,0.0,-976.5987,-8829.2524,471.4735,5361.5961,-1825.0475,54.154013039999995,-850.2460999999994,-1770.8934869599998,-2621.139586959999
778,409.2463,1011.1897,1670.1994,0.0,0.0,0.0,-984.6873,-8853.6035,470.2788,5307.6874,-1733.3916,53.01470088,-969.6891999999998,-1680.37689912,-2650.0660991199998
779,387.2259,1048.4104,1660.1027,0.0,0.0,0.0,-983.6607,-8943.8883,460.9319,5355.1699,-1683.1339,53.27258472,-1015.7082000000009,-1629.86131528,-2645.569515280001
780,387.37,1016.799,1693.7074,0.0,0.0,0.0,-944.8866,-8936.1388,478.2544,5359.5107,-1715.0277,52.61664888,-945.3839000000007,-1662.4110511200001,-2607.794951120001
781,379.3849,1039.163,1685.2557,0.0,0.0,0.0,-977.119,-8891.9896,476.0594,5348.8244,-1763.8032,55.01263536,-940.4211999999998,-1708.79056464,-2649.21176464
782,414.3374,1014.0889,1690.0469,0.0,0.0,0.0,-987.7434,-8915.385,466.7396,5371.8119,-1736.354,53.04445272,-946.1036999999997,-1683.30954728,-2629.4132472799997
783,387.5154,995.2036,1670.26,0.0,0.0,0.0,-988.7144,-8796.9392,482.6843,5327.8277,-1789.1135,53.588197439999995,-922.1626000000006,-1735.52530256,-2657.6879025600006
784,415.6646,1053.5925,1684.1517,0.0,0.0,0.0,-954.6706,-8920.8848,486.6782,5350.5672,-1719.7742,53.13030192,-884.9011999999993,-1666.64389808,-2551.545098079999
785,375.7153,1023.8962,1701.475,0.0,0.0,0.0,-966.967,-8911.9436,479.6387,5388.9086,-1769.7478,55.10781504,-909.2768000000005,-1714.63998496,-2623.9167849600008
786,373.2022,1056.6987,1692.5133,0.0,0.0,0.0,-979.506,-8829.5921,482.6486,5343.9654,-1793.2315,54.13952808,-860.0698999999995,-1739.09197192,-2599.161871919999
787,401.5388,988.4651,1685.9824,0.0,0.0,0.0,-982.3964,-8899.9677,480.9094,5366.2905,-1734.8797,54.0959436,-959.1778999999997,-1680.7837564,-2639.9616564
788,372.0992,1015.2468,1700.8325,0.0,0.0,0.0,-980.6302,-9063.3716,484.0008,5423.8414,-1618.4418,51.83206272,-1047.9811,-1566.60973728,-2614.59083728
789,377.7692,1032.7041,1662.1773,0.0,0.0,0.0,-971.2138,-8914.556,460.0837,5365.5021,-1723.698,53.9858268,-987.5334000000012,-1669.7121732,-2657.2455732000017
790,344.7858,1029.2147,1665.1515,0.0,0.0,0.0,-981.1374,-8804.3547,472.796,5397.8998,-1871.7972,52.92052488,-875.644299999999,-1818.87667512,-2694.520975119999
791,381.4687,1001.3527,1678.3945,0.0,0.0,0.0,-972.2643,-9034.5368,477.2642,5398.3705,-1652.0929,52.07208048,-1069.9505,-1600.02081952,-2669.97131952
792,394.5563,1028.1602,1692.6622,0.0,0.0,0.0,-969.8018,-8924.8495,465.6484,5403.7435,-1784.5845,53.27399448,-909.8807000000006,-1731.3105055199999,-2641.1912055200005
793,368.8514,1038.602,1690.7907,0.0,0.0,0.0,-970.714,-8971.9542,458.1682,5388.1904,-1697.1469,53.787104639999995,-998.0654999999997,-1643.35979536,-2641.4252953599994
794,373.804,990.839,1666.6412,0.0,0.0,0.0,-974.7473,-8948.1909,477.8993,5400.7194,-1719.8815,53.26133184,-1013.0352999999996,-1666.62016816,-2679.6554681599996
795,420.7276,1066.729,1713.1348,0.0,0.0,0.0,-973.0912,-8990.599,467.7568,5379.7835,-1734.2729,54.35997768,-915.5585000000001,-1679.91292232,-2595.47142232
796,394.9941,1038.1437,1688.0501,0.0,0.0,0.0,-949.9608,-9060.8741,463.3017,5402.2701,-1676.3528,54.430946639999995,-1024.0752000000011,-1621.92185336,-2645.997053360001
797,399.1266,1019.2487,1681.8404,0.0,0.0,0.0,-962.7773,-9042.5288,493.3213,5415.5777,-1709.0919,55.02039336,-996.1914000000006,-1654.0715066399998,-2650.2629066400004
798,404.1242,983.9781,1683.1771,0.0,0.0,0.0,-953.0771,-9133.7932,485.0313,5496.2789,-1644.8346,51.97816151999999,-1034.2806999999993,-1592.85643848,-2627.1371384799995
799,382.8432,1075.2104,1699.4682,0.0,0.0,0.0,-938.025,-9085.8157,488.9393,5416.3534,-1667.5285,54.32918616,-961.0261999999993,-1613.1993138399998,-2574.225513839999
800,401.8599,1009.989,1709.2435,0.0,0.0,0.0,-972.9427,-9125.5925,490.0061,5422.2066,-1627.2875,52.07209776,-1065.2301000000007,-1575.21540224,-2640.4455022400007
801,377.4095,1004.3697,1670.5427,0.0,0.0,0.0,-976.0701,-9071.6068,485.5094,5417.2602,-1629.7073,52.5053988,-1092.5854,-1577.2019012,-2669.7873012
802,396.8895,1025.2406,1666.8292,0.0,0.0,0.0,-979.1959,-8983.5426,467.8196,5399.9428,-1708.7964,53.30751912,-1006.0168000000012,-1655.48888088,-2661.5056808800014
803,372.9883,1012.9617,1702.6503,0.0,0.0,0.0,-981.4166,-9003.603,468.1922,5368.1541,-1675.8768,52.05138552,-1060.0729999999994,-1623.82541448,-2683.8984144799992
804,406.2071,1020.2866,1687.8667,0.0,0.0,0.0,-979.6007,-9002.4066,475.1263,5399.6031,-1728.649,54.8387784,-992.9174999999996,-1673.8102216,-2666.7277215999993
805,391.3465,1068.1095,1682.2652,0.0,0.0,0.0,-968.5572,-8843.6391,459.8932,5386.11,-1842.0612,54.90671472,-824.4719000000014,-1787.15448528,-2611.6263852800016
806,365.0805,1014.7512,1684.0736,0.0,0.0,0.0,-940.3902,-8977.4234,481.7313,5412.1257,-1771.712,54.11394072,-960.0513000000001,-1717.59805928,-2677.64935928
807,379.5697,1023.8837,1679.6961,0.0,0.0,0.0,-938.5189,-8975.4492,468.5394,5359.5555,-1693.5332,53.47354248,-1002.7236999999996,-1640.05965752,-2642.7833575199993
808,386.6702,1005.0954,1688.5844,0.0,0.0,0.0,-972.1882,-8848.013,477.9053,5363.1929,-1781.6918,54.8369316,-898.7530000000006,-1726.8548684,-2625.607868400001
809,398.825,1044.8159,1690.7693,0.0,0.0,0.0,-972.9439,-8908.3575,466.7508,5319.7157,-1741.2647,54.02574792,-960.4247000000005,-1687.23895208,-2647.6636520800002
810,397.315,1015.0785,1693.8891,0.0,0.0,0.0,-987.523,-8913.3751,468.3343,5382.9983,-1747.03,53.615825279999996,-943.2828999999992,-1693.41417472,-2636.697074719999
811,398.8876,994.1145,1664.4087,0.0,0.0,0.0,-982.7032,-8882.7359,475.3738,5361.0445,-1754.9297,54.67665528,-971.6099999999997,-1700.25304472,-2671.8630447199994
812,379.7986,1012.0299,1698.7541,0.0,0.0,0.0,-987.5231,-8931.9815,480.0076,5349.8086,-1686.8933,53.39745072,-999.1057999999994,-1633.49584928,-2632.601649279999
813,376.3491,1009.4646,1672.9968,0.0,0.0,0.0,-979.7597,-8970.8858,466.8841,5356.9541,-1698.937,53.19644688,-1067.9968,-1645.74055312,-2713.7373531199996
814,407.7398,995.2355,1700.7516,0.0,0.0,0.0,-959.0587,-8943.2861,458.1072,5356.2225,-1713.6487,55.261547279999995,-984.288199999999,-1658.38715272,-2642.675352719999
815,409.021,1016.3903,1707.2922,0.0,0.0,0.0,-979.6309,-8960.7095,488.4944,5375.3723,-1699.1481,53.32459032,-943.7702000000018,-1645.8235096800001,-2589.593709680002
816,401.6161,1049.4015,1678.4724,0.0,0.0,0.0,-952.3387,-9021.166,476.005,5371.6034,-1663.5648,53.77594824,-996.4062999999996,-1609.7888517600002,-2606.1951517599996
817,415.5053,1063.6734,1706.4755,0.0,0.0,0.0,-971.3435,-8955.8822,460.0845,5345.2105,-1709.1733,55.018503360000004,-936.2764999999999,-1654.1547966399999,-2590.43129664
818,367.6098,1010.0711,1675.3583,0.0,0.0,0.0,-986.0395,-8961.7412,461.7264,5368.33,-1704.3424,53.327777039999994,-1064.6851000000006,-1651.01462296,-2715.6997229600006
819,379.5413,1052.5954,1690.7436,0.0,0.0,0.0,-1000.3963,-8899.9107,488.1994,5393.11,-1758.0474,55.63430784,-896.1172999999999,-1702.41309216,-2598.53039216
820,401.6947,1027.2454,1710.1906,0.0,0.0,0.0,-947.1418,-9034.7855,469.9838,5408.0424,-1691.2144,55.38863592,-964.7703999999994,-1635.82576408,-2600.596164079999
821,389.391,1042.2039,1687.1335,0.0,0.0,0.0,-980.9983,-8959.8055,463.2923,5430.7672,-1763.5577,54.34824312,-928.0159000000003,-1709.20945688,-2637.2253568800006
822,399.8078,1028.8516,1670.8875,0.0,0.0,0.0,-968.8488,-8948.9202,467.0855,5431.0756,-1799.1768,54.158670719999996,-920.0609999999997,-1745.01812928,-2665.07912928
823,389.4611,1025.0138,1684.9946,0.0,0.0,0.0,-967.5671,-8957.9839,474.8231,5438.7021,-1779.1916,55.3126104,-912.5562999999993,-1723.8789896,-2636.4352895999996
824,350.2704,1029.0048,1690.5561,0.0,0.0,0.0,-963.3664,-8937.782,491.2591,5412.559,-1770.2462,53.519572079999996,-927.4989999999989,-1716.72662792,-2644.2256279199987
825,413.7941,993.5092,1696.5199,0.0,0.0,0.0,-973.5896,-8916.4749,471.8947,5368.1329,-1745.425,55.395290159999995,-946.2137000000002,-1690.02970984,-2636.2434098400004
826,393.1116,1009.0428,1681.2702,0.0,0.0,0.0,-977.2324,-9032.2505,469.6088,5381.6941,-1660.2269,54.114327360000004,-1074.7554,-1606.1125726399998,-2680.8679726399996
827,367.0373,1067.8555,1678.5389,0.0,0.0,0.0,-1002.0795,-8863.8205,464.6841,5380.7257,-1777.4719,55.60201152,-907.0584999999992,-1721.86988848,-2628.9283884799993
828,393.6005,1018.5716,1674.6185,0.0,0.0,0.0,-965.1468,-8947.8109,476.7965,5395.7556,-1740.175,54.89239248,-953.6149999999998,-1685.28260752,-2638.89760752
829,436.463,1037.7601,1673.0053,0.0,0.0,0.0,-982.8737,-8728.3704,460.2473,5353.7969,-1903.553,55.44235224,-749.9714999999997,-1848.1106477600001,-2598.0821477599993
830,398.3244,996.2915,1696.6741,0.0,0.0,0.0,-967.9602,-8880.6074,473.107,5346.6695,-1723.4838,55.8190944,-937.5011000000013,-1667.6647056,-2605.1658056000015
831,386.1134,1011.3728,1686.8504,0.0,0.0,0.0,-971.9769,-8887.3572,480.2437,5370.4004,-1767.7196,54.8221248,-924.3534,-1712.8974752,-2637.2508752
832,385.0581,1025.362,1691.5803,0.0,0.0,0.0,-989.4595,-8941.468,466.4787,5372.3397,-1692.8332,52.743890879999995,-990.1087000000007,-1640.08930912,-2630.1980091200007
833,381.2594,1032.088,1695.0924,0.0,0.0,0.0,-955.8069,-8898.1812,466.4969,5383.9329,-1786.8685,53.646468479999996,-895.1185000000005,-1733.22203152,-2628.3405315200007
834,370.6302,1055.8193,1692.2137,0.0,0.0,0.0,-963.0527,-8990.0055,479.4397,5376.1366,-1681.9337,54.082954799999996,-978.8186999999998,-1627.8507452000001,-2606.6694451999997
835,381.991,1014.1293,1707.4674,0.0,0.0,0.0,-974.4277,-8929.2532,476.4205,5359.2187,-1751.1792,53.8707528,-964.4539999999988,-1697.3084472,-2661.762447199999
836,386.7373,1033.8028,1695.2207,0.0,0.0,0.0,-978.1298,-9052.7407,467.8298,5410.9229,-1673.5874,53.44584336,-1036.3570000000018,-1620.1415566399999,-2656.498556640002
837,375.1442,1027.6961,1700.5056,0.0,0.0,0.0,-959.5009,-8825.116,467.2301,5364.3169,-1861.8896,57.177814319999996,-849.7240000000011,-1804.71178568,-2654.435785680001
838,352.8998,1062.4884,1682.6194,0.0,0.0,0.0,-963.6946,-8844.5915,454.8946,5370.4439,-1830.429,55.075988159999994,-884.9400000000005,-1775.3530118400001,-2660.2930118400004
839,353.0554,1030.7603,1722.0733,0.0,0.0,0.0,-963.1424,-8990.5638,483.6572,5365.0443,-1694.0538,54.93625776,-999.1157000000003,-1639.11754224,-2638.23324224
840,401.4706,996.6748,1700.3556,0.0,0.0,0.0,-989.9216,-8951.6853,471.2577,5355.0181,-1669.1969,54.174666959999996,-1016.8300999999983,-1615.02223304,-2631.852333039998
841,373.0588,1016.976,1705.3657,0.0,0.0,0.0,-1005.2623,-8873.8799,480.064,5367.4567,-1728.8745,53.04024,-936.2210000000005,-1675.8342599999999,-2612.0552600000005
842,406.2378,1039.8086,1700.9772,0.0,0.0,0.0,-984.3078,-8958.3483,470.1886,5414.8488,-1726.0335,54.67315032,-910.5950999999995,-1671.36034968,-2581.9554496799997
843,391.2394,995.7299,1665.7325,0.0,0.0,0.0,-981.2886,-9049.6809,478.5748,5373.3231,-1627.4585,54.77292648,-1126.3697999999995,-1572.68557352,-2699.055373519999
844,384.0166,1015.2129,1685.1571,0.0,0.0,0.0,-985.2784,-8969.319,465.3218,5388.9784,-1689.769,56.22426288,-1015.9106000000002,-1633.54473712,-2649.4553371200004
845,424.1915,1056.9608,1705.4881,0.0,0.0,0.0,-988.6833,-9009.489,464.2592,5340.9868,-1596.7242,51.921776879999996,-1006.2858999999999,-1544.8024231200002,-2551.08832312
846,398.902,1064.9948,1686.7318,0.0,0.0,0.0,-977.4661,-8896.6677,455.574,5318.0973,-1706.8524,55.313380079999995,-949.8338999999996,-1651.53901992,-2601.3729199199993
847,397.528,1015.5451,1721.5258,0.0,0.0,0.0,-970.1173,-8988.912,480.741,5350.0003,-1677.3192,54.38179872,-993.6891000000005,-1622.93740128,-2616.6265012800004
848,375.9772,1011.5989,1693.0433,0.0,0.0,0.0,-1002.7636,-8909.1755,488.9527,5381.8205,-1737.2015,53.44826328,-960.5464999999995,-1683.75323672,-2644.2997367199996
849,405.7522,1015.7429,1682.8975,0.0,0.0,0.0,-978.8123,-9002.1206,474.7845,5378.7666,-1681.4481,55.03947624,-1022.9892000000009,-1626.40862376,-2649.397823760001
850,380.3722,970.4375,1715.3255,0.0,0.0,0.0,-972.8648,-8963.9469,483.1702,5377.8653,-1693.954,53.84526983999999,-1009.6410000000005,-1640.10873016,-2649.74973016
851,381.3785,1032.5149,1685.1157,0.0,0.0,0.0,-976.1511,-8936.4548,462.3477,5362.0926,-1711.6211,54.33745104,-989.1564999999991,-1657.2836489600002,-2646.4401489599995
852,402.8478,1034.569,1686.532,0.0,0.0,0.0,-964.4481,-8955.0486,469.9522,5405.7127,-1727.5077,56.144738159999996,-919.8829999999998,-1671.36296184,-2591.24596184
853,373.2538,992.6158,1706.1598,0.0,0.0,0.0,-987.5414,-8902.7081,473.5671,5397.1325,-1769.7244,54.092209679999996,-947.5205000000005,-1715.63219032,-2663.1526903200006
854,364.7313,984.4262,1664.4072,0.0,0.0,0.0,-971.8523,-8966.6857,476.2886,5365.1572,-1694.9512,53.836091999999994,-1083.5275000000001,-1641.115108,-2724.642608
855,401.5285,1023.279,1680.0206,0.0,0.0,0.0,-970.0258,-9023.9626,476.0581,5365.5568,-1666.1053,52.78796136,-1047.5454000000009,-1613.31733864,-2660.862738640001
856,407.5993,1037.3527,1637.649,0.0,0.0,0.0,-970.5292,-8972.1786,467.205,5318.3592,-1670.8489,55.4871636,-1074.5425999999998,-1615.3617364,-2689.9043364
857,406.5823,1014.5221,1668.602,0.0,0.0,0.0,-952.597,-8909.0669,467.5694,5319.4465,-1704.4302,54.917781839999996,-984.9415999999992,-1649.51241816,-2634.454018159999
858,414.2221,1026.2585,1679.9781,0.0,0.0,0.0,-982.091,-8905.2923,474.2111,5364.6775,-1725.6184,55.275492959999994,-928.0359999999982,-1670.34290704,-2598.3789070399985
859,390.8758,1018.4747,1679.4067,0.0,0.0,0.0,-1003.8238,-9008.5202,480.1989,5346.5352,-1637.695,52.96249584,-1096.8527000000004,-1584.73250416,-2681.58520416
860,388.1604,1032.9258,1693.2013,0.0,0.0,0.0,-974.6894,-9044.8178,451.2268,5313.993,-1586.4111,54.63474119999999,-1139.9998999999998,-1531.7763588,-2671.7762588
861,381.0695,1020.6374,1694.675,0.0,0.0,0.0,-973.9556,-9078.4502,474.743,5375.0013,-1602.6605,53.29163232,-1106.279599999999,-1549.36886768,-2655.6484676799987
862,385.2187,1028.2812,1691.2518,0.0,0.0,0.0,-999.2006,-9048.1329,467.3257,5385.3029,-1622.3202,54.53733816,-1089.9532000000008,-1567.7828618400001,-2657.7360618400007
863,397.8745,1001.0681,1691.1256,0.0,0.0,0.0,-991.5744,-9085.5199,466.3336,5368.6267,-1585.5938,55.835406719999995,-1152.0657999999994,-1529.75839328,-2681.8241932799997
864,368.6623,1062.7599,1698.1565,0.0,0.0,0.0,-971.9139,-9143.8537,492.6306,5384.4269,-1551.1448,53.6328648,-1109.1313999999984,-1497.5119352,-2606.6433351999985
865,386.9319,1068.3606,1687.6332,0.0,0.0,0.0,-981.612,-9168.0817,481.5903,5396.4645,-1537.5528,53.32198032,-1128.713200000001,-1484.23081968,-2612.944019680001
866,376.4173,1030.645,1674.3272,0.0,0.0,0.0,-952.6122,-9257.7714,481.2794,5377.799,-1468.5108,53.29791864,-1269.9156999999996,-1415.21288136,-2685.1285813599998
867,364.0206,1025.14,1686.0288,0.0,0.0,0.0,-978.3592,-9119.0719,486.4377,5401.722,-1548.9021,53.46651456,-1134.0820000000003,-1495.43558544,-2629.5175854400004
868,391.7357,1036.3103,1697.5811,0.0,0.0,0.0,-978.4894,-9148.6323,463.1687,5344.8038,-1513.6068,54.3908196,-1193.5220999999992,-1459.2159804,-2652.738080399999
869,363.437,1011.7296,1682.2598,0.0,0.0,0.0,-969.9512,-9118.8465,491.1789,5385.4645,-1544.6482,54.350526959999996,-1154.727899999999,-1490.29767304,-2645.025573039999
870,380.0447,1040.9618,1668.3574,0.0,0.0,0.0,-999.4687,-9099.6887,463.4641,5373.476,-1530.9998,55.26586656,-1172.8534,-1475.73393344,-2648.58733344
871,387.9724,1043.9179,1701.717,0.0,0.0,0.0,-969.5003,-9113.4619,465.5043,5349.9966,-1567.7726,55.10636856,-1133.8540000000003,-1512.66623144,-2646.5202314400003
872,381.2472,970.9097,1682.8014,0.0,0.0,0.0,-979.9807,-9108.7468,482.8615,5349.6402,-1542.8293,53.62951392,-1221.2675000000008,-1489.1997860800002,-2710.467286080001
873,403.079,1018.671,1686.0778,0.0,0.0,0.0,-956.876,-9074.7773,478.2836,5340.0252,-1577.366,53.55938304,-1105.5167000000001,-1523.80661696,-2629.3233169600003
874,403.5597,1088.5689,1701.5431,0.0,0.0,0.0,-957.9219,-9113.7824,467.3232,5354.2718,-1557.3044,54.621847439999996,-1056.4376000000002,-1502.68255256,-2559.1201525600004
875,401.5935,989.1041,1697.3205,0.0,0.0,0.0,-957.0207,-9115.7552,470.8592,5396.3271,-1569.2009,53.581190400000004,-1117.571499999999,-1515.6197096,-2633.1912095999987
876,404.7281,1001.3224,1669.4396,0.0,0.0,0.0,-971.266,-9170.3176,480.736,5399.773,-1529.1692,52.6596696,-1185.5845000000008,-1476.5095304000001,-2662.094030400001
877,380.2259,1072.1035,1700.2408,0.0,0.0,0.0,-993.0302,-8937.5662,464.0499,5324.8153,-1701.3396,54.1973196,-989.1609999999991,-1647.1422804000001,-2636.3032803999995
878,387.5946,1003.4627,1669.5857,0.0,0.0,0.0,-989.259,-9127.0017,458.2146,5346.4912,-1523.7965,53.9047584,-1250.9119,-1469.8917416,-2720.8036416
879,378.6924,1009.9375,1663.1403,0.0,0.0,0.0,-964.9607,-9103.7552,477.8664,5374.0372,-1562.2037,53.35237728,-1165.0421000000006,-1508.85132272,-2673.8934227200007
880,369.8377,1001.4615,1675.4459,0.0,0.0,0.0,-963.0597,-9218.583,477.3809,5351.9831,-1472.6267,53.651902320000005,-1305.5335999999998,-1418.97479768,-2724.5083976799997
881,398.4843,1015.7477,1671.8085,0.0,0.0,0.0,-959.6602,-9114.7867,473.6038,5398.4544,-1610.953,53.999406719999996,-1116.3482000000013,-1556.95359328,-2673.301793280001
882,389.3495,1057.686,1701.12,0.0,0.0,0.0,-1003.79,-9072.5356,470.8884,5372.8775,-1583.0228,53.33193144,-1084.4042,-1529.69086856,-2614.0950685599996
883,381.7991,1047.2374,1697.9022,0.0,0.0,0.0,-985.5755,-9113.2636,476.2763,5364.8109,-1586.5291,54.02243376,-1130.8132000000005,-1532.50666624,-2663.3198662400005
884,413.258,994.4107,1703.2232,0.0,0.0,0.0,-957.7854,-9000.0923,473.0965,5347.9931,-1656.9138,54.600936479999994,-1025.896200000001,-1602.31286352,-2628.209063520001
885,401.5207,980.8031,1697.2095,0.0,0.0,0.0,-962.6921,-9057.9109,465.4229,5388.4847,-1652.7378,56.171897279999996,-1087.1621000000005,-1596.5659027200002,-2683.7280027200004
886,390.7478,1019.4919,1676.5003,0.0,0.0,0.0,-984.4509,-8958.4941,461.8961,5347.9378,-1673.4425,52.98829416,-1046.3711000000003,-1620.4542058400002,-2666.8253058400005
887,374.9683,1044.2397,1682.9074,0.0,0.0,0.0,-972.4951,-8995.0175,480.4984,5317.5492,-1635.2398,52.637528159999995,-1067.3495999999986,-1582.60227184,-2649.951871839999
888,412.6101,975.8553,1729.0932,0.0,0.0,0.0,-989.1782,-8990.9721,484.4107,5360.476,-1671.9452,53.46418032,-1017.7050000000008,-1618.4810196800001,-2636.1860196800008
889,405.5456,1037.3624,1672.9383,0.0,0.0,0.0,-972.986,-8966.8279,475.5397,5346.5356,-1681.1716,54.923022,-1001.8922999999995,-1626.248578,-2628.1408779999992
890,411.0012,1002.9202,1710.3041,0.0,0.0,0.0,-970.0449,-9016.0197,464.0149,5385.6724,-1700.8551,53.22907656,-1012.1518000000005,-1647.62602344,-2659.7778234400002
891,392.6507,997.0834,1697.6587,0.0,0.0,0.0,-960.7416,-9062.3429,476.1079,5357.3344,-1614.298,54.325103039999995,-1102.2493999999997,-1559.97289696,-2662.2222969599993
892,399.0367,1036.8739,1700.2115,0.0,0.0,0.0,-984.7312,-9018.4889,458.9861,5358.7302,-1650.1846,54.32616143999999,-1049.3817,-1595.85843856,-2645.24013856
893,387.4553,1040.2125,1693.7942,0.0,0.0,0.0,-956.1907,-8994.5033,465.1205,5379.3691,-1691.0409,55.1243664,-984.7424000000001,-1635.9165335999999,-2620.6589336
894,380.9497,1016.4392,1674.3892,0.0,0.0,0.0,-964.0981,-9058.4666,470.5073,5397.6741,-1651.817,53.84583288,-1082.605199999999,-1597.97116712,-2680.576367119999
895,377.6986,1063.3524,1672.9785,0.0,0.0,0.0,-966.2509,-9113.6541,463.9132,5392.6673,-1597.7939,52.94257416,-1109.295,-1544.8513258399998,-2654.14632584
896,397.5198,1018.3041,1689.0145,0.0,0.0,0.0,-973.9519,-9096.1765,471.072,5411.4431,-1615.8404,53.20867824,-1082.7748999999994,-1562.6317217600001,-2645.4066217599993
897,380.6124,1038.8214,1683.1922,0.0,0.0,0.0,-977.4617,-9159.2028,478.0494,5421.4381,-1593.2913,52.38625896,-1134.5509999999986,-1540.90504104,-2675.4560410399986
898,421.5012,1014.6948,1703.9806,0.0,0.0,0.0,-971.287,-9005.912,465.964,5412.524,-1702.1582,51.89052096,-958.5344000000005,-1650.26767904,-2608.8020790400005
899,355.6068,1046.1904,1682.9137,0.0,0.0,0.0,-988.2387,-8987.4959,486.7847,5390.2932,-1725.8404,53.56838232,-1013.9457999999995,-1672.27201768,-2686.2178176799994
900,385.6747,1033.7606,1717.2769,0.0,0.0,0.0,-975.1136,-8986.4461,476.6144,5402.6032,-1727.2302,53.633575439999994,-945.6298999999999,-1673.59662456,-2619.2265245599997
901,379.7434,1014.7074,1674.0108,0.0,0.0,0.0,-1003.0401,-8867.3939,487.9334,5358.1941,-1753.3532,53.37155232,-955.8448999999991,-1699.98164768,-2655.8265476799993
902,383.4399,1013.199,1672.351,0.0,0.0,0.0,-991.278,-8938.1341,473.268,5363.5676,-1711.3531,53.19462096,-1023.5865999999987,-1658.15847904,-2681.745079039999
903,420.0978,1025.4061,1657.6016,0.0,0.0,0.0,-1004.6467,-9016.0185,469.9309,5348.2106,-1652.0502,51.499427759999996,-1099.4182,-1600.55077224,-2699.96897224
904,365.7141,995.9478,1690.8498,0.0,0.0,0.0,-997.7665,-9017.5463,470.6952,5370.6012,-1644.6499,53.02761983999999,-1121.5046999999995,-1591.62228016,-2713.126980159999
905,354.6828,1001.7137,1682.0247,0.0,0.0,0.0,-977.9007,-8933.4839,466.7553,5358.557,-1731.2944,53.41998312,-1047.6511,-1677.87441688,-2725.52551688
906,391.325,1034.9901,1701.2029,0.0,0.0,0.0,-987.3106,-9042.8749,475.3716,5351.4292,-1613.7459,52.922664,-1075.8667000000005,-1560.823236,-2636.689936
907,395.0002,997.9434,1660.9724,0.0,0.0,0.0,-982.2869,-8977.8936,469.2505,5374.8284,-1665.5322,52.866598319999994,-1062.1855999999989,-1612.66560168,-2674.851201679999
908,395.798,1038.3511,1671.7599,0.0,0.0,0.0,-977.1619,-8933.9367,467.0856,5357.5576,-1720.5819,54.366483599999995,-980.5463999999993,-1666.2154163999999,-2646.7618163999996
909,407.1676,1006.5721,1666.4592,0.0,0.0,0.0,-973.6939,-9027.6316,483.8093,5393.2827,-1658.5275,53.196369839999996,-1044.0346000000009,-1605.33113016,-2649.365730160001
910,374.5406,1054.5019,1667.1646,0.0,0.0,0.0,-982.1504,-8949.8882,479.8629,5363.3293,-1690.9323,54.419236559999995,-992.6392999999989,-1636.51306344,-2629.1523634399987
911,391.1851,1041.8989,1726.8469,0.0,0.0,0.0,-1008.0284,-8957.5369,471.7141,5354.2398,-1675.8514,54.33952752,-979.6804999999986,-1621.51187248,-2601.1923724799985
912,393.498,985.3323,1678.6728,0.0,0.0,0.0,-985.6756,-9053.5817,477.9587,5398.7756,-1627.0889,53.774712,-1105.0199000000011,-1573.314188,-2678.334088000001
913,388.1119,1041.2345,1695.5191,0.0,0.0,0.0,-974.1539,-9057.0794,472.8223,5375.3445,-1626.6001,52.89909048,-1058.201000000001,-1573.70100952,-2631.9020095200012
914,401.3292,1016.4434,1692.8577,0.0,0.0,0.0,-958.511,-9076.5419,467.4599,5433.2937,-1645.6965,53.63112744,-1023.6689999999999,-1592.06537256,-2615.73437256
915,378.6099,956.9285,1665.6782,0.0,0.0,0.0,-988.8148,-9006.4379,472.6594,5413.8193,-1685.3368,53.35720272,-1107.5574000000006,-1631.97959728,-2739.536997280001
916,376.1316,1061.8717,1690.1783,0.0,0.0,0.0,-942.8858,-9120.4648,469.4527,5423.1496,-1614.3831,54.90183384,-1042.5667000000003,-1559.48126616,-2602.04796616
917,411.3006,1038.7117,1690.6988,0.0,0.0,0.0,-955.3646,-9059.8081,473.2783,5376.1228,-1631.2875,56.68695072,-1025.0605000000005,-1574.60054928,-2599.6610492800005
918,376.8867,1023.9853,1670.1926,0.0,0.0,0.0,-972.2333,-9005.136,486.3252,5373.3454,-1650.5002,53.498039039999995,-1046.6341000000002,-1597.0021609599999,-2643.63626096
919,379.4689,1036.8769,1675.5655,0.0,0.0,0.0,-970.9878,-9117.155,471.3082,5362.7955,-1571.9333,53.952124319999996,-1162.1278000000002,-1517.98117568,-2680.1089756799997
920,410.9813,1015.7531,1689.4204,0.0,0.0,0.0,-977.7602,-8897.2288,476.5989,5364.582,-1747.4719,54.7806672,-917.6533000000009,-1692.6912328,-2610.3445328000007
921,368.6366,1048.4844,1657.518,0.0,0.0,0.0,-976.4622,-9069.1436,472.692,5382.3272,-1627.1468,54.6771996,-1115.9475999999995,-1572.4696004,-2688.4172003999993
922,389.4276,1036.9626,1691.1257,0.0,0.0,0.0,-957.918,-9024.0944,466.4356,5354.9337,-1657.7842,54.980471519999995,-1043.1272,-1602.80372848,-2645.93092848
923,373.4321,1013.8346,1682.4631,0.0,0.0,0.0,-986.3497,-9066.2102,470.5494,5358.2804,-1615.5315,53.98446312,-1154.0002999999997,-1561.54703688,-2715.54733688
924,380.4202,1018.2873,1678.145,0.0,0.0,0.0,-972.2491,-9131.8304,476.5851,5433.4863,-1618.1356,53.72140824,-1117.155600000001,-1564.41419176,-2681.569791760001
925,370.2321,997.7507,1703.8792,0.0,0.0,0.0,-973.7151,-9029.8447,499.5706,5414.0328,-1675.518,54.38639592,-1018.0944,-1621.13160408,-2639.22600408
926,392.6055,1044.0416,1668.2776,0.0,0.0,0.0,-980.141,-9124.4094,483.2108,5398.8957,-1585.4182,53.262607679999995,-1117.5192000000006,-1532.15559232,-2649.6747923200005
927,383.8695,1008.4225,1666.186,0.0,0.0,0.0,-956.6999,-8940.3647,482.7339,5332.2062,-1709.0024,55.857595679999996,-1023.6465000000007,-1653.14480432,-2676.791304320001
928,374.7631,1036.2753,1676.1713,0.0,0.0,0.0,-970.0576,-8962.1585,480.9629,5321.712,-1650.5576,53.2135584,-1042.3314999999993,-1597.3440416,-2639.6755415999996
929,397.201,1038.967,1678.4643,0.0,0.0,0.0,-945.332,-9038.779,469.9223,5309.3542,-1598.6537,53.58288528,-1090.2021999999997,-1545.07081472,-2635.2730147199995
930,373.9746,1070.5927,1663.1693,0.0,0.0,0.0,-945.6998,-9033.0992,467.5756,5335.6772,-1608.5315,55.17737424,-1067.8096000000005,-1553.35412576,-2621.1637257600005
931,412.758,1020.4917,1693.8963,0.0,0.0,0.0,-964.6817,-8994.4435,467.4382,5322.1143,-1631.8294,54.84209688,-1042.4267,-1576.98730312,-2619.41400312
932,401.9218,1061.633,1675.1799,0.0,0.0,0.0,-962.0004,-9083.4659,468.6125,5352.9359,-1579.3363,54.714129119999996,-1085.1831999999986,-1524.6221708799999,-2609.8053708799985
933,393.1569,1076.4413,1708.7137,0.0,0.0,0.0,-980.4084,-8980.7474,470.2392,5333.1415,-1659.3911,52.95871872,-979.463200000001,-1606.43238128,-2585.895581280001
934,394.0584,1057.9427,1678.1597,0.0,0.0,0.0,-1001.0257,-9073.864,472.6099,5398.2665,-1615.4344,53.10292392,-1073.8525,-1562.3314760800001,-2636.18397608
935,375.0622,1043.5785,1687.9339,0.0,0.0,0.0,-993.7862,-9036.7604,477.8674,5332.9616,-1595.3719,51.691548239999996,-1113.143,-1543.6803517600001,-2656.82335176
936,395.2158,1015.8273,1680.5279,0.0,0.0,0.0,-977.3638,-9068.4518,477.1351,5362.5794,-1608.5493,54.28258848,-1114.5301000000009,-1554.26671152,-2668.7968115200006
937,382.6268,980.5647,1688.5015,0.0,0.0,0.0,-943.5615,-9047.2483,474.6042,5353.3866,-1617.7072,53.45170272,-1111.1259999999993,-1564.25549728,-2675.381497279999
938,391.7175,1068.6933,1681.7318,0.0,0.0,0.0,-967.6083,-9048.7473,471.8607,5348.7488,-1623.781,56.6407872,-1053.6035000000002,-1567.1402128,-2620.7437128
939,386.2246,1075.5926,1691.95,0.0,0.0,0.0,-983.2907,-9065.8977,469.2765,5338.0395,-1591.6368,55.22928624,-1088.105199999999,-1536.40751376,-2624.5127137599993
940,369.379,1034.0828,1704.8891,0.0,0.0,0.0,-958.0735,-9188.6302,486.8559,5359.1738,-1537.8743,53.073452159999995,-1192.3230999999987,-1484.80084784,-2677.1239478399984
941,390.0441,1030.1468,1701.7786,0.0,0.0,0.0,-995.137,-9062.8755,453.1778,5356.0893,-1593.1521,54.51708312,-1126.7758999999996,-1538.63501688,-2665.41091688
942,416.7694,1055.7681,1702.2844,0.0,0.0,0.0,-993.6114,-9067.022,472.9834,5340.1478,-1603.8754,53.5780728,-1072.680300000001,-1550.2973272,-2622.977627200001
943,377.409,995.754,1683.9131,0.0,0.0,0.0,-985.8531,-9098.7124,490.28,5426.1645,-1614.8795,53.37806328,-1111.0449000000008,-1561.50143672,-2672.546336720001
944,399.3442,1027.71,1704.0524,0.0,0.0,0.0,-975.3733,-9106.4166,481.3062,5379.1127,-1610.3493,54.210749039999996,-1090.264400000001,-1556.13855096,-2646.402950960001
945,382.6353,1010.976,1695.0282,0.0,0.0,0.0,-967.9212,-9124.3058,490.5648,5421.1345,-1588.0562,50.48039736,-1091.8881999999994,-1537.57580264,-2629.4640026399993
946,412.6502,1054.4919,1724.9742,0.0,0.0,0.0,-973.3559,-9248.7207,473.1831,5424.833,-1503.6174,53.37954432,-1131.9442,-1450.2378556800002,-2582.18205568
947,413.7279,1039.3277,1721.3657,0.0,0.0,0.0,-985.4936,-9187.5672,461.3001,5361.159,-1486.9923,53.06810184,-1176.1803999999993,-1433.9241981599998,-2610.104598159999
948,362.5638,1020.1244,1700.4448,0.0,0.0,0.0,-980.2453,-9187.81,480.872,5386.2097,-1504.9478,52.409895840000004,-1217.8405999999995,-1452.53790416,-2670.3785041599995
949,391.0603,1050.5903,1695.4813,0.0,0.0,0.0,-968.1315,-9138.4728,482.3721,5371.26,-1539.5935,53.423952480000004,-1115.8402999999998,-1486.16954752,-2602.0098475199998
950,387.6448,1030.2218,1696.9974,0.0,0.0,0.0,-1001.509,-9167.9535,465.593,5368.5341,-1511.571,51.04629216,-1220.4714000000004,-1460.52470784,-2680.99610784
951,365.3179,983.4404,1716.4571,0.0,0.0,0.0,-976.3458,-9030.3086,477.0778,5358.096,-1611.5147,53.1269172,-1106.2652000000007,-1558.3877828,-2664.6529828000002
952,371.0906,1016.8335,1723.0981,0.0,0.0,0.0,-979.8147,-9098.8664,472.4709,5434.4369,-1651.3287,54.266225039999995,-1060.7511000000004,-1597.0624749600001,-2657.8135749600006
953,386.5908,1036.2594,1702.7053,0.0,0.0,0.0,-955.1583,-9092.1871,487.7107,5367.8175,-1613.9642,54.1479348,-1066.2617,-1559.8162651999999,-2626.0779652
954,378.3879,1012.2843,1692.3031,0.0,0.0,0.0,-952.9504,-9110.8321,471.9082,5462.3383,-1654.799,54.73525536,-1046.560699999999,-1600.06374464,-2646.624444639999
955,406.5637,1013.1734,1684.0768,0.0,0.0,0.0,-954.7362,-9147.9552,469.3992,5376.367,-1567.1428,53.194226400000005,-1153.1113000000005,-1513.9485736000001,-2667.0598736000006
956,375.8454,984.9152,1669.3683,0.0,0.0,0.0,-965.2488,-9160.7926,476.1309,5423.3803,-1573.9339,53.9683164,-1196.4013000000004,-1519.9655836,-2716.3668836000006
957,419.9117,1037.3383,1678.0952,0.0,0.0,0.0,-970.1427,-9178.9866,483.1171,5405.9244,-1520.6819,52.377578639999996,-1124.7426000000005,-1468.3043213600001,-2593.0469213600004
958,359.0472,1006.8727,1701.7546,0.0,0.0,0.0,-977.6237,-9159.1826,476.3128,5437.0384,-1568.9364,52.262603999999996,-1155.7806,-1516.673796,-2672.454396
959,395.135,1023.5122,1682.8759,0.0,0.0,0.0,-982.5265,-9197.953,479.0803,5392.4003,-1511.2085,52.737441839999995,-1207.4757999999993,-1458.47105816,-2665.946858159999
960,377.5789,1032.8726,1673.6028,0.0,0.0,0.0,-976.4435,-9080.5034,479.8725,5414.9608,-1625.5967,55.06858008,-1078.059299999999,-1570.52811992,-2648.587419919999
961,363.1312,1056.7809,1704.9318,0.0,0.0,0.0,-963.6141,-8936.0167,476.841,5335.576,-1678.1533,56.59910136,-962.3698999999997,-1621.5541986399999,-2583.9240986399996
962,383.3501,998.873,1696.128,0.0,0.0,0.0,-961.7325,-9058.4743,470.9151,5404.0788,-1636.1762,56.208407040000004,-1066.8617999999997,-1579.96779296,-2646.8295929599994
963,409.4609,961.032,1697.1816,0.0,0.0,0.0,-967.089,-9141.517,474.8247,5370.7956,-1535.4876,54.51732432,-1195.3111999999992,-1480.97027568,-2676.281475679999
964,383.2427,1041.9259,1709.8225,0.0,0.0,0.0,-950.602,-9013.4066,472.9487,5380.1197,-1676.2607,54.6110316,-975.9490999999998,-1621.6496684,-2597.5987683999997
965,402.7262,1019.5038,1685.9366,0.0,0.0,0.0,-965.6104,-9044.4455,475.6757,5365.8157,-1616.9455,55.279048319999994,-1060.3979,-1561.6664516800001,-2622.0643516799996
966,379.8617,1021.169,1687.7344,0.0,0.0,0.0,-966.326,-9156.2737,482.4844,5372.7799,-1536.4573,54.02618064,-1178.5702999999994,-1482.4311193600001,-2661.0014193599995
967,388.1253,1048.4801,1712.4638,0.0,0.0,0.0,-980.0748,-9104.7825,467.7794,5353.0026,-1546.0591,52.55014464,-1115.0060999999996,-1493.5089553599998,-2608.5150553599997
968,381.0749,1035.9054,1696.8068,0.0,0.0,0.0,-955.9754,-9053.6771,496.139,5393.4915,-1614.3666,55.06761024,-1006.2349000000004,-1559.29898976,-2565.533889760001
969,352.0423,1000.8481,1689.2032,0.0,0.0,0.0,-978.6618,-9058.8732,476.7077,5395.5507,-1624.36,54.08057304,-1123.183,-1570.27942696,-2693.4624269599994
970,367.9147,1065.9141,1709.5949,0.0,0.0,0.0,-969.8413,-9046.7994,481.6354,5411.1239,-1669.9855,54.49878792,-980.4576999999999,-1615.48671208,-2595.94441208
971,376.1049,1029.72,1697.6559,0.0,0.0,0.0,-981.5139,-9018.9214,483.2698,5416.7285,-1675.0084,54.71688384,-996.9561999999987,-1620.29151616,-2617.2477161599986
972,405.936,1046.1448,1683.2057,0.0,0.0,0.0,-978.491,-9061.8958,492.9113,5388.2108,-1607.3473,54.360077759999996,-1023.9782000000005,-1552.98722224,-2576.9654222400004
973,395.5557,1067.0051,1674.492,0.0,0.0,0.0,-940.6915,-9131.8001,495.9354,5444.6845,-1642.695,55.720578239999995,-994.8188999999993,-1586.97442176,-2581.793321759999
974,380.6118,1099.6422,1672.5851,0.0,0.0,0.0,-979.0811,-9053.8725,470.1375,5388.7516,-1627.9221,52.83846431999999,-1021.2254000000003,-1575.08363568,-2596.30903568
975,427.7295,1030.6853,1701.4188,0.0,0.0,0.0,-992.3658,-9072.4219,467.7816,5362.4066,-1575.8753,51.27041088,-1074.7658999999985,-1524.6048891199998,-2599.3707891199983
976,407.5067,1000.5259,1719.3617,0.0,0.0,0.0,-984.5107,-9147.7386,477.0848,5405.6562,-1568.1001,52.52490144,-1122.1140000000005,-1515.5751985600002,-2637.6891985600005
977,398.6547,1003.5081,1703.3237,0.0,0.0,0.0,-997.0661,-9016.4651,473.9268,5428.2345,-1702.3788,54.10915632,-1005.8833999999997,-1648.26964368,-2654.15304368
978,382.819,1005.3655,1670.3195,0.0,0.0,0.0,-953.0529,-9021.9681,477.4121,5384.5552,-1682.7768,54.97037856,-1054.5497000000005,-1627.8064214400001,-2682.3561214400006
979,412.5895,966.2636,1684.7558,0.0,0.0,0.0,-968.7115,-9110.5878,467.26,5411.397,-1612.4524,54.92080008,-1137.0333999999993,-1557.53159992,-2694.5649999199995
980,384.4977,1001.9832,1695.0328,0.0,0.0,0.0,-976.3187,-9009.3139,459.9052,5397.8837,-1659.4719,56.051511839999996,-1046.329999999999,-1603.42038816,-2649.750388159999
981,402.4075,1038.2342,1683.7497,0.0,0.0,0.0,-995.4757,-9098.2114,470.823,5387.8688,-1577.9825,51.707724479999996,-1110.6038999999992,-1526.27477552,-2636.8786755199994
982,381.1597,1016.0805,1692.236,0.0,0.0,0.0,-979.5826,-9034.5941,467.1607,5353.9496,-1610.4448,52.97509296,-1103.5901999999996,-1557.46970704,-2661.05990704
983,388.9427,1034.7812,1683.6697,0.0,0.0,0.0,-974.0942,-9014.8548,469.1794,5360.8911,-1635.5186,52.391449439999995,-1051.4848999999995,-1583.12715056,-2634.6120505599997
984,401.8262,1038.2106,1695.7758,0.0,0.0,0.0,-969.8774,-9015.511,463.4061,5362.5599,-1657.8848,54.277178400000004,-1023.6098000000002,-1603.6076216000001,-2627.2174216
985,402.452,1033.0468,1690.6034,0.0,0.0,0.0,-944.032,-9181.2991,478.6017,5409.6654,-1554.851,55.83577104,-1110.9618,-1499.01522896,-2609.97702896
986,389.0549,1029.4519,1699.4117,0.0,0.0,0.0,-968.4333,-9027.9178,472.1988,5382.9578,-1637.9705,53.940796559999995,-1023.2759999999989,-1584.0297034399998,-2607.305703439999
987,397.725,1021.7687,1700.8629,0.0,0.0,0.0,-986.7427,-9040.1973,474.42,5396.8605,-1662.7184,53.9605836,-1035.3028999999997,-1608.7578164,-2644.0607163999994
988,385.9685,982.7352,1684.2084,0.0,0.0,0.0,-983.7332,-9012.4605,480.3514,5384.6873,-1674.323,55.573665119999994,-1078.2428999999993,-1618.74933488,-2696.9922348799996
989,367.8058,1054.0508,1687.3664,0.0,0.0,0.0,-957.5092,-9112.6519,485.0502,5384.2645,-1602.3004,54.49247856,-1091.6234000000013,-1547.80792144,-2639.4313214400013
990,344.8835,1003.4252,1706.0393,0.0,0.0,0.0,-962.9006,-9157.3898,491.822,5427.7019,-1564.8659,53.751239999999996,-1146.4185000000007,-1511.11466,-2657.5331600000004
991,392.2191,1041.9666,1678.0044,0.0,0.0,0.0,-980.5729,-9054.3003,461.1323,5388.5176,-1626.1283,53.75624976,-1073.0332000000008,-1572.3720502400001,-2645.405250240001
992,381.9745,1008.3173,1688.9779,0.0,0.0,0.0,-977.2321,-9014.5695,483.0466,5357.574,-1623.3836,52.8541308,-1071.9113000000007,-1570.5294692,-2642.440769200001
993,371.5862,1060.5323,1713.3081,0.0,0.0,0.0,-963.3817,-9207.2401,472.0118,5397.5073,-1492.9032,52.98639912,-1155.6761000000006,-1439.91680088,-2595.5929008800003
994,385.8864,1009.7311,1690.7243,0.0,0.0,0.0,-975.9439,-9186.7613,460.0576,5391.5842,-1519.953,53.79417576,-1224.7215999999999,-1466.15882424,-2690.8804242399997
995,361.6124,986.0475,1695.8477,0.0,0.0,0.0,-980.1049,-9071.0054,482.621,5364.4018,-1579.4773,53.30325816,-1160.5799000000006,-1526.17404184,-2686.7539418400006
996,420.6192,1009.966,1687.1048,0.0,0.0,0.0,-976.2669,-9162.2551,465.0025,5412.1519,-1561.6424,53.21139336,-1143.677600000001,-1508.4310066399999,-2652.1086066400007
997,381.5823,1015.108,1684.6838,0.0,0.0,0.0,-955.5834,-9025.2546,484.4821,5356.089,-1632.9012,54.800315999999995,-1058.8928000000005,-1578.100884,-2636.993684000001
998,399.0213,1013.7558,1688.7321,0.0,0.0,0.0,-970.3949,-9032.5549,460.542,5347.5774,-1628.3673,54.8384292,-1093.3211999999985,-1573.5288707999998,-2666.8500707999983
999,380.7117,988.5749,1679.4429,0.0,0.0,0.0,-985.7367,-8983.2721,483.0756,5377.3141,-1685.4676,55.45567296,-1059.8896000000004,-1630.01192704,-2689.9015270400005
1000,382.0151,1023.2708,1652.6749,0.0,0.0,0.0,-989.5397,-9141.8845,470.4626,5334.5245,-1522.3211,53.949474,-1268.4763000000003,-1468.3716259999999,-2736.8479260000004
1001,387.108,988.0073,1682.1429,0.0,0.0,0.0,-985.4593,-9047.7403,468.6499,5369.1587,-1621.1338,53.44795728,-1138.1327999999994,-1567.68584272,-2705.8186427199994
1002,386.1222,994.3637,1672.3968,0.0,0.0,0.0,-975.7164,-9131.7341,469.1053,5366.8788,-1569.1758,54.22215024,-1218.5836999999992,-1514.95364976,-2733.5373497599994
1003,391.4709,1003.2383,1687.3669,0.0,0.0,0.0,-961.0927,-9097.9291,469.8131,5355.0568,-1532.4774,53.23765536,-1152.0757999999987,-1479.23974464,-2631.3155446399983
1004,423.0316,992.1608,1684.1442,0.0,0.0,0.0,-985.6723,-8922.7606,466.7376,5354.4581,-1734.3851,55.9177776,-987.9005999999999,-1678.4673224,-2666.3679223999998
1005,390.5825,1001.6544,1682.9933,0.0,0.0,0.0,-963.0434,-8979.6298,458.6011,5374.2702,-1676.1395,54.50335992,-1034.5717000000013,-1621.63614008,-2656.2078400800015
1006,386.4647,986.0226,1676.9476,0.0,0.0,0.0,-993.5466,-8962.7678,462.0692,5366.1941,-1681.5344,54.20966904,-1078.6161999999995,-1627.32473096,-2705.9409309599996
1007,395.2964,1044.5965,1683.68,0.0,0.0,0.0,-967.6602,-8964.1655,479.1851,5379.0413,-1684.7483,56.18352168,-950.0263999999997,-1628.56477832,-2578.59117832
1008,408.8102,1041.0596,1710.3008,0.0,0.0,0.0,-967.9193,-9057.1439,489.4032,5360.8882,-1583.5245,53.93451168,-1014.6011999999992,-1529.58998832,-2544.191188319999
1009,372.8901,987.027,1694.4846,0.0,0.0,0.0,-950.1984,-9103.4949,467.1048,5385.1083,-1586.3153,54.90921096,-1147.0784999999996,-1531.4060890399999,-2678.4845890399997
1010,386.9654,1028.6404,1679.7285,0.0,0.0,0.0,-968.3301,-9039.4181,476.0877,5367.8319,-1656.5172,55.626732000000004,-1068.4943000000012,-1600.890468,-2669.3847680000013
1011,390.0197,1035.5984,1692.0513,0.0,0.0,0.0,-959.0295,-8978.9118,457.6843,5357.5915,-1675.5354,53.85814704,-1004.9960999999994,-1621.67725296,-2626.673352959999
1012,397.6337,1009.5482,1679.9577,0.0,0.0,0.0,-954.8071,-8977.2163,459.3654,5322.4448,-1637.2104,55.3566636,-1063.0735999999997,-1581.8537364,-2644.9273363999996
1013,383.1157,1001.6753,1654.7174,0.0,0.0,0.0,-968.3537,-8988.3065,465.6228,5350.6322,-1681.7876,55.917907920000005,-1100.8968000000013,-1625.86969208,-2726.7664920800016
1014,421.8105,976.5774,1705.3237,0.0,0.0,0.0,-960.3289,-9001.0296,459.6704,5351.0419,-1648.7093,55.6147656,-1046.9345999999996,-1593.0945344,-2640.0291343999997
1015,370.0048,978.6779,1681.4618,0.0,0.0,0.0,-979.2249,-9090.6632,459.68,5397.754,-1567.2893,54.57974256,-1182.3096000000005,-1512.70955744,-2695.0191574400005
1016,387.2481,1016.0805,1692.6437,0.0,0.0,0.0,-976.6472,-9047.1011,477.5179,5362.4947,-1582.64,56.03535504,-1087.7633999999998,-1526.60464496,-2614.36804496
1017,403.0338,1075.502,1684.8048,0.0,0.0,0.0,-969.0074,-9022.7053,461.4013,5369.8027,-1655.898,53.097356160000004,-997.1681000000008,-1602.8006438399998,-2599.968743840001
1018,418.5311,1040.017,1695.1818,0.0,0.0,0.0,-995.9505,-9104.7675,460.3099,5373.1554,-1590.1252,52.936765199999996,-1113.5227999999997,-1537.1884347999999,-2650.7112347999996
1019,383.6047,1042.2151,1707.8404,0.0,0.0,0.0,-961.6749,-9074.2574,469.8741,5364.1966,-1591.7985,54.301861439999996,-1068.2014,-1537.49663856,-2605.69803856
1020,395.7098,1018.8038,1698.6362,0.0,0.0,0.0,-976.7788,-8844.2266,458.6913,5324.5886,-1756.0121,56.3412636,-924.5756999999994,-1699.6708363999999,-2624.2465363999995
1021,397.7616,1028.6735,1714.1747,0.0,0.0,0.0,-959.0808,-8962.1596,476.4704,5384.7683,-1709.1191,55.86447024,-919.3919000000005,-1653.25462976,-2572.6465297600002
1022,389.823,978.1998,1688.321,0.0,0.0,0.0,-977.9314,-9040.0288,468.3296,5402.3357,-1634.7804,54.502680240000004,-1090.9511000000011,-1580.27771976,-2671.2288197600014
1023,399.5222,1046.0755,1710.739,0.0,0.0,0.0,-946.0472,-9190.5785,479.9248,5415.6241,-1554.6642,54.44636327999999,-1084.7401,-1500.21783672,-2584.9579367200004
1024,389.067,962.8504,1689.6827,0.0,0.0,0.0,-962.6698,-9100.0721,495.5123,5400.8518,-1594.727,55.622772,-1124.7776999999987,-1539.1042280000001,-2663.8819279999984
1025,379.5397,1043.1722,1687.0219,0.0,0.0,0.0,-963.0626,-9139.1036,476.9163,5336.9713,-1522.86,53.487798479999995,-1178.5448000000006,-1469.3722015199999,-2647.91700152
1026,371.9988,1021.3594,1695.8164,0.0,0.0,0.0,-975.3977,-9037.1253,455.7263,5382.2831,-1655.9169,56.1869748,-1085.338999999999,-1599.7299252,-2685.0689251999993
1027,404.9993,1043.2375,1671.3758,0.0,0.0,0.0,-947.4754,-8995.0303,460.6734,5376.6134,-1682.2836,56.33418096,-985.6063000000004,-1625.94941904,-2611.55571904
1028,384.7983,1025.0993,1686.0686,0.0,0.0,0.0,-973.2794,-9030.2799,479.0472,5371.7754,-1621.5994,54.43828704,-1056.7704999999996,-1567.16111296,-2623.9316129599997
1029,395.7476,1002.9029,1699.2653,0.0,0.0,0.0,-930.8913,-9012.6208,474.2374,5381.2789,-1664.4956,56.25361656,-990.0800000000008,-1608.24198344,-2598.321983440001
1030,379.1756,979.0333,1694.9771,0.0,0.0,0.0,-957.1158,-8918.519,472.7655,5383.8001,-1752.0974,57.87596592,-965.8832000000002,-1694.22143408,-2660.1046340800003
1031,376.4741,1018.2715,1697.8306,0.0,0.0,0.0,-957.9893,-8965.4758,474.3331,5358.3939,-1669.7045,54.35277984,-998.1619000000001,-1615.35172016,-2613.51362016
1032,408.9696,963.7235,1698.5745,0.0,0.0,0.0,-954.3543,-8869.1068,476.0793,5384.1805,-1782.0828,55.013768639999995,-891.9336999999987,-1727.0690313599998,-2619.002731359999
1033,403.941,1011.2908,1693.4902,0.0,0.0,0.0,-955.5089,-8940.2198,476.7525,5402.7468,-1726.4067,55.23923808,-907.5074000000013,-1671.16746192,-2578.674861920001
1034,375.2507,1037.5972,1693.8371,0.0,0.0,0.0,-980.7871,-8883.7284,473.5055,5372.0405,-1759.8625,55.178160479999995,-912.2844999999998,-1704.6843395199999,-2616.96883952
1035,370.7589,1008.0073,1680.6224,0.0,0.0,0.0,-941.5278,-8968.4272,469.4246,5409.1329,-1735.2726,58.517940239999994,-972.0088999999998,-1676.75465976,-2648.76355976
1036,400.0008,1064.9282,1717.7225,0.0,0.0,0.0,-941.7007,-9099.6681,468.5945,5380.9416,-1608.481,54.863763119999994,-1009.1812,-1553.61723688,-2562.79843688
1037,381.5847,1027.4789,1701.8003,0.0,0.0,0.0,-975.5492,-9052.3088,476.0465,5403.4466,-1670.4453,56.00484216,-1037.5009999999993,-1614.4404578400001,-2651.9414578399997
1038,385.3703,1033.0159,1698.5751,0.0,0.0,0.0,-963.4535,-9023.1105,472.085,5439.4605,-1713.0232,56.8327428,-958.0572000000011,-1656.1904572,-2614.2476572000014
1039,385.4318,1010.0462,1687.8641,0.0,0.0,0.0,-959.7417,-9019.0582,472.3005,5407.5602,-1695.8787,55.1085804,-1015.5971,-1640.7701196,-2656.3672196
1040,401.7967,976.1906,1699.115,0.0,0.0,0.0,-963.1664,-8911.0776,471.7138,5412.7409,-1790.1615,56.77369344,-912.6870000000008,-1733.38780656,-2646.074806560001
1041,388.0602,1002.115,1687.9549,0.0,0.0,0.0,-967.2628,-8881.679,480.0802,5405.2961,-1806.1293,55.76062752,-885.4354000000003,-1750.36867248,-2635.8040724800003
1042,412.0563,1047.2659,1690.7041,0.0,0.0,0.0,-960.3038,-9046.3393,468.2186,5353.0573,-1621.3313,53.9537148,-1035.3408999999992,-1567.3775852,-2602.718485199999
1043,354.3584,1019.1254,1695.1831,0.0,0.0,0.0,-978.4478,-9002.3453,475.2063,5378.4997,-1643.6927,55.51951752,-1058.4202000000005,-1588.1731824800002,-2646.5933824800004
1044,417.3017,1045.0911,1682.9024,0.0,0.0,0.0,-969.6585,-9042.1256,465.9859,5385.3381,-1635.7869,55.473558479999994,-1015.1648999999998,-1580.31334152,-2595.4782415199998
1045,380.6514,989.7964,1675.8721,0.0,0.0,0.0,-966.1356,-9056.4834,479.9075,5361.2202,-1590.2363,54.62471952,-1135.1713999999993,-1535.61158048,-2670.7829804799994
1046,419.1464,1004.6238,1698.9263,0.0,0.0,0.0,-978.862,-9074.1261,480.6184,5361.5748,-1575.8542,53.3698452,-1088.098399999999,-1522.4843548,-2610.582754799999
1047,391.5295,1017.8792,1679.3982,0.0,0.0,0.0,-986.6806,-9070.9785,492.0107,5372.2652,-1585.7528,52.77899016,-1104.5762999999997,-1532.97380984,-2637.55010984
1048,367.8003,959.0159,1701.9571,0.0,0.0,0.0,-961.5095,-9025.4307,482.809,5391.9371,-1668.3634,53.92512288,-1083.4208000000008,-1614.4382771199998,-2697.859077120001
1049,424.1934,1052.7468,1690.2765,0.0,0.0,0.0,-935.318,-8959.7546,466.4907,5360.0028,-1704.4056,54.102319200000004,-901.3624,-1650.3032808,-2551.6656808000002
1050,407.5784,1029.8864,1686.799,0.0,0.0,0.0,-952.7269,-9004.5168,457.4374,5396.2427,-1689.8676,55.62503064,-979.2997999999998,-1634.24256936,-2613.5423693599996
1051,388.4654,1045.9927,1695.6611,0.0,0.0,0.0,-970.8913,-8941.7122,465.182,5392.4729,-1731.6915,55.58883408,-924.8294000000005,-1676.10266592,-2600.9320659200002
1052,405.2505,1022.6858,1714.1029,0.0,0.0,0.0,-959.266,-9025.3029,473.2709,5368.3162,-1646.1804,55.326340079999994,-1000.9426000000012,-1590.85405992,-2591.7966599200013
1053,414.7803,1020.9686,1685.0283,0.0,0.0,0.0,-971.3772,-8837.2821,477.1855,5349.888,-1799.1465,56.53035072,-860.8086000000012,-1742.6161492800002,-2603.424749280001
1054,379.8263,997.0975,1698.3221,0.0,0.0,0.0,-971.8356,-8906.6178,454.2836,5397.6773,-1765.3264,58.360086,-951.2466000000004,-1706.966314,-2658.212914
1055,394.7802,1058.7346,1719.7158,0.0,0.0,0.0,-942.4329,-8991.6977,473.3251,5421.0525,-1731.9612,58.28016384,-866.5224000000007,-1673.68103616,-2540.2034361600004
1056,401.8121,1067.0505,1667.7601,0.0,0.0,0.0,-939.1013,-8942.2262,471.7039,5382.8854,-1728.1447,55.12443912,-890.115499999999,-1673.02026088,-2563.135760879999
1057,380.3228,1001.5641,1680.8725,0.0,0.0,0.0,-990.2195,-8855.3806,455.1729,5390.8416,-1803.9402,55.582071840000005,-936.8262000000013,-1748.35812816,-2685.1843281600013
1058,385.8504,1006.1457,1703.8158,0.0,0.0,0.0,-962.0647,-8827.8358,457.7212,5391.1327,-1826.26,55.425796559999995,-845.2347000000009,-1770.83420344,-2616.068903440001
1059,363.5353,996.3597,1709.326,0.0,0.0,0.0,-977.0289,-8935.6857,472.2351,5404.2485,-1762.8293,55.299968639999996,-967.0100000000002,-1707.52933136,-2674.5393313600007
1060,388.6469,1055.5303,1687.3365,0.0,0.0,0.0,-949.1873,-8894.5812,461.7511,5360.5124,-1775.075,57.609500399999995,-889.9913000000006,-1717.4654996000002,-2607.4567996000005
1061,378.0252,999.8818,1685.5948,0.0,0.0,0.0,-974.2789,-8959.2319,468.7869,5356.2152,-1670.7707,54.91676519999999,-1045.0069000000012,-1615.8539348,-2660.860834800001
1062,375.6999,1004.4549,1679.8644,0.0,0.0,0.0,-980.156,-8871.5083,472.0957,5364.5554,-1762.5606,55.30265712,-954.9939999999997,-1707.25794288,-2662.2519428799997
1063,414.567,1035.2388,1673.9394,0.0,0.0,0.0,-962.38,-8836.3131,465.8407,5359.3292,-1803.2473,56.03015808,-849.7779999999993,-1747.21714192,-2596.9951419199992
1064,394.4012,1025.1578,1708.8223,0.0,0.0,0.0,-935.2969,-8903.1455,480.7828,5392.6304,-1759.6048,55.72555632,-836.6479000000008,-1703.8792436800002,-2540.527143680001
1065,410.0077,1013.8542,1693.5815,0.0,0.0,0.0,-971.4941,-8958.1031,476.3562,5387.4915,-1692.0538,54.0742284,-948.3060999999998,-1637.9795715999999,-2586.2856715999997
1066,387.4498,980.8112,1704.9668,0.0,0.0,0.0,-952.6703,-8914.1091,468.707,5431.039,-1802.3301,56.96409671999999,-893.8055999999997,-1745.3660032799999,-2639.17160328
1067,362.528,1033.5279,1689.8843,0.0,0.0,0.0,-970.5547,-8996.3721,481.8291,5475.9019,-1779.8718,56.69449416,-923.2556000000004,-1723.17730584,-2646.4329058400003
1068,410.2132,1021.2752,1704.5566,0.0,0.0,0.0,-943.6043,-8909.5971,478.8565,5411.7125,-1792.4085,58.04651808,-826.5874000000013,-1734.36198192,-2560.949381920001
1069,396.1177,1022.0995,1676.5774,0.0,0.0,0.0,-980.664,-8921.9191,472.6062,5385.6412,-1748.2591,56.1181716,-949.5410999999986,-1692.1409284,-2641.6820283999987
1070,378.1239,1046.3166,1702.7608,0.0,0.0,0.0,-961.1757,-9037.1873,495.344,5430.8687,-1704.2489,55.5669,-944.9489999999996,-1648.682,-2593.631
1071,425.8254,1087.9054,1678.8467,0.0,0.0,0.0,-980.6899,-9124.5685,469.7914,5379.4792,-1559.3442,54.477270000000004,-1063.4102999999996,-1504.86693,-2568.2772299999997
1072,397.2354,989.365,1675.8136,0.0,0.0,0.0,-980.2148,-9121.3728,471.7045,5373.6313,-1560.0045,53.364172319999994,-1193.8377999999993,-1506.64032768,-2700.4781276799995
1073,423.4291,1025.5336,1697.9292,0.0,0.0,0.0,-976.9318,-9058.4668,477.2075,5372.1667,-1604.6605,54.65947104,-1039.1324999999997,-1550.00102896,-2589.1335289599997
1074,358.4103,1009.574,1689.206,0.0,0.0,0.0,-985.6454,-8964.1603,489.5991,5381.9577,-1685.632,53.06874984,-1021.0585999999985,-1632.56325016,-2653.6218501599988
1075,376.8938,1087.5067,1699.6772,0.0,0.0,0.0,-970.5636,-9077.5364,482.9947,5354.5567,-1618.977,54.01632456,-1046.4709000000003,-1564.9606754400002,-2611.43157544
1076,380.3992,984.2788,1703.1696,0.0,0.0,0.0,-968.3437,-9077.1228,495.2678,5438.2243,-1648.445,53.78645808,-1044.1268,-1594.6585419199998,-2638.7853419199996
1077,390.3797,1014.5979,1669.3962,0.0,0.0,0.0,-970.9313,-9110.2714,478.8362,5391.1035,-1596.1041,52.03650168,-1136.8891999999996,-1544.0675983200001,-2680.9567983199995
1078,375.0139,978.6029,1683.3694,0.0,0.0,0.0,-966.7744,-9173.1659,478.1353,5407.213,-1490.311,53.30395872,-1217.6058000000003,-1437.0070412799998,-2654.61284128
1079,385.9783,994.5207,1692.8495,0.0,0.0,0.0,-988.2146,-9125.071,481.3079,5389.8475,-1554.7201,51.56581248,-1168.7817000000005,-1503.15428752,-2671.9359875200003
1080,436.3955,1033.421,1680.4318,0.0,0.0,0.0,-970.2783,-9120.515,470.4734,5376.916,-1562.8381,53.65141704,-1093.1555999999991,-1509.1866829599999,-2602.342282959999
1081,395.0076,1052.7003,1719.2254,0.0,0.0,0.0,-982.0832,-8980.593,482.7717,5371.4782,-1689.1656,54.581634,-941.4930000000013,-1634.5839660000001,-2576.0769660000014
1082,412.8119,1004.0609,1686.6604,0.0,0.0,0.0,-961.4322,-8968.2189,478.003,5390.9991,-1728.7958,53.26113168,-957.1158000000005,-1675.53466832,-2632.6504683200005
1083,360.8106,1005.3579,1701.5724,0.0,0.0,0.0,-986.1666,-9148.2152,492.2535,5418.4885,-1550.1053,53.2319472,-1155.8989000000001,-1496.8733528,-2652.7722528000004
1084,410.951,1028.8648,1708.5027,0.0,0.0,0.0,-960.6299,-8997.9611,471.9264,5365.8709,-1680.01,54.037977839999996,-972.4751999999999,-1625.97202216,-2598.44722216
1085,351.9574,1062.4984,1690.47,0.0,0.0,0.0,-995.2536,-9038.3549,481.2251,5426.5423,-1672.0605,53.96627304,-1020.9153000000006,-1618.09422696,-2639.0095269600006
1086,406.8849,1014.1003,1697.3047,0.0,0.0,0.0,-965.7752,-8997.5148,478.0764,5386.722,-1700.6224,54.946818719999996,-980.2017000000014,-1645.67558128,-2625.8772812800016
1087,374.1074,1042.6655,1664.1737,0.0,0.0,0.0,-954.5703,-9072.4931,479.0355,5361.5052,-1579.183,54.910550879999995,-1105.5761000000002,-1524.27244912,-2629.8485491200004
1088,366.2288,971.3152,1700.6407,0.0,0.0,0.0,-985.1635,-9113.1089,478.6097,5348.1659,-1524.6728,52.89764184,-1233.3121,-1471.77515816,-2705.0872581600006
1089,388.2108,1039.0925,1692.7902,0.0,0.0,0.0,-961.3091,-9052.8571,479.3252,5312.4955,-1556.1578,54.18480096,-1102.2519999999986,-1501.9729990399999,-2604.2249990399987
1090,375.0021,1033.5579,1663.4739,0.0,0.0,0.0,-962.2004,-8981.7926,491.684,5371.7285,-1667.6956,55.5447348,-1008.5466000000006,-1612.1508652,-2620.697465200001
1091,405.9682,1009.8118,1688.3341,0.0,0.0,0.0,-967.5773,-9045.9271,468.7303,5347.2401,-1586.8723,54.36356904,-1093.4199000000008,-1532.50873096,-2625.9286309600006
1092,399.4788,1008.3633,1689.1931,0.0,0.0,0.0,-972.5,-9187.6864,479.519,5414.7054,-1514.8662,52.8908256,-1168.9268000000002,-1461.9753744,-2630.9021744
1093,389.5978,1028.1579,1672.7664,0.0,0.0,0.0,-943.573,-9131.178,485.2916,5329.1836,-1514.5755,55.00695456,-1169.7536999999993,-1459.56854544,-2629.3222454399993
1094,402.4612,1052.9867,1698.9997,0.0,0.0,0.0,-1010.1304,-9094.8885,481.3046,5387.3069,-1566.671,53.93669832,-1081.9597999999996,-1512.73430168,-2594.69410168
1095,353.5086,986.4007,1716.4946,0.0,0.0,0.0,-985.9966,-9086.0247,458.4393,5383.9562,-1580.5011,53.48021544,-1173.2218999999996,-1527.02088456,-2700.2427845599996
1096,384.1698,1037.8129,1698.0459,0.0,0.0,0.0,-952.1357,-9120.8352,486.0709,5360.3918,-1541.9168,54.92402928,-1106.4795999999997,-1486.99277072,-2593.4723707199996
1097,397.4875,1059.7684,1684.7777,0.0,0.0,0.0,-970.7374,-9094.3809,462.9628,5357.5769,-1589.648,53.54941032,-1102.545,-1536.0985896799998,-2638.6435896800003
1098,405.8233,982.1942,1698.4055,0.0,0.0,0.0,-989.6898,-9152.7483,465.7639,5383.4795,-1512.7313,52.0517916,-1206.7716999999993,-1460.6795084,-2667.4512083999994
1099,391.2678,995.8327,1686.4144,0.0,0.0,0.0,-998.8516,-9247.204,473.7379,5378.9389,-1479.1372,51.76227888,-1319.8638999999994,-1427.37492112,-2747.2388211199996
1100,376.2727,1042.4771,1681.0419,0.0,0.0,0.0,-996.1642,-9085.3587,465.9454,5381.9606,-1561.6916,53.521393679999996,-1133.8252000000011,-1508.17020632,-2641.995406320001
1101,395.3363,1014.8585,1723.0487,0.0,0.0,0.0,-956.3624,-9155.2409,470.4174,5400.0514,-1551.921,56.16593784,-1107.8909999999996,-1495.75506216,-2603.64606216
1102,359.178,1040.7177,1701.9234,0.0,0.0,0.0,-984.3228,-9157.2766,479.2886,5427.7555,-1533.8305,54.238599359999995,-1132.7361999999994,-1479.59190064,-2612.3281006399993
1103,399.5424,1032.7901,1715.7713,0.0,0.0,0.0,-987.2266,-9127.8385,477.0865,5404.0764,-1549.6654,54.5154012,-1085.7983999999997,-1495.1499988,-2580.9483987999997
1104,397.1099,985.3031,1698.5917,0.0,0.0,0.0,-970.6508,-9155.3238,485.466,5417.534,-1539.6478,54.34934256,-1141.9699,-1485.29845744,-2627.26835744
1105,396.4002,992.4602,1677.7723,0.0,0.0,0.0,-943.2345,-9206.2233,485.9735,5404.6707,-1517.5281,55.82376288,-1192.1809000000003,-1461.70433712,-2653.8852371200005
1106,407.2637,1011.8555,1703.2954,0.0,0.0,0.0,-967.0925,-9051.1121,473.1468,5376.0822,-1622.8884,57.39263496,-1046.5610000000006,-1565.4957650400002,-2612.0567650400003
1107,397.7498,1011.399,1713.0661,0.0,0.0,0.0,-963.8695,-9065.3463,456.0227,5425.8449,-1650.0607,55.95640056,-1025.1332999999995,-1594.10429944,-2619.2375994399995
1108,382.6249,987.6792,1698.5609,0.0,0.0,0.0,-932.9965,-9107.8479,483.9692,5427.6095,-1645.5951,57.058379280000004,-1060.400700000001,-1588.53672072,-2648.9374207200012
1109,387.8243,1022.103,1686.5767,0.0,0.0,0.0,-937.3217,-9099.4674,474.2053,5354.6111,-1586.6305,55.779534,-1111.4686999999994,-1530.850966,-2642.319666
1110,389.9832,1051.6263,1705.4494,0.0,0.0,0.0,-960.5403,-9004.2627,455.4864,5377.8676,-1672.7208,57.06243288,-984.3901000000005,-1615.65836712,-2600.0484671200006
1111,392.6943,1023.2448,1700.3137,0.0,0.0,0.0,-962.3935,-9018.6325,469.7463,5335.5187,-1616.7591,55.41241032,-1059.5082000000002,-1561.34668968,-2620.8548896800003
1112,378.9463,963.2803,1691.1334,0.0,0.0,0.0,-992.1407,-9101.9457,467.4972,5363.0201,-1555.7293,54.37999944,-1230.209100000001,-1501.34930056,-2731.558400560001
1113,379.7468,990.7053,1690.8034,0.0,0.0,0.0,-952.1836,-9023.5193,483.4763,5440.563,-1711.3664,56.81292408,-990.4080999999987,-1654.5534759200002,-2644.9615759199987
1114,390.6352,1034.0572,1698.9608,0.0,0.0,0.0,-969.3018,-8983.1123,470.1295,5352.814,-1662.5771,55.19980656,-1005.8174000000008,-1607.37729344,-2613.1946934400007
1115,404.8802,998.928,1699.9197,0.0,0.0,0.0,-985.5262,-8965.2536,458.9319,5345.8291,-1671.7352,54.35487792,-1042.2909000000009,-1617.38032208,-2659.671222080001
1116,399.8719,997.9283,1695.0674,0.0,0.0,0.0,-969.264,-9080.6569,474.3887,5372.1871,-1572.1186,54.216183599999994,-1110.4775,-1517.9024164,-2628.3799163999997
1117,377.8171,1042.5742,1687.3037,0.0,0.0,0.0,-949.3035,-8980.6974,460.9944,5371.8877,-1667.7181,56.25675648,-989.4237999999996,-1611.4613435200001,-2600.8851435199995
1118,382.7079,1001.4978,1718.4625,0.0,0.0,0.0,-972.3448,-8925.575,452.2772,5334.9652,-1703.3719,58.07175192,-1008.0092000000013,-1645.30014808,-2653.3093480800017
1119,358.3382,1045.8817,1680.2423,0.0,0.0,0.0,-961.7663,-8965.6344,474.0874,5323.1541,-1632.3,53.995613039999995,-1045.697000000001,-1578.3043869599999,-2624.001386960001
1120,395.4263,1032.4197,1691.1209,0.0,0.0,0.0,-973.955,-8965.8451,489.0021,5330.9244,-1650.6922,54.9817956,-1000.9067000000014,-1595.7104044,-2596.617104400001
1121,381.8324,1056.5581,1682.3858,0.0,0.0,0.0,-963.6832,-9177.0467,475.1761,5339.8236,-1463.386,52.6012128,-1204.9539000000013,-1410.7847872,-2615.738687200001
1122,386.5265,1019.0112,1698.7634,0.0,0.0,0.0,-975.0182,-9126.4416,479.9186,5375.4864,-1580.2557,54.514743839999994,-1141.7537000000002,-1525.74095616,-2667.49465616
1123,374.3542,1018.6019,1667.1876,0.0,0.0,0.0,-964.216,-9049.997,471.8303,5351.5614,-1575.0682,55.30961448,-1130.6776,-1519.75858552,-2650.4361855199995
1124,385.1344,1010.4911,1718.6173,0.0,0.0,0.0,-975.2847,-9059.6814,472.8108,5354.9348,-1614.1712,53.65072152,-1092.9776999999995,-1560.52047848,-2653.4981784799993
1125,388.7927,1040.5536,1693.1547,0.0,0.0,0.0,-978.0857,-9124.6224,463.4653,5360.7945,-1557.5765,50.89983984,-1155.9472999999998,-1506.67666016,-2662.62396016
1126,389.2825,1032.728,1726.1276,0.0,0.0,0.0,-980.3138,-9082.1479,474.8957,5395.3796,-1608.0872,52.78495248,-1044.0482999999995,-1555.30224752,-2599.3505475199995
1127,381.0979,1005.6118,1713.558,0.0,0.0,0.0,-980.8382,-9014.3872,469.5031,5376.6802,-1639.2471,53.1394164,-1048.7743999999993,-1586.1076836,-2634.8820835999995
1128,373.0476,1039.8574,1661.0172,0.0,0.0,0.0,-974.5677,-8987.3118,467.3679,5385.659,-1696.4159,52.8268608,-1034.9304000000002,-1643.5890392,-2678.5194392000003
1129,383.7049,1019.5173,1666.4811,0.0,0.0,0.0,-985.264,-8911.1655,479.293,5356.2543,-1720.9365,54.33005376,-991.1788999999999,-1666.60644624,-2657.78534624
1130,371.7724,1012.4133,1699.309,0.0,0.0,0.0,-989.9133,-9007.0393,471.3736,5371.9259,-1649.8121,53.26712784,-1070.1584000000003,-1596.54497216,-2666.7033721600005
1131,379.5736,1047.1507,1706.2611,0.0,0.0,0.0,-979.5256,-9039.9328,488.7948,5363.4788,-1654.7564,54.026325359999994,-1034.1994000000013,-1600.7300746399999,-2634.9294746400014
1132,396.3225,1001.4758,1691.7902,0.0,0.0,0.0,-949.3618,-8924.2301,461.5116,5364.9059,-1752.8596,54.83117736,-957.5859000000019,-1698.02842264,-2655.614322640002
1133,416.0661,1021.6036,1698.633,0.0,0.0,0.0,-946.4382,-8954.33,463.5889,5337.9007,-1680.8611,54.99628128,-962.9759000000004,-1625.8648187200001,-2588.8407187200005
1134,387.09,1033.9823,1691.9169,0.0,0.0,0.0,-945.9233,-8988.8784,481.6865,5382.1157,-1702.1234,55.84064328,-958.0102999999999,-1646.28275672,-2604.2930567199996
1135,382.2917,1052.2351,1717.496,0.0,0.0,0.0,-974.9317,-8890.7007,457.2054,5366.5954,-1770.2404,56.21625648,-889.8087999999998,-1714.0241435199998,-2603.8329435199994
1136,370.6762,1036.2783,1695.4182,0.0,0.0,0.0,-976.4687,-8887.0174,476.4456,5416.1744,-1785.429,55.098960479999995,-868.4934000000003,-1730.3300395200001,-2598.82343952
1137,343.69,1024.5827,1703.3785,0.0,0.0,0.0,-987.8869,-8865.4774,489.4789,5385.5991,-1766.9027,55.95607368,-906.6350999999986,-1710.9466263200002,-2617.581726319999
1138,393.3532,1024.2715,1694.2054,0.0,0.0,0.0,-972.2134,-8959.3081,467.4446,5385.6154,-1715.1707,53.89802928,-966.6314000000002,-1661.27267072,-2627.9040707199997
1139,349.9719,1013.3776,1675.3083,0.0,0.0,0.0,-962.3567,-8897.3062,472.4242,5374.2696,-1760.0794,54.93941424,-974.3113000000012,-1705.1399857600002,-2679.451285760001
1140,395.0213,992.2808,1708.7018,0.0,0.0,0.0,-988.8147,-8907.9397,479.9366,5384.7111,-1731.6262,55.10940408,-936.1028000000006,-1676.5167959199998,-2612.6195959200004
1141,413.2344,996.9954,1683.9547,0.0,0.0,0.0,-953.0549,-8963.8785,475.4364,5383.5,-1737.5078,56.7636732,-963.8125000000009,-1680.7441268,-2644.556626800001
1142,392.767,963.6857,1688.3196,0.0,0.0,0.0,-958.3363,-9076.7574,479.0383,5419.6054,-1617.5466,54.1590732,-1091.6777000000002,-1563.3875268,-2655.0652268
1143,411.0469,1032.2889,1703.7184,0.0,0.0,0.0,-971.0258,-9039.5322,480.8217,5377.0279,-1622.4397,54.653283359999996,-1005.654199999999,-1567.78641664,-2573.440616639999
1144,411.9621,977.8654,1706.5001,0.0,0.0,0.0,-959.1892,-8988.9605,462.1287,5370.6765,-1662.5117,54.6630228,-1019.0168999999996,-1607.8486772,-2626.8655771999997
1145,384.9828,1040.4559,1691.699,0.0,0.0,0.0,-980.5412,-8923.095,475.8738,5405.9597,-1785.3288,55.45865736,-904.664999999999,-1729.87014264,-2634.5351426399993
1146,362.6741,1058.0087,1710.6331,0.0,0.0,0.0,-954.9391,-9010.1635,460.1253,5353.5031,-1655.9484,54.49914,-1020.158300000001,-1601.44926,-2621.6075600000013
1147,418.7816,1064.2288,1700.1972,0.0,0.0,0.0,-952.4907,-8956.9626,470.0978,5329.8307,-1709.3127,53.7588036,-926.3171999999995,-1655.5538964,-2581.8710963999993
1148,394.5451,1013.3654,1711.5093,0.0,0.0,0.0,-966.9587,-8873.87,456.1293,5346.6557,-1754.4597,54.41739336,-918.6239000000014,-1700.04230664,-2618.6662066400017
1149,404.2168,1022.2759,1683.1137,0.0,0.0,0.0,-957.6846,-8962.8349,467.8097,5384.9819,-1716.4493,55.781099999999995,-958.1215000000002,-1660.6682,-2618.7897000000003
1150,393.532,1038.2359,1685.8504,0.0,0.0,0.0,-967.6142,-8839.819,479.5359,5334.043,-1765.6038,54.830297519999995,-876.2359999999999,-1710.7735024800002,-2587.00950248
1151,367.9561,1031.4974,1673.166,0.0,0.0,0.0,-967.9026,-9080.0397,485.6247,5426.8475,-1649.5332,52.6941864,-1062.8505999999998,-1596.8390136,-2659.6896135999996
1152,386.1419,1038.6595,1691.3197,0.0,0.0,0.0,-975.8883,-9045.2452,463.5654,5346.8462,-1574.8278,51.427782719999996,-1094.6007999999993,-1523.40001728,-2618.0008172799994
1153,393.5996,1032.0059,1695.5189,0.0,0.0,0.0,-985.0357,-9036.793,489.7619,5367.3254,-1631.6814,53.5945032,-1043.6169999999993,-1578.0868968,-2621.7038967999993
1154,392.6333,980.0133,1684.4659,0.0,0.0,0.0,-951.6876,-8990.6795,460.5159,5377.4818,-1675.4143,54.312444,-1047.2569000000003,-1621.101856,-2668.358756
1155,387.9857,1019.3653,1695.0692,0.0,0.0,0.0,-948.1314,-9040.7749,466.8641,5386.4677,-1644.0498,54.09053424,-1033.1543000000001,-1589.95926576,-2623.11356576
1156,404.2738,1021.036,1684.6676,0.0,0.0,0.0,-995.9439,-8988.039,464.4261,5361.914,-1685.9591,53.978615999999995,-1047.6654000000017,-1631.980484,-2679.645884000002
1157,382.2192,1004.8103,1682.5409,0.0,0.0,0.0,-996.2404,-8890.9566,477.4407,5368.3545,-1758.2307,55.342355039999994,-971.8313999999991,-1702.88834496,-2674.7197449599994
1158,354.014,1008.7725,1696.6548,0.0,0.0,0.0,-997.4838,-8900.9945,493.128,5359.898,-1721.0159,53.98157664,-986.0110000000004,-1667.0343233600001,-2653.0453233600006
1159,376.4465,1038.0848,1704.4571,0.0,0.0,0.0,-980.7867,-8980.4738,460.2743,5344.2557,-1665.2718,54.26741376,-1037.7421000000004,-1611.00438624,-2648.74648624
1160,397.427,1074.8384,1696.2383,0.0,0.0,0.0,-967.97,-9041.2456,486.5035,5376.4288,-1639.3521,54.593187119999996,-977.7796000000008,-1584.75891288,-2562.538512880001
1161,367.3259,1008.0368,1696.6804,0.0,0.0,0.0,-1005.0375,-8755.3715,470.8234,5338.2007,-1826.4351,56.49764904,-879.3417999999983,-1769.93745096,-2649.279250959998
1162,394.3181,995.753,1678.2703,0.0,0.0,0.0,-990.1836,-8859.4365,479.0527,5372.7308,-1804.0447,55.78529759999999,-929.4951999999985,-1748.2594024,-2677.7546023999985
1163,391.2617,1012.6886,1675.1617,0.0,0.0,0.0,-977.8318,-8903.9174,462.6034,5349.8791,-1746.2687,53.705820960000004,-990.1547,-1692.56287904,-2682.71757904
1164,408.4534,1012.4776,1703.824,0.0,0.0,0.0,-975.9933,-8923.6738,488.8145,5381.0439,-1755.5264,55.83892968,-905.0537000000004,-1699.6874703199999,-2604.74117032
1165,398.7201,1055.7982,1687.884,0.0,0.0,0.0,-984.1299,-8846.3597,469.3614,5413.245,-1829.8253,56.8498824,-805.4809000000014,-1772.9754176,-2578.4563176000015
1166,386.6452,1000.6798,1682.97,0.0,0.0,0.0,-962.2202,-8885.2643,477.5376,5376.1267,-1774.2916,53.60371128,-923.525200000001,-1720.68788872,-2644.213088720001
1167,388.7936,1014.8948,1660.895,0.0,0.0,0.0,-976.2423,-8845.7265,464.1963,5348.6588,-1799.4986,57.159636479999996,-944.5303000000013,-1742.3389635199999,-2686.8692635200014
1168,379.17,1050.2163,1710.4869,0.0,0.0,0.0,-947.282,-8864.5749,482.6137,5338.7436,-1756.3942,57.26555424,-850.6264000000001,-1699.12864576,-2549.75504576
1169,358.3561,998.2602,1682.9284,0.0,0.0,0.0,-959.2096,-9048.216,483.9795,5382.0112,-1618.8539,55.40622552,-1101.8901999999998,-1563.4476744800002,-2665.3378744799998
1170,356.2051,1042.1321,1680.6313,0.0,0.0,0.0,-972.4236,-8953.6015,470.8075,5353.4694,-1692.2401,55.31787504,-1022.779700000001,-1636.92222496,-2659.7019249600007
1171,400.3367,1009.2502,1706.9005,0.0,0.0,0.0,-948.4772,-8824.3487,460.5446,5303.3807,-1790.2058,55.7213328,-892.4132000000009,-1734.4844672,-2626.897667200001
1172,353.6875,1033.8038,1703.5386,0.0,0.0,0.0,-959.3682,-8928.2391,483.1531,5366.9106,-1729.0511,56.53552824,-946.5137000000004,-1672.5155717599998,-2619.02927176
1173,384.5034,994.4096,1690.0014,0.0,0.0,0.0,-965.0424,-8978.4418,458.4102,5340.7988,-1639.9909,55.87042752,-1075.3608000000004,-1584.12047248,-2659.4812724800004
1174,386.805,1027.639,1699.1626,0.0,0.0,0.0,-969.3889,-9026.7937,467.5365,5335.0997,-1601.1213,54.609541199999995,-1079.9398,-1546.5117588,-2626.4515588
1175,378.7671,1025.9785,1698.5539,0.0,0.0,0.0,-973.86,-9057.3646,484.6278,5398.4274,-1601.2977,54.1232172,-1044.8699000000006,-1547.1744828,-2592.0443828000007
1176,379.3975,1017.8784,1681.1001,0.0,0.0,0.0,-956.9708,-8974.6398,465.34,5335.0628,-1667.7081,55.65578616,-1052.8318000000008,-1612.0523138400001,-2664.8841138400007
1177,392.3811,1048.8523,1694.2918,0.0,0.0,0.0,-974.6921,-8946.3175,476.5444,5395.3706,-1743.1661,55.536505919999996,-913.5693999999994,-1687.6295940799998,-2601.1989940799995
1178,370.8447,1039.5925,1689.5831,0.0,0.0,0.0,-969.3283,-9019.0436,475.4685,5363.9628,-1628.5702,54.743006879999996,-1048.9203000000007,-1573.8271931200002,-2622.747493120001
1179,424.8657,1006.8138,1711.9553,0.0,0.0,0.0,-976.1374,-8955.1999,456.4532,5359.7434,-1684.8764,53.76736584,-971.5058999999992,-1631.1090341600002,-2602.6149341599994
1180,391.7557,1013.0138,1711.9302,0.0,0.0,0.0,-947.5062,-9009.9265,461.8351,5313.8777,-1641.0842,54.74222856,-1065.020199999999,-1586.34197144,-2651.362171439999
1181,395.928,1018.9617,1703.0404,0.0,0.0,0.0,-944.904,-9053.3067,475.361,5378.0335,-1636.5609,56.5336332,-1026.8860999999997,-1580.0272668,-2606.9133667999995
1182,394.3893,1012.8598,1704.7074,0.0,0.0,0.0,-960.5893,-8968.2697,464.666,5378.1273,-1700.2446,55.29825072,-974.1091999999999,-1644.94634928,-2619.05554928
1183,392.3028,1017.7417,1700.9584,0.0,0.0,0.0,-944.4161,-9003.9678,467.5563,5379.5637,-1685.2886,55.54961424,-990.2610000000004,-1629.73898576,-2619.99998576
1184,366.0997,1017.0314,1695.6274,0.0,0.0,0.0,-961.9984,-8985.5203,465.9891,5376.3246,-1669.3832,54.0952632,-1026.446500000001,-1615.2879368,-2641.7344368000013
1185,396.6224,1077.5064,1711.4717,0.0,0.0,0.0,-962.4465,-8930.7957,493.8644,5370.9072,-1727.1088,54.35951976,-842.8701000000001,-1672.74928024,-2515.6193802400003
1186,400.6985,1057.8404,1686.6081,0.0,0.0,0.0,-971.1099,-8898.7074,476.6607,5359.7672,-1764.0868,54.8549676,-888.2423999999992,-1709.2318324,-2597.4742323999994
1187,388.172,1031.5994,1674.055,0.0,0.0,0.0,-956.3102,-9031.6625,467.9761,5384.9855,-1678.5322,54.20427984,-1041.1847000000007,-1624.32792016,-2665.512620160001
1188,360.8341,1007.5277,1696.1656,0.0,0.0,0.0,-960.9496,-8916.2565,479.6708,5377.9762,-1755.6838,56.6893548,-955.0316999999995,-1698.9944452,-2654.0261451999995
1189,379.6832,996.4199,1670.5424,0.0,0.0,0.0,-970.1995,-8998.9241,487.8201,5375.6838,-1668.1255,56.029210559999996,-1058.9742000000006,-1612.0962894400002,-2671.0704894400005
1190,398.9077,1061.8261,1700.3605,0.0,0.0,0.0,-984.6824,-9031.4238,446.4943,5381.9043,-1647.4967,54.71914391999999,-1026.613300000001,-1592.7775560799998,-2619.3908560800005
1191,393.9857,1016.7953,1706.0894,0.0,0.0,0.0,-947.6975,-9122.5195,480.6931,5408.474,-1619.1014,54.11405448,-1064.1795000000002,-1564.98734552,-2629.16684552
1192,368.8186,1014.2589,1705.0067,0.0,0.0,0.0,-971.3264,-9151.2293,462.51,5416.887,-1554.2786,53.99274168,-1155.0745000000006,-1500.28585832,-2655.3603583200006
1193,396.8178,1049.2585,1691.4514,0.0,0.0,0.0,-986.6777,-8986.2488,471.937,5383.4154,-1661.8854,54.99242856,-980.0464000000002,-1606.8929714399999,-2586.9393714400003
1194,380.6046,1044.7734,1689.7765,0.0,0.0,0.0,-945.116,-9193.1539,480.0371,5400.4301,-1518.202,54.7516836,-1142.6481999999996,-1463.4503164,-2606.0985164
1195,394.4132,1024.8766,1720.6465,0.0,0.0,0.0,-981.6374,-8968.6756,475.4805,5392.4165,-1705.0395,54.729724319999995,-942.4797000000008,-1650.30977568,-2592.7894756800006
1196,394.969,972.051,1681.4222,0.0,0.0,0.0,-963.5418,-9002.0333,480.6501,5392.9125,-1695.4354,55.080559439999995,-1043.5702999999985,-1640.3548405600002,-2683.925140559999
1197,363.1849,999.7173,1696.9273,0.0,0.0,0.0,-951.1311,-9032.3145,477.9223,5447.2203,-1710.7471,54.890888399999994,-998.473500000001,-1655.8562116,-2654.3297116000012
1198,376.4542,1002.9439,1686.5982,0.0,0.0,0.0,-953.8329,-8989.396,472.5596,5394.4301,-1675.7756,54.3537648,-1010.242900000002,-1621.4218352,-2631.664735200002
1199,390.9097,1048.2287,1691.3915,0.0,0.0,0.0,-956.0075,-8949.5668,480.3275,5417.7164,-1731.6788,55.412621279999996,-877.0005000000001,-1676.26617872,-2553.2666787199996
1200,389.7409,1038.3703,1674.7806,0.0,0.0,0.0,-953.165,-8994.4906,480.7094,5369.8127,-1691.372,54.93129048,-994.2416999999987,-1636.4407095200002,-2630.682409519999
1201,387.7426,1018.8934,1685.1191,0.0,0.0,0.0,-955.7906,-9016.5931,478.7828,5440.1602,-1714.7282,56.32076016,-961.6855999999998,-1658.40743984,-2620.0930398399996
1202,378.1577,1014.3336,1679.2388,0.0,0.0,0.0,-944.8737,-9072.1885,472.7305,5363.8445,-1615.5465,56.34005544,-1108.7570999999998,-1559.20644456,-2667.9635445599997
1203,376.8894,1025.0307,1712.3047,0.0,0.0,0.0,-948.367,-9156.8043,493.7879,5449.1786,-1590.2057,55.60401456,-1047.9799999999996,-1534.60168544,-2582.5816854399995
1204,375.0136,995.1783,1682.059,0.0,0.0,0.0,-952.6509,-9089.1845,489.4372,5452.1426,-1655.8086,53.71749144,-1048.0046999999986,-1602.09110856,-2650.0958085599987
1205,408.0342,1018.2542,1685.9293,0.0,0.0,0.0,-962.6748,-9011.646,468.8067,5417.006,-1702.2333,54.80732016,-976.2903999999999,-1647.42597984,-2623.7163798399997
1206,371.2474,1021.8705,1691.4794,0.0,0.0,0.0,-958.9821,-9099.0705,480.0904,5397.5089,-1638.9562,55.18435392,-1095.8559999999998,-1583.7718460800002,-2679.62784608
1207,409.5225,1044.4179,1675.1139,0.0,0.0,0.0,-956.3926,-8985.1383,458.5109,5414.9631,-1732.4902,56.89336104,-939.0026000000007,-1675.59683896,-2614.599438960001
1208,371.759,1012.5174,1676.0524,0.0,0.0,0.0,-962.7248,-9064.7745,486.7169,5403.3103,-1641.7582,54.57235896,-1077.1432999999988,-1587.18584104,-2664.329141039999
1209,392.6906,1034.0507,1706.054,0.0,0.0,0.0,-943.7869,-9067.4962,472.2614,5428.0443,-1689.5535,56.38470696,-978.1820999999991,-1633.16879304,-2611.350893039999
1210,363.6241,994.7745,1696.7858,0.0,0.0,0.0,-961.7099,-9032.6872,473.545,5436.6116,-1707.9219,57.236124239999995,-1029.0560999999998,-1650.68577576,-2679.74187576
1211,361.223,999.4261,1667.9958,0.0,0.0,0.0,-953.9639,-8978.958,462.0276,5375.236,-1696.2317,58.07665728,-1067.0133999999998,-1638.15504272,-2705.1684427200003
1212,385.9434,975.9567,1712.6032,0.0,0.0,0.0,-949.9551,-9030.5833,463.5694,5378.0614,-1681.6353,59.12192520000001,-1064.404300000001,-1622.5133747999998,-2686.917674800001
1213,377.2513,998.4369,1696.168,0.0,0.0,0.0,-958.8385,-8919.0244,469.5418,5398.3988,-1768.1232,56.870619839999996,-938.0661,-1711.25258016,-2649.31868016
1214,394.3557,996.4769,1683.292,0.0,0.0,0.0,-955.6576,-8924.7871,478.3051,5410.2744,-1758.8383,58.814166959999994,-917.7405999999992,-1700.02413304,-2617.764733039999
1215,363.6209,1009.1152,1714.7622,0.0,0.0,0.0,-958.9265,-8845.5812,470.2302,5332.1057,-1791.8894,58.29251904,-914.6735000000008,-1733.59688096,-2648.2703809600007
1216,368.1211,1024.7744,1683.8293,0.0,0.0,0.0,-948.6254,-8975.4886,471.8821,5408.6547,-1727.7058,58.036752,-966.8524000000007,-1669.669048,-2636.5214480000004
1217,373.1179,1066.186,1669.6946,0.0,0.0,0.0,-945.1289,-8886.208,472.594,5318.5732,-1728.5206,58.935864959999996,-931.1712000000007,-1669.5847350400002,-2600.7559350400006
1218,393.5248,1010.4466,1686.0651,0.0,0.0,0.0,-951.8396,-8935.8191,487.3945,5364.7964,-1702.956,57.44866752,-945.4313000000002,-1645.5073324799998,-2590.9386324800003
1219,375.1488,1050.5823,1716.9646,0.0,0.0,0.0,-947.5042,-9091.3826,468.323,5389.3512,-1639.3593,55.06732872,-1038.5168999999996,-1584.29197128,-2622.8088712799995
1220,408.79,1013.5454,1696.0555,0.0,0.0,0.0,-943.2481,-8985.6071,459.6513,5344.0501,-1701.2616,59.24963304,-1006.7628999999997,-1642.01196696,-2648.7748669599996
1221,370.5464,1022.0132,1686.5739,0.0,0.0,0.0,-961.1074,-9008.7754,461.8626,5366.1334,-1637.9631,56.75974128,-1062.7533000000003,-1581.2033587199999,-2643.95665872
1222,374.6646,995.3933,1685.3236,0.0,0.0,0.0,-971.1612,-9065.966,469.6662,5396.4816,-1652.5742,56.21122296,-1115.5979000000007,-1596.36297704,-2711.9608770400005
1223,350.8046,1011.0142,1681.9723,0.0,0.0,0.0,-955.7761,-8973.5872,470.7236,5366.1768,-1684.3854,55.0652112,-1048.6718,-1629.3201887999999,-2677.9919888000004
1224,369.6857,1058.9074,1673.5317,0.0,0.0,0.0,-956.6459,-8978.5528,464.0073,5353.7296,-1664.3664,55.62092088,-1015.3369999999995,-1608.74547912,-2624.0824791199993
1225,385.5598,977.4562,1684.7035,0.0,0.0,0.0,-969.1241,-9139.7198,472.0512,5383.6139,-1549.1587,55.85967864,-1205.4593000000004,-1493.2990213599999,-2698.7583213600005
1226,359.6992,982.8718,1682.1927,0.0,0.0,0.0,-938.5536,-8989.0788,472.3678,5411.6533,-1686.6853,57.06784512,-1018.8475999999991,-1629.6174548800002,-2648.465054879999
1227,391.3629,1034.5416,1692.5702,0.0,0.0,0.0,-961.8093,-8926.617,465.1294,5345.8169,-1711.3974,56.95362216,-959.0053000000007,-1654.4437778400002,-2613.4490778400004
1228,400.4362,1062.6207,1693.0948,0.0,0.0,0.0,-960.5916,-9131.8974,466.923,5342.6462,-1553.6986,54.734155200000004,-1126.7680999999993,-1498.9644448,-2625.7325447999992
1229,402.5791,978.6921,1698.829,0.0,0.0,0.0,-952.5099,-9045.4382,460.7472,5391.6712,-1644.2125,57.211289279999995,-1065.429500000001,-1587.00121072,-2652.430710720001
1230,403.8893,993.1846,1715.9128,0.0,0.0,0.0,-950.4521,-8981.0946,469.1708,5366.2452,-1670.2835,57.31753104,-983.1439999999993,-1612.96596896,-2596.109968959999
1231,350.1721,1016.7677,1688.294,0.0,0.0,0.0,-967.8205,-8970.1465,488.0469,5381.577,-1720.2457,57.25138536,-1013.1093000000001,-1662.9943146399999,-2676.10361464
1232,369.6279,993.4273,1703.1152,0.0,0.0,0.0,-957.5533,-8856.2313,472.9578,5346.4514,-1771.6045,57.6775044,-928.2049999999999,-1713.9269955999998,-2642.1319955999998
1233,387.6606,1001.2148,1709.8483,0.0,0.0,0.0,-954.3316,-8783.1796,473.369,5359.1605,-1837.1379,55.95431616,-806.2579999999998,-1781.18358384,-2587.4415838399996
1234,398.7325,1006.1743,1679.9093,0.0,0.0,0.0,-953.0951,-8905.8641,472.0813,5339.0912,-1714.7748,55.97734032,-962.9706000000015,-1658.79745968,-2621.7680596800014
1235,419.6468,991.8342,1708.8062,0.0,0.0,0.0,-972.5693,-9003.6833,496.8571,5384.9819,-1674.6355,55.085254559999996,-974.126400000001,-1619.55024544,-2593.6766454400013
1236,379.7805,1029.2695,1704.0099,0.0,0.0,0.0,-965.6965,-8913.9216,470.5437,5363.8808,-1739.3517,56.5797276,-932.1336999999994,-1682.7719723999999,-2614.9056723999997
1237,413.1845,1050.0765,1696.2505,0.0,0.0,0.0,-979.0084,-8989.0058,464.7814,5373.4461,-1715.8712,53.848456559999995,-970.275200000001,-1662.02274344,-2632.297943440001
1238,401.0818,1058.6513,1688.852,0.0,0.0,0.0,-936.189,-9002.2852,481.5974,5380.9051,-1680.5541,54.36976392,-927.3866000000007,-1626.18433608,-2553.570936080001
1239,384.7818,1072.1314,1698.3876,0.0,0.0,0.0,-973.5118,-8886.1742,472.4428,5325.8442,-1726.8675,55.54473264,-906.0982000000004,-1671.3227673600002,-2577.4209673600008
1240,388.6502,1027.024,1705.1667,0.0,0.0,0.0,-942.0651,-8907.1389,468.4093,5347.1084,-1758.5755,56.08625256,-912.8453999999992,-1702.4892474399999,-2615.334647439999
1241,391.4197,984.3394,1680.9735,0.0,0.0,0.0,-928.4925,-8952.1004,469.105,5339.0271,-1692.031,56.70344448,-1015.7281999999987,-1635.32755552,-2651.0557555199985
1242,408.7904,1029.5886,1670.37,0.0,0.0,0.0,-957.8302,-8993.4492,473.0905,5335.0236,-1628.8853,53.87058792,-1034.416299999999,-1575.01471208,-2609.4310120799987
1243,393.8452,1047.6913,1707.8107,0.0,0.0,0.0,-973.389,-9007.2904,461.5556,5362.5926,-1670.3099,55.02532032,-1007.1840000000002,-1615.28457968,-2622.4685796800004
1244,404.4481,1020.1196,1682.4882,0.0,0.0,0.0,-959.7941,-8936.0254,465.3837,5329.3252,-1705.7842,54.59194296,-994.0546999999997,-1651.19225704,-2645.24695704
1245,372.5559,1021.6667,1694.0241,0.0,0.0,0.0,-972.1234,-9006.028,466.7927,5383.7826,-1680.7692,53.85202056,-1039.3294000000005,-1626.91717944,-2666.2465794400005
1246,381.7242,989.9412,1683.441,0.0,0.0,0.0,-970.6036,-8941.4298,486.7517,5373.4924,-1718.7183,55.78019496,-996.6828999999998,-1662.93810504,-2659.62100504
1247,386.9851,1074.5056,1674.3215,0.0,0.0,0.0,-979.7434,-8895.1559,481.0473,5395.4564,-1784.4181,57.03083424,-862.5833999999995,-1727.38726576,-2589.9706657599995
1248,406.3732,1043.7508,1694.9715,0.0,0.0,0.0,-955.6508,-8978.4116,462.2005,5379.7977,-1727.7746,56.39220288,-946.9686999999994,-1671.38239712,-2618.3510971199994
1249,388.4353,1000.0556,1698.8416,0.0,0.0,0.0,-933.0883,-8973.5952,483.2487,5434.8305,-1764.5242,57.61896192,-901.2717999999995,-1706.9052380800001,-2608.1770380799994
1250,381.7545,1017.5344,1725.7634,0.0,0.0,0.0,-967.4954,-8833.9922,478.4167,5398.4907,-1862.8871,56.94589512,-799.5279,-1805.94120488,-2605.46910488
1251,347.6873,1020.5254,1661.7307,0.0,0.0,0.0,-967.6388,-8906.7034,470.002,5376.071,-1745.9848,55.99102032,-998.3257999999996,-1689.99377968,-2688.3195796799996
1252,364.131,1048.7641,1676.3526,0.0,0.0,0.0,-977.4188,-8903.6446,488.7843,5430.0798,-1803.9242,56.69617896,-872.9515999999985,-1747.22802104,-2620.1796210399984
1253,391.8927,967.9066,1694.6461,0.0,0.0,0.0,-943.5424,-8964.5419,463.5479,5402.1793,-1764.771,56.416186079999996,-987.9117000000006,-1708.35481392,-2696.2665139200003
1254,371.8629,1028.726,1691.1593,0.0,0.0,0.0,-939.641,-8915.7176,470.4247,5399.1543,-1780.1774,56.14951176,-894.0313999999998,-1724.02788824,-2618.0592882399997
1255,396.0249,992.103,1687.2257,0.0,0.0,0.0,-957.3309,-8921.4281,463.2455,5380.1146,-1752.2822,55.23682032,-960.0452999999998,-1697.04537968,-2657.09067968
1256,380.9764,1021.2173,1678.1969,0.0,0.0,0.0,-949.7182,-8954.777,460.9219,5385.8298,-1727.3015,56.56683024,-977.3528999999999,-1670.73466976,-2648.08756976
1257,396.2869,1009.8881,1715.1969,0.0,0.0,0.0,-973.5753,-8884.949,479.1408,5425.3237,-1835.9256,56.567563199999995,-832.6879000000008,-1779.3580368,-2612.045936800001
1258,383.6541,1010.6405,1674.843,0.0,0.0,0.0,-963.0502,-8905.8234,475.5909,5379.7154,-1751.8833,56.6848368,-944.4296999999988,-1695.1984631999999,-2639.6281631999987
1259,388.0701,1001.9563,1698.0101,0.0,0.0,0.0,-935.541,-8957.9003,479.8103,5407.8851,-1749.3984,57.138518160000004,-917.7093999999988,-1692.25988184,-2609.969281839999
1260,382.8606,1074.0064,1655.6232,0.0,0.0,0.0,-939.1272,-8997.6477,475.9465,5400.257,-1713.9052,56.41253496,-948.0811999999996,-1657.49266504,-2605.57386504
1261,389.3032,1022.2831,1681.9442,0.0,0.0,0.0,-978.9659,-8963.8,482.5515,5400.5986,-1717.428,55.78678368,-966.0852999999997,-1661.64121632,-2627.7265163199995
1262,363.5758,1026.7766,1696.9046,0.0,0.0,0.0,-957.1764,-8973.0623,481.797,5380.9852,-1724.0545,55.22031576,-980.1994999999997,-1668.83418424,-2649.0336842399997
1263,371.8778,1015.2936,1678.2513,0.0,0.0,0.0,-970.737,-8830.3606,476.1662,5366.6804,-1822.9211,57.4968456,-892.8283000000001,-1765.4242544,-2658.2525544
1264,372.3806,1027.8862,1701.5524,0.0,0.0,0.0,-950.1516,-8925.9995,480.5879,5356.4247,-1738.2811,58.46406912,-937.319300000001,-1679.81703088,-2617.136330880001
1265,405.117,1000.3343,1681.6622,0.0,0.0,0.0,-944.0166,-8904.5488,468.6638,5376.7374,-1767.8935,56.186544239999996,-916.0506999999998,-1711.7069557599998,-2627.75765576
1266,420.199,977.8717,1653.5288,0.0,0.0,0.0,-946.9448,-8948.5125,466.7895,5371.7429,-1701.7599,56.43721728,-1005.3254000000006,-1645.32268272,-2650.6480827200007
1267,410.1947,1055.5809,1697.3017,0.0,0.0,0.0,-949.8188,-8967.8298,475.142,5379.2972,-1710.4365,56.80194552,-900.1320999999998,-1653.6345544800001,-2553.7666544799995
1268,380.9775,1024.3708,1702.1382,0.0,0.0,0.0,-964.008,-8941.309,489.0562,5384.9373,-1747.6554,55.65363696,-923.8369999999995,-1692.00176304,-2615.83876304
1269,401.0905,999.642,1683.0144,0.0,0.0,0.0,-951.2852,-8895.4966,477.5066,5355.3148,-1789.0171,56.86071336,-930.2135000000007,-1732.15638664,-2662.369886640001
1270,403.8013,984.051,1670.4455,0.0,0.0,0.0,-968.4567,-8899.9142,470.767,5380.8708,-1765.2979,56.062663199999996,-958.4352999999992,-1709.2352368,-2667.6705367999994
1271,386.2903,1011.3442,1701.0082,0.0,0.0,0.0,-950.7112,-8906.6464,479.9097,5358.258,-1773.2794,57.116207519999996,-920.5471999999991,-1716.16319248,-2636.710392479999
1272,381.8808,1018.566,1703.7791,0.0,0.0,0.0,-978.7719,-8890.6759,478.5003,5418.2609,-1820.49,56.3612508,-868.4606999999996,-1764.1287492,-2632.5894491999993
1273,391.0142,1032.6459,1664.4849,0.0,0.0,0.0,-965.3023,-8916.1132,489.8854,5404.4728,-1763.2607,56.69725464,-898.9123,-1706.56344536,-2605.4757453599996
1274,383.1953,994.8278,1693.3919,0.0,0.0,0.0,-977.8668,-9002.1267,485.095,5408.5775,-1711.2842,56.484588239999994,-1014.906,-1654.79961176,-2669.70561176
1275,398.47,1008.8668,1711.4836,0.0,0.0,0.0,-954.3339,-9025.6902,477.313,5368.9139,-1672.7009,56.23127856,-1014.9767999999995,-1616.46962144,-2631.446421439999
1276,377.7612,1035.6836,1706.871,0.0,0.0,0.0,-972.5561,-8914.825,492.2218,5407.9039,-1803.7969,56.027916,-866.9395999999997,-1747.768984,-2614.708584
1277,401.1426,1021.2099,1700.9699,0.0,0.0,0.0,-960.4926,-8932.8685,468.4614,5359.4031,-1766.9753,55.77339816,-942.1742000000004,-1711.2019018400001,-2653.3761018400005
1278,410.5505,982.0628,1701.9373,0.0,0.0,0.0,-975.3804,-8892.4239,468.6325,5359.1071,-1754.5511,54.62580456,-945.5140999999994,-1699.92529544,-2645.4393954399993
1279,387.5091,1020.417,1700.735,0.0,0.0,0.0,-969.734,-8927.139,476.9715,5368.6362,-1727.9182,54.99238392,-942.6041999999989,-1672.92581608,-2615.530016079999
1280,357.7773,1036.5137,1694.2623,0.0,0.0,0.0,-964.0979,-9081.1476,495.3591,5385.6112,-1594.8107,54.1918332,-1075.7219000000005,-1540.6188668,-2616.3407668000004
1281,397.1513,1041.9443,1692.3243,0.0,0.0,0.0,-973.2311,-9076.0987,476.2368,5414.6901,-1638.569,52.89175872,-1026.983000000001,-1585.6772412799999,-2612.660241280001
1282,389.8939,991.2663,1709.0404,0.0,0.0,0.0,-964.4225,-9044.9559,452.2031,5365.0338,-1635.8992,54.11213712,-1101.9409000000014,-1581.7870628800001,-2683.727962880001
1283,386.1187,1018.4956,1657.9287,0.0,0.0,0.0,-945.2918,-9035.0656,493.5516,5355.5922,-1635.6806,53.66704032,-1068.6706000000004,-1582.0135596799998,-2650.68415968
1284,402.8347,1007.3071,1684.3345,0.0,0.0,0.0,-949.5443,-8923.5391,472.3838,5368.3235,-1736.9377,55.1371248,-937.8998000000001,-1681.8005752,-2619.7003752
1285,408.3208,1048.8883,1681.0967,0.0,0.0,0.0,-964.4304,-9088.4583,480.5834,5359.8223,-1584.9201,52.78399704,-1074.1772,-1532.13610296,-2606.3133029600003
1286,369.4931,996.6441,1688.2977,0.0,0.0,0.0,-984.99,-9013.8675,460.2295,5345.8843,-1612.1935,53.27101728,-1138.3087999999998,-1558.92248272,-2697.2312827200003
1287,405.3163,1018.2313,1688.3803,0.0,0.0,0.0,-941.9599,-9017.5558,478.2404,5364.961,-1679.4452,55.35684072,-1004.3863999999994,-1624.08835928,-2628.4747592799995
1288,393.3345,1054.7254,1689.6873,0.0,0.0,0.0,-978.9556,-8975.8472,471.7912,5387.6049,-1712.4226,56.107396800000004,-957.6595000000007,-1656.3152032,-2613.9747032000005
1289,408.7709,996.9364,1668.7775,0.0,0.0,0.0,-970.1936,-8945.1471,487.3968,5448.822,-1750.3296,55.69835976,-904.6370999999999,-1694.6312402400001,-2599.26834024
1290,382.9941,999.9451,1706.5276,0.0,0.0,0.0,-979.3843,-8931.8373,464.2992,5391.2436,-1738.1293,55.70601912,-966.2119999999986,-1682.42328088,-2648.635280879999
1291,407.5838,951.6807,1706.8009,0.0,0.0,0.0,-971.2168,-8929.6726,472.7394,5376.6437,-1767.9648,53.85036312,-985.4409000000005,-1714.11443688,-2699.55533688
1292,394.9782,1069.2113,1728.6419,0.0,0.0,0.0,-963.6298,-8968.4355,456.7864,5389.2676,-1732.5736,55.5003288,-893.1798999999992,-1677.0732712,-2570.253171199999
1293,401.9612,992.3635,1695.8833,0.0,0.0,0.0,-970.189,-8953.4949,476.2643,5422.4593,-1753.932,55.33914528,-934.7522999999992,-1698.59285472,-2633.345154719999
1294,398.3969,1023.1448,1698.9217,0.0,0.0,0.0,-981.4595,-8851.3837,472.6954,5394.6463,-1857.8424,57.32025336,-845.0381000000007,-1800.52214664,-2645.5602466400005
1295,379.6326,1051.8239,1652.5325,0.0,0.0,0.0,-958.4645,-9033.9697,472.758,5408.6968,-1644.1048,53.94520584,-1026.9903999999997,-1590.15959416,-2617.1499941599996
1296,383.3201,1020.4196,1680.8655,0.0,0.0,0.0,-966.5322,-9002.3975,460.5804,5379.4353,-1688.6073,55.89821664,-1044.3087999999989,-1632.7090833599998,-2677.0178833599985
1297,403.0276,1042.3277,1672.3875,0.0,0.0,0.0,-937.1703,-9043.3806,480.586,5377.6596,-1652.916,54.69361703999999,-1004.5625,-1598.22238296,-2602.7848829600002
1298,389.6612,1053.6748,1692.121,0.0,0.0,0.0,-966.2945,-9007.9614,495.899,5382.1695,-1683.7524,53.804592,-960.7303999999995,-1629.9478080000001,-2590.678208
1299,406.0771,979.2153,1686.6996,0.0,0.0,0.0,-975.0258,-8990.7789,486.8092,5420.4634,-1706.1687,54.67567896,-986.5401000000002,-1651.49302104,-2638.0331210400004
1300,374.9798,996.8576,1686.9504,0.0,0.0,0.0,-960.0363,-8958.3442,458.8587,5413.0653,-1753.3499,55.859396399999994,-987.6686999999993,-1697.4905036,-2685.1592035999993
1301,387.3452,1032.6234,1686.508,0.0,0.0,0.0,-977.2551,-8823.6064,476.5857,5371.8403,-1825.1399,56.5690824,-845.9589000000014,-1768.5708175999998,-2614.5297176000017
1302,389.7004,990.8581,1722.9423,0.0,0.0,0.0,-964.9184,-8958.279,478.7405,5386.7098,-1729.2056,55.03253688,-954.2463000000016,-1674.17306312,-2628.419363120002
1303,425.4806,1002.6012,1706.1245,0.0,0.0,0.0,-959.4182,-9018.3825,479.6373,5357.2912,-1637.1209,53.71324344,-1006.6659,-1583.4076565599999,-2590.07355656
1304,377.3453,982.1206,1684.2847,0.0,0.0,0.0,-987.043,-9095.8436,473.5116,5385.0381,-1593.1903,52.38467928,-1180.5863000000008,-1540.80562072,-2721.391920720001
1305,370.9633,1030.3092,1683.0889,0.0,0.0,0.0,-983.3551,-8952.3838,482.3594,5410.9891,-1725.3831,53.815770719999996,-958.0289999999995,-1671.56732928,-2629.5963292799997
1306,383.2947,987.1924,1699.1059,0.0,0.0,0.0,-957.6981,-8933.1583,469.3643,5397.5535,-1777.6778,56.05142112,-954.3455999999996,-1721.62637888,-2675.9719788799994
1307,378.3142,1053.4865,1700.5075,0.0,0.0,0.0,-973.1237,-8847.8802,475.1796,5351.1558,-1805.2197,56.817851759999996,-862.3602999999994,-1748.4018482400002,-2610.7621482399995
1308,380.4591,1031.9273,1698.4506,0.0,0.0,0.0,-970.5005,-8929.4439,461.0576,5389.1869,-1760.7251,54.5650488,-938.862900000001,-1706.1600512,-2645.022951200001
1309,406.5459,1031.0674,1678.9592,0.0,0.0,0.0,-965.1911,-8819.2957,464.9198,5385.7299,-1849.005,54.50397912,-817.2646000000004,-1794.5010208800002,-2611.7656208800004
1310,384.2769,1003.029,1690.2561,0.0,0.0,0.0,-977.2103,-8973.0549,471.7218,5395.9781,-1715.3627,54.2097756,-1005.0032999999985,-1661.1529243999998,-2666.1562243999983
1311,435.8642,1034.8226,1679.0812,0.0,0.0,0.0,-963.5205,-8932.1864,462.0576,5319.4722,-1702.5779,53.0596404,-964.4091000000008,-1649.5182596,-2613.927359600001
1312,397.4359,1045.7548,1706.6539,0.0,0.0,0.0,-1011.7259,-8910.6933,466.589,5387.3529,-1763.5163,52.200972,-918.632700000001,-1711.315328,-2629.948028000001
1313,417.83,985.4297,1674.7019,0.0,0.0,0.0,-987.5656,-8895.8982,472.5169,5398.7888,-1772.1255,52.82145792,-934.1964999999991,-1719.30404208,-2653.5005420799994
1314,396.5634,1010.5568,1696.1569,0.0,0.0,0.0,-985.9309,-8808.923,459.1681,5382.7561,-1849.3527,56.15262504,-849.6526000000013,-1793.20007496,-2642.852674960001
1315,392.3337,1008.855,1695.5091,0.0,0.0,0.0,-996.6589,-8976.7591,492.298,5409.6461,-1720.3498,52.830153360000004,-974.7761,-1667.51964664,-2642.29574664
1316,431.8426,992.571,1686.185,0.0,0.0,0.0,-965.109,-8981.4878,473.878,5391.0579,-1707.954,55.1169,-971.0623000000005,-1652.8371,-2623.8994000000002
1317,410.1676,1034.7738,1705.5526,0.0,0.0,0.0,-971.3232,-9001.5712,472.9078,5394.1266,-1686.0252,54.60056424,-955.3660000000009,-1631.42463576,-2586.790635760001
1318,381.6235,1017.777,1699.1278,0.0,0.0,0.0,-985.8127,-9007.779,471.6487,5414.58,-1672.0955,53.13735072,-1008.8347000000012,-1618.9581492799998,-2627.792849280001
1319,357.5593,1014.3574,1663.1245,0.0,0.0,0.0,-949.9531,-9103.2009,470.2627,5427.9589,-1639.1552,55.054655999999994,-1119.8912,-1584.100544,-2703.9917440000004
1320,390.2844,1037.7791,1681.7936,0.0,0.0,0.0,-984.5433,-8920.8619,469.4738,5398.7476,-1728.8513,55.844513279999994,-927.3267000000005,-1673.00678672,-2600.333486720001
1321,366.9616,1023.1301,1732.718,0.0,0.0,0.0,-970.0878,-9014.1928,481.5904,5428.0464,-1698.9474,55.1675196,-951.834100000001,-1643.7798804,-2595.613980400001
1322,413.216,989.35,1687.3401,0.0,0.0,0.0,-944.2211,-8943.9011,483.1953,5362.257,-1722.7879,56.262985199999996,-952.7637999999988,-1666.5249148,-2619.288714799999
1323,388.245,1078.5381,1696.7174,0.0,0.0,0.0,-966.374,-8944.5306,480.0415,5390.3701,-1731.0303,55.77795576,-876.9924999999994,-1675.25234424,-2552.244844239999
1324,413.5136,982.7172,1684.6902,0.0,0.0,0.0,-980.375,-8993.7301,491.4543,5411.2639,-1706.8908,53.88584328,-990.4659000000001,-1653.0049567199999,-2643.4708567200005
1325,388.2214,1041.3965,1704.2142,0.0,0.0,0.0,-982.5945,-8966.0288,473.6854,5389.3348,-1709.859,54.05492376,-951.7709999999997,-1655.8040762399999,-2607.57507624
1326,379.0497,976.0722,1699.8344,0.0,0.0,0.0,-947.9091,-8944.6907,473.8644,5399.4059,-1749.4322,56.52253872,-964.3731999999991,-1692.90966128,-2657.2828612799995
1327,378.8361,1007.2172,1670.55,0.0,0.0,0.0,-977.2071,-9048.4494,470.8315,5371.1441,-1635.1656,55.611284399999995,-1127.0775999999996,-1579.5543156,-2706.6319156
1328,380.2581,1002.4244,1700.2671,0.0,0.0,0.0,-971.9685,-8985.3831,466.9359,5406.2522,-1689.0932,54.96715296,-1001.2138999999988,-1634.12604704,-2635.339947039999
1329,355.9063,1021.5183,1674.5517,0.0,0.0,0.0,-972.1481,-8939.1543,484.8467,5364.5732,-1667.8088,53.78646528,-1009.9062000000004,-1614.0223347200001,-2623.9285347200002
1330,404.3244,1044.2684,1693.6367,0.0,0.0,0.0,-941.3364,-8911.1089,471.0696,5417.6092,-1795.2746,58.39930728,-821.5370000000003,-1736.87529272,-2558.41229272
1331,404.4677,995.2957,1688.4329,0.0,0.0,0.0,-946.5661,-8959.3862,482.5305,5383.1893,-1744.2384,57.525858,-952.0362000000014,-1686.712542,-2638.7487420000016
1332,375.2435,1016.9551,1663.2744,0.0,0.0,0.0,-954.8816,-8748.7281,468.668,5333.1337,-1888.6037,57.63081672,-846.335000000001,-1830.97288328,-2677.3078832800006
1333,415.6313,1013.9296,1676.0728,0.0,0.0,0.0,-943.4527,-8755.1827,452.3054,5367.1521,-1924.9447,58.181142959999995,-773.5441999999994,-1866.76355704,-2640.307757039999
1334,386.0105,995.9977,1692.987,0.0,0.0,0.0,-929.2001,-8858.3249,477.6492,5376.5566,-1817.5959,58.324679999999994,-858.3239999999996,-1759.27122,-2617.5952199999997
1335,372.721,1000.4386,1693.1345,0.0,0.0,0.0,-956.4411,-8900.0841,467.066,5371.7007,-1770.5271,58.42151712,-951.4643999999998,-1712.10558288,-2663.56998288
1336,400.9013,1004.2811,1685.3754,0.0,0.0,0.0,-947.9006,-8976.0483,475.229,5427.2491,-1737.5947,56.915781839999994,-930.9130000000005,-1680.6789181600002,-2611.5919181600007
1337,372.6867,1008.4747,1687.8707,0.0,0.0,0.0,-949.0221,-8862.8652,462.7638,5399.6126,-1863.2382,57.25233576,-880.4787999999999,-1805.98586424,-2686.46466424
1338,420.1415,998.4379,1695.9085,0.0,0.0,0.0,-957.2695,-8790.4634,468.244,5435.4812,-1936.7216,57.68417376,-729.5198000000009,-1879.03742624,-2608.557226240001
1339,372.8378,1014.8383,1693.4166,0.0,0.0,0.0,-955.0085,-8888.1256,490.5384,5408.5809,-1827.9925,57.691475999999994,-862.9220999999989,-1770.301024,-2633.223123999999
1340,375.2268,1020.4671,1688.5286,0.0,0.0,0.0,-967.1644,-8788.6631,479.06,5373.6065,-1860.3859,58.044200399999994,-818.9384999999993,-1802.3416996,-2621.2801995999994
1341,401.2065,1015.5216,1678.5474,0.0,0.0,0.0,-941.5315,-8795.7747,486.9322,5367.9353,-1874.8846,57.911175359999994,-787.1632,-1816.97342464,-2604.1366246400003
1342,390.6773,1067.6085,1684.5433,0.0,0.0,0.0,-963.9074,-8761.8379,486.6322,5379.7611,-1883.5976,57.38230008,-716.5229000000008,-1826.21529992,-2542.738199920001
1343,367.0171,1028.1284,1661.6351,0.0,0.0,0.0,-968.1842,-8781.4319,487.8396,5388.8855,-1880.0505,55.57011984,-816.1103999999987,-1824.48038016,-2640.5907801599988
1344,389.2384,1035.3514,1681.7292,0.0,0.0,0.0,-983.4258,-8809.4743,452.1145,5371.8691,-1833.8768,57.07588248,-862.5974999999999,-1776.80091752,-2639.39841752
1345,380.3504,1022.0799,1670.9608,0.0,0.0,0.0,-961.2435,-8778.1041,482.2296,5423.7625,-1920.1268,56.245715999999994,-759.9644000000008,-1863.881084,-2623.845484000001
1346,396.7634,1090.0587,1682.904,0.0,0.0,0.0,-995.6822,-8807.7156,465.8848,5387.1445,-1851.0159,56.57743944,-780.6423999999997,-1794.43846056,-2575.08086056
1347,393.2773,1058.1887,1702.5726,0.0,0.0,0.0,-975.1845,-8856.2843,467.5769,5381.7612,-1834.0513,56.795233679999996,-828.0920999999989,-1777.2560663200002,-2605.348166319999
1348,383.9893,1046.5741,1648.1892,0.0,0.0,0.0,-980.9763,-8872.2089,489.2029,5403.6095,-1790.4311,56.307722399999996,-881.6202000000003,-1734.1233776,-2615.7435776
1349,358.5926,1033.4642,1708.4425,0.0,0.0,0.0,-975.4608,-9050.8679,480.7783,5396.1132,-1650.8859,55.43498304,-1048.937899999999,-1595.45091696,-2644.388816959999
1350,399.5261,984.7756,1664.2958,0.0,0.0,0.0,-971.9864,-8796.0496,457.7415,5374.2548,-1850.3258,55.497829679999995,-887.4422000000004,-1794.82797032,-2682.2701703200005
1351,400.5091,1011.66,1680.0978,0.0,0.0,0.0,-970.4473,-8831.1124,482.5945,5385.8724,-1857.1749,57.80692079999999,-840.8258999999998,-1799.3679792,-2640.1938791999996
1352,408.8919,998.4421,1686.6575,0.0,0.0,0.0,-953.2631,-9015.83,482.3596,5418.7859,-1718.0751,54.753611039999996,-973.9561000000003,-1663.3214889600001,-2637.2775889600002
1353,403.4161,974.1631,1696.1398,0.0,0.0,0.0,-947.6665,-8920.6069,470.1378,5406.8308,-1807.1608,55.10226168,-917.5858000000007,-1752.05853832,-2669.6443383200008
1354,377.7865,1031.542,1703.8659,0.0,0.0,0.0,-968.081,-8982.8726,477.5714,5375.6022,-1695.6956,54.258039360000005,-984.5856000000003,-1641.43756064,-2626.0231606400002
1355,385.4482,1015.1024,1693.251,0.0,0.0,0.0,-946.9201,-8928.6653,475.6628,5386.4765,-1744.7404,54.80788968,-919.6445000000012,-1689.93251032,-2609.577010320001
1356,363.8819,999.0966,1709.6019,0.0,0.0,0.0,-971.0101,-8947.5178,476.1321,5377.3211,-1732.189,53.70213312,-992.4943000000003,-1678.48686688,-2670.9811668800007
1357,400.9012,1006.4445,1693.9274,0.0,0.0,0.0,-965.7536,-8990.9014,481.3093,5407.5662,-1729.9856,54.28714176,-966.5064000000002,-1675.69845824,-2642.2048582400002
1358,378.6654,1063.0963,1688.5494,0.0,0.0,0.0,-973.6551,-8827.4753,470.7452,5352.1773,-1826.4687,56.200315679999996,-847.8967999999995,-1770.26838432,-2618.1651843199993
1359,377.5558,1073.7162,1669.7584,0.0,0.0,0.0,-943.7365,-8705.8308,470.7175,5367.944,-1945.4656,58.55891544,-689.8753999999999,-1886.90668456,-2576.78208456
1360,399.4358,1019.0806,1686.5323,0.0,0.0,0.0,-972.9326,-8845.3506,473.631,5383.8987,-1824.7889,55.330613279999994,-855.7047999999995,-1769.45828672,-2625.1630867199997
1361,407.746,1042.9829,1703.3859,0.0,0.0,0.0,-974.7946,-8774.4276,472.7916,5335.5294,-1860.9881,55.74599352,-786.7864,-1805.24210648,-2592.02850648
1362,384.1888,1044.6934,1672.3846,0.0,0.0,0.0,-973.3198,-8857.7449,470.0396,5397.5718,-1805.532,55.54368864,-862.1864999999998,-1749.98831136,-2612.17481136
1363,380.7876,1022.8596,1726.4273,0.0,0.0,0.0,-969.1423,-8779.5123,483.4828,5356.2528,-1864.9678,56.47251384,-778.8445000000011,-1808.49528616,-2587.339786160001
1364,380.5674,1019.621,1703.0334,0.0,0.0,0.0,-941.0824,-8895.9677,482.5807,5432.7485,-1813.1327,57.601154879999996,-818.4990999999991,-1755.5315451200001,-2574.030645119999
1365,360.4252,1029.4245,1707.2404,0.0,0.0,0.0,-964.1197,-8812.462,469.6656,5364.5501,-1833.9977,58.8616884,-845.2758999999987,-1775.1360115999998,-2620.411911599999
1366,383.735,1023.6813,1694.1282,0.0,0.0,0.0,-976.9525,-8886.8751,489.9559,5365.3177,-1808.8061,56.88821088,-907.0094999999992,-1751.91788912,-2658.927389119999
1367,407.9876,1034.7782,1696.999,0.0,0.0,0.0,-957.7136,-8866.3443,476.2366,5379.8825,-1817.887,57.143872800000004,-828.1740000000009,-1760.7431272,-2588.917127200001
1368,392.7055,998.3848,1701.7402,0.0,0.0,0.0,-950.1073,-8889.5197,478.5561,5355.0942,-1781.5892,55.56269303999999,-913.146200000001,-1726.02650696,-2639.172706960001
1369,379.9013,1012.9319,1675.8422,0.0,0.0,0.0,-971.3874,-8838.8792,466.3909,5373.5693,-1829.9167,54.356511600000005,-901.6309999999985,-1775.5601884,-2677.1911883999983
1370,417.0997,1055.3322,1688.6984,0.0,0.0,0.0,-981.9838,-8898.0638,476.5378,5418.7976,-1811.6238,55.0919124,-823.5819000000001,-1756.5318876000001,-2580.1137876000003
1371,349.6832,1013.9799,1691.5327,0.0,0.0,0.0,-986.3237,-8937.1509,478.3452,5442.9748,-1761.158,54.32394456,-946.9588000000003,-1706.83405544,-2653.79285544
1372,383.4676,1023.8649,1717.7181,0.0,0.0,0.0,-968.4798,-8849.1422,470.6515,5417.9782,-1862.0625,55.488061439999996,-803.9417000000012,-1806.57443856,-2610.5161385600013
1373,385.232,1027.6545,1693.4473,0.0,0.0,0.0,-968.9255,-8793.5437,480.4651,5404.2725,-1898.1622,56.7049284,-771.3977999999997,-1841.4572716,-2612.8550715999995
1374,370.4062,955.838,1707.0066,0.0,0.0,0.0,-950.307,-8835.5234,484.9975,5424.5076,-1856.8412,55.426196159999996,-843.0744999999997,-1801.41500384,-2644.4895038399995
1375,406.0419,1060.7194,1687.6492,0.0,0.0,0.0,-965.9037,-8928.0136,452.2216,5410.3498,-1780.4031,56.196581759999994,-876.9354000000003,-1724.20651824,-2601.1419182400005
1376,388.0652,1062.5765,1687.7097,0.0,0.0,0.0,-979.0953,-8753.5727,479.2098,5363.1521,-1899.6173,56.597282639999996,-751.9547000000002,-1843.0200173599999,-2594.9747173600003
1377,399.9183,1021.5874,1691.9197,0.0,0.0,0.0,-974.1016,-8803.4443,484.529,5370.3243,-1845.063,55.66589208,-809.2671999999984,-1789.39710792,-2598.6643079199985
1378,392.8736,977.3438,1691.1068,0.0,0.0,0.0,-951.1814,-8811.1848,465.1858,5391.0815,-1886.0665,55.21508856,-844.7747000000008,-1830.85141144,-2675.626111440001
1379,417.7636,1021.3699,1692.7162,0.0,0.0,0.0,-976.6092,-8868.0442,465.8426,5348.5154,-1789.8819,53.97130368,-898.4457000000002,-1735.9105963200002,-2634.3562963200006
1380,365.7231,1038.8402,1681.173,0.0,0.0,0.0,-960.4768,-8811.6884,463.7556,5413.033,-1864.4001,54.97208784,-809.6402999999982,-1809.42801216,-2619.068312159998
1381,384.4722,986.1433,1688.7477,0.0,0.0,0.0,-940.2511,-8915.6868,487.3001,5391.6179,-1756.6194,57.63463488,-917.6566999999986,-1698.98476512,-2616.641465119999
1382,387.6352,1039.3727,1693.631,0.0,0.0,0.0,-979.5902,-8919.6659,487.0386,5397.2732,-1764.466,55.76629104,-894.3054000000011,-1708.69970896,-2603.005108960001
1383,356.004,1030.6204,1679.0796,0.0,0.0,0.0,-975.9868,-8921.7285,480.2532,5356.4059,-1695.1382,53.835794639999996,-995.3521999999994,-1641.3024053600002,-2636.6546053599996
1384,401.2674,982.6204,1678.3419,0.0,0.0,0.0,-966.4096,-8810.9282,464.0956,5347.093,-1838.9382,55.445189039999995,-903.9195000000009,-1783.49301096,-2687.412510960001
1385,397.1748,1024.8122,1668.5826,0.0,0.0,0.0,-965.0028,-8835.9699,475.6721,5396.5362,-1820.1745,56.36724048,-838.1948000000011,-1763.8072595200001,-2602.0020595200012
1386,382.1454,1039.7543,1700.7478,0.0,0.0,0.0,-970.686,-8835.8177,468.3845,5407.2101,-1850.3186,54.1178136,-808.2615999999998,-1796.2007864,-2604.4623864
1387,373.2506,1028.6527,1671.5432,0.0,0.0,0.0,-944.3562,-8823.09,471.9076,5381.2983,-1863.2832,57.207825359999994,-840.7937999999995,-1806.07537464,-2646.8691746399995
1388,393.525,1042.4953,1698.0929,0.0,0.0,0.0,-950.5464,-8908.5407,473.0007,5378.8168,-1779.5483,54.86901336,-873.1563999999998,-1724.6792866399999,-2597.83568664
1389,376.5455,1020.3251,1682.9043,0.0,0.0,0.0,-971.0301,-8884.141,471.9559,5404.4435,-1795.9329,55.126566,-898.996799999999,-1740.806334,-2639.803133999999
1390,402.4595,1001.4716,1675.5098,0.0,0.0,0.0,-968.813,-8791.6657,470.3252,5380.3982,-1849.6526,56.27783952,-830.3144000000002,-1793.3747604799998,-2623.6891604800003
1391,368.4358,1040.261,1673.7953,0.0,0.0,0.0,-938.7187,-8845.3621,468.4859,5403.7542,-1870.3514,57.26367432,-829.3486000000003,-1813.08772568,-2642.43632568
1392,413.9075,1054.3983,1685.8026,0.0,0.0,0.0,-936.3607,-8843.6472,479.5473,5372.6422,-1841.263,55.81229472,-773.7099999999991,-1785.45070528,-2559.160705279999
1393,358.9077,1001.8984,1689.4565,0.0,0.0,0.0,-959.9043,-8933.4908,478.3737,5388.4298,-1739.1197,55.267876799999996,-976.3289999999997,-1683.8518232,-2660.1808232
1394,395.4843,994.4256,1696.6168,0.0,0.0,0.0,-996.5654,-8810.7184,472.2076,5344.0261,-1814.7279,54.429822,-904.5233999999991,-1760.298078,-2664.821477999999
1395,374.3772,1042.076,1690.7406,0.0,0.0,0.0,-993.5281,-8814.4846,467.6901,5362.8833,-1831.333,55.57866335999999,-870.2455,-1775.75433664,-2645.99983664
1396,373.6512,1032.7719,1695.423,0.0,0.0,0.0,-968.3427,-8826.6885,484.9701,5346.2431,-1796.4535,55.19635848,-861.9719000000005,-1741.25714152,-2603.2290415200005
1397,389.2771,1028.4696,1682.4738,0.0,0.0,0.0,-970.4215,-8934.1063,466.4572,5386.9213,-1753.0672,54.470952,-950.9287999999997,-1698.596248,-2649.5250479999995
1398,402.359,1050.5728,1697.9778,0.0,0.0,0.0,-965.9376,-8834.6535,459.6174,5340.7393,-1831.2649,55.461635279999996,-849.3248000000003,-1775.8032647199998,-2625.1280647200006
1399,394.904,1032.0297,1698.6722,0.0,0.0,0.0,-978.3082,-8903.6139,462.9723,5380.3992,-1801.712,54.762963119999995,-912.9447,-1746.94903688,-2659.89373688
1400,366.5455,1037.0401,1696.6445,0.0,0.0,0.0,-1001.7746,-8802.0247,478.861,5366.2676,-1823.3642,53.388497519999994,-858.4405999999999,-1769.9757024799999,-2628.41630248
1401,388.6832,1031.3477,1726.5986,0.0,0.0,0.0,-977.9041,-8802.1712,471.923,5334.3652,-1832.4194,54.32679648,-827.1576000000005,-1778.09260352,-2605.25020352
1402,369.6649,1024.3642,1706.505,0.0,0.0,0.0,-968.8299,-8823.1969,469.0317,5357.2459,-1846.6744,54.46443672,-865.2151000000013,-1792.20996328,-2657.4250632800013
1403,378.9729,997.2407,1708.3267,0.0,0.0,0.0,-987.4044,-8811.3548,476.5868,5360.4512,-1824.6497,54.20570544,-877.1808999999985,-1770.44399456,-2647.624894559998
1404,364.7015,1027.88,1685.4821,0.0,0.0,0.0,-978.4183,-8876.8378,487.0708,5360.1708,-1762.9742,55.27783656,-929.9508999999989,-1707.6963634400001,-2637.647263439999
1405,370.377,1001.0789,1700.8086,0.0,0.0,0.0,-968.9515,-8825.373,477.3763,5362.0614,-1832.5472,57.14286696,-882.6223,-1775.40433304,-2658.02663304
1406,414.1237,970.7541,1679.8505,0.0,0.0,0.0,-972.3035,-8846.0409,482.0332,5379.1504,-1822.0969,54.74938248,-892.4324999999999,-1767.34751752,-2659.78001752
1407,389.8153,1000.9305,1675.6363,0.0,0.0,0.0,-984.9121,-8865.4731,471.4634,5360.1682,-1763.5283,53.757964799999996,-952.3715000000002,-1709.7703351999999,-2662.1418352
1408,378.7682,986.1345,1681.3911,0.0,0.0,0.0,-953.9179,-8913.6235,473.9926,5388.7359,-1757.9478,54.2818044,-958.5190999999995,-1703.6659955999999,-2662.1850955999994
1409,429.4648,1013.9135,1648.9318,0.0,0.0,0.0,-977.9662,-8817.6479,467.7922,5336.9389,-1818.5715,56.18496887999999,-898.5729000000001,-1762.38653112,-2660.9594311200003
1410,387.0871,1006.4575,1673.1793,0.0,0.0,0.0,-966.0919,-8898.6944,477.8286,5388.9147,-1779.6721,56.178209519999996,-931.3191000000006,-1723.4938904800001,-2654.8129904800003
1411,422.3795,1015.6609,1697.9249,0.0,0.0,0.0,-964.6062,-8848.4098,469.858,5342.5763,-1797.4524,55.54564056,-864.6163999999999,-1741.9067594399999,-2606.52315944
1412,409.5116,993.9008,1695.0144,0.0,0.0,0.0,-983.8376,-8897.7797,486.9174,5390.3458,-1807.7965,54.5078628,-905.9272999999985,-1753.2886371999998,-2659.2159371999983
1413,379.6445,993.9435,1673.747,0.0,0.0,0.0,-953.2196,-8843.5737,482.0164,5362.0845,-1823.6899,56.44178856,-905.3573999999999,-1767.24811144,-2672.60551144
1414,394.2955,1019.6863,1679.6125,0.0,0.0,0.0,-958.4988,-8716.7991,482.439,5328.2726,-1894.9172,54.86213232,-770.9920000000002,-1840.05506768,-2611.04706768
1415,410.3412,1064.0517,1716.8174,0.0,0.0,0.0,-957.2824,-8846.571,477.0735,5373.5113,-1837.786,53.30504016,-762.0582999999997,-1784.48095984,-2546.53925984
1416,388.7868,1044.5149,1677.1608,0.0,0.0,0.0,-1000.0669,-8789.9876,476.7478,5351.8719,-1826.2592,54.51377616,-850.9723000000004,-1771.74542384,-2622.7177238400004
1417,374.4153,988.5179,1696.2235,0.0,0.0,0.0,-988.6871,-8716.9273,450.712,5324.5751,-1910.2607,55.510403759999996,-871.1705999999995,-1854.7502962400001,-2725.9208962399994
1418,377.4362,1004.9394,1696.8335,0.0,0.0,0.0,-969.3448,-8808.8784,470.9156,5341.0481,-1825.005,56.74485888,-887.0503999999992,-1768.26014112,-2655.3105411199995
1419,392.4783,999.5809,1678.5237,0.0,0.0,0.0,-994.4972,-8857.4716,474.8588,5356.0932,-1781.5657,53.619558479999995,-950.4339,-1727.94614152,-2678.3800415200003
1420,390.6736,1038.4666,1669.8027,0.0,0.0,0.0,-979.8653,-8942.8665,476.6091,5328.3636,-1664.5314,52.046420399999995,-1018.8162000000002,-1612.4849796,-2631.3011796
1421,409.9535,1025.2741,1669.5566,0.0,0.0,0.0,-975.3841,-8874.8139,475.2101,5367.8749,-1777.913,53.89227432,-902.3287999999993,-1724.02072568,-2626.3495256799993
1422,388.2614,1000.2411,1692.2079,0.0,0.0,0.0,-981.3035,-8985.0136,468.4256,5341.8502,-1677.535,53.265348,-1075.3309000000008,-1624.2696520000002,-2699.600552000001
1423,396.6045,1035.7695,1679.8839,0.0,0.0,0.0,-979.8755,-8934.4859,461.2126,5338.0896,-1706.703,53.6731596,-1002.8012999999992,-1653.0298404,-2655.831140399999
1424,406.3983,1037.9319,1671.3483,0.0,0.0,0.0,-984.9954,-8869.8144,455.3192,5313.4803,-1774.7245,54.11791008,-970.331799999999,-1720.60658992,-2690.9383899199993
1425,380.3436,1019.0473,1675.9366,0.0,0.0,0.0,-986.7247,-8963.8144,474.1847,5409.4491,-1730.747,53.16964056,-991.5778,-1677.57735944,-2669.1551594400003
1426,405.5995,1053.5742,1694.9795,0.0,0.0,0.0,-980.3687,-8856.6421,461.6129,5303.6311,-1766.3497,54.18305352,-917.6135999999997,-1712.16664648,-2629.7802464799993
1427,391.3139,1003.7954,1659.6654,0.0,0.0,0.0,-946.6961,-8936.6702,467.3349,5349.6071,-1736.3792,53.68326408,-1011.6496000000006,-1682.69593592,-2694.345535920001
1428,366.2591,988.05,1685.2767,0.0,0.0,0.0,-977.3434,-8885.0514,495.1086,5400.3927,-1789.3346,53.62080048,-927.3076999999994,-1735.7137995199998,-2663.0214995199995
1429,397.3192,1002.7379,1695.3806,0.0,0.0,0.0,-972.8603,-8919.2324,489.0599,5387.7844,-1750.4777,54.78567408,-919.8107000000009,-1695.6920259199999,-2615.502725920001
1430,364.7798,1026.6219,1660.5567,0.0,0.0,0.0,-966.7103,-8887.3056,461.4312,5382.1296,-1786.2888,55.1831508,-958.4966999999988,-1731.1056492,-2689.602349199999
1431,391.368,1033.5181,1696.355,0.0,0.0,0.0,-922.944,-8940.7627,478.0713,5398.2868,-1792.5432,57.99678192,-866.1075000000001,-1734.54641808,-2600.65391808
1432,411.003,1036.2033,1663.6787,0.0,0.0,0.0,-933.4716,-8896.9092,478.1939,5344.3211,-1771.3591,56.16387504,-896.9808000000003,-1715.19522496,-2612.1760249599997
1433,411.4419,1036.3455,1665.0967,0.0,0.0,0.0,-956.3115,-8861.2054,470.6811,5374.6909,-1784.3245,55.57850352,-859.2608000000009,-1728.74599648,-2588.0067964800005
1434,417.5071,1056.9394,1696.9955,0.0,0.0,0.0,-972.8889,-8868.5151,488.3278,5372.896,-1838.4951,55.42834608,-808.7382000000007,-1783.06675392,-2591.8049539200006
1435,380.9469,1019.5159,1711.3891,0.0,0.0,0.0,-968.6829,-8791.0557,465.3457,5357.9458,-1839.7284,53.429389199999996,-824.5952000000007,-1786.2990108,-2610.8942108000006
1436,417.0565,983.8793,1670.4094,0.0,0.0,0.0,-982.4852,-8770.2243,479.4885,5373.6035,-1877.4179,54.525275279999995,-828.2722999999996,-1822.89262472,-2651.1649247199994
1437,395.7019,1010.8592,1715.3801,0.0,0.0,0.0,-974.4628,-8815.9997,485.1505,5373.4688,-1837.7672,55.24286616,-809.902000000001,-1782.52433384,-2592.426333840001
1438,376.9889,1020.3102,1682.2387,0.0,0.0,0.0,-965.5621,-8846.414,465.5996,5411.396,-1831.6797,54.825134399999996,-855.4427000000005,-1776.8545656,-2632.2972656
1439,415.2136,1024.0689,1688.6165,0.0,0.0,0.0,-967.2095,-8746.0782,451.7267,5369.3076,-1908.005,55.475888399999995,-764.3543999999993,-1852.5291116,-2616.8835115999996
1440,393.1582,1031.9106,1672.7399,0.0,0.0,0.0,-967.5863,-8853.8637,478.803,5401.0124,-1822.9847,54.19107504,-843.8258999999998,-1768.79362496,-2612.6195249599996
1441,375.9426,1025.2997,1682.2025,0.0,0.0,0.0,-977.972,-8840.236,466.9459,5415.4521,-1866.1773,55.4152536,-852.3652000000002,-1810.7620464000001,-2663.1272464000003
1442,403.9585,1028.7545,1672.1443,0.0,0.0,0.0,-984.4674,-8799.5395,473.4056,5366.8807,-1857.3639,52.36550208,-838.8633000000009,-1804.9983979200001,-2643.861697920001
1443,404.4083,1054.6085,1661.2889,0.0,0.0,0.0,-989.2537,-8757.1444,469.3186,5359.0052,-1868.1882,55.03837968,-797.7686000000003,-1813.1498203200001,-2610.91842032
1444,377.9505,1022.4484,1672.7097,0.0,0.0,0.0,-997.3326,-8729.2001,475.063,5389.062,-1916.5943,54.25388424,-789.2991000000002,-1862.34041576,-2651.63951576
1445,373.7049,1031.2781,1698.6186,0.0,0.0,0.0,-977.6789,-8844.0657,482.4959,5394.7466,-1831.1973,54.96385176,-840.9004999999988,-1776.2334482400001,-2617.1339482399985
1446,394.054,1026.553,1690.1447,0.0,0.0,0.0,-976.4856,-8809.9034,472.3479,5367.7278,-1852.1856,55.21658616,-835.5616,-1796.9690138400001,-2632.5306138399997
1447,370.7576,1024.3521,1680.2879,0.0,0.0,0.0,-967.6715,-8823.2611,483.045,5378.9599,-1842.0541,53.65533744,-853.5301,-1788.39876256,-2641.92886256
1448,379.2564,1022.6372,1697.4254,0.0,0.0,0.0,-987.4515,-8937.1326,473.0044,5407.9094,-1773.5586,54.94486752,-944.3513000000012,-1718.6137324800002,-2662.9650324800014
1449,388.7629,1031.4828,1678.4109,0.0,0.0,0.0,-990.1044,-8865.9927,467.1725,5349.4121,-1804.1708,51.12228384,-940.8559000000014,-1753.0485161600002,-2693.9044161600013
1450,355.6763,1041.578,1690.6236,0.0,0.0,0.0,-983.6953,-8905.9842,471.5822,5377.9072,-1767.0042,54.020200319999994,-952.3122000000012,-1712.9839996800001,-2665.2961996800013
1451,377.9445,1002.162,1666.2312,0.0,0.0,0.0,-991.5188,-8727.0453,477.4187,5334.4232,-1874.4646,54.997558559999995,-860.3844999999992,-1819.46704144,-2679.8515414399994
1452,406.4295,1044.7872,1701.4214,0.0,0.0,0.0,-959.9973,-8809.8718,469.9322,5335.4796,-1810.0862,54.797920559999994,-811.8192000000008,-1755.28827944,-2567.1074794400006
1453,396.2851,1019.2776,1703.5138,0.0,0.0,0.0,-966.8851,-8912.211,477.7975,5376.918,-1751.7363,55.516373279999996,-905.3041000000003,-1696.21992672,-2601.52402672
1454,368.9226,1033.8317,1678.2894,0.0,0.0,0.0,-966.2685,-8986.596,475.5381,5371.3511,-1691.5718,55.21256928,-1024.9316,-1636.35923072,-2661.2908307199996
1455,423.3135,1022.6579,1671.4219,0.0,0.0,0.0,-988.9385,-8827.2776,474.2011,5342.4894,-1796.9558,56.596536,-882.1322999999993,-1740.359264,-2622.491563999999
1456,411.5128,996.2034,1681.2636,0.0,0.0,0.0,-989.6168,-8939.5963,460.5743,5395.858,-1732.0086,54.13066992,-983.8009999999986,-1677.87793008,-2661.6789300799987
1457,383.6854,1025.9274,1706.7517,0.0,0.0,0.0,-965.1953,-8956.1343,459.7391,5394.044,-1711.0492,54.36708768,-951.1819999999998,-1656.68211232,-2607.8641123199995
1458,391.3495,977.8758,1652.6308,0.0,0.0,0.0,-982.8788,-8868.8354,482.6406,5391.3007,-1792.4993,54.0912528,-955.9168,-1738.4080472,-2694.3248472
1459,411.7442,1031.6016,1698.4046,0.0,0.0,0.0,-996.5369,-8900.8314,471.1958,5374.759,-1727.1684,51.41229552,-909.6630999999988,-1675.75610448,-2585.419204479999
1460,385.7933,1033.7903,1674.9829,0.0,0.0,0.0,-977.0885,-8940.0283,476.3438,5364.3576,-1704.2138,53.32921848,-981.8489,-1650.88458152,-2632.73348152
1461,386.3324,1008.7341,1696.0722,0.0,0.0,0.0,-982.938,-8879.182,466.7075,5351.7967,-1774.779,53.59942584,-952.477100000001,-1721.17957416,-2673.656674160001
1462,403.894,1023.9377,1669.9602,0.0,0.0,0.0,-970.8737,-8908.2218,484.6298,5366.9096,-1755.3713,54.31309992,-929.7641999999996,-1701.05820008,-2630.8224000799996
1463,376.7369,998.4956,1683.6926,0.0,0.0,0.0,-999.7371,-8910.4925,473.2733,5383.1949,-1744.2066,54.30175128,-994.8362999999999,-1689.90484872,-2684.7411487199997
1464,403.6262,986.6509,1691.1272,0.0,0.0,0.0,-982.2807,-8924.3957,473.581,5315.4669,-1709.4461,54.220725359999996,-1036.2241999999987,-1655.22537464,-2691.449574639999
1465,357.5015,1027.8062,1689.1726,0.0,0.0,0.0,-980.9286,-8964.6538,485.7153,5395.9786,-1710.1479,51.830118719999994,-989.4081999999999,-1658.31778128,-2647.72598128
1466,395.4977,1042.0665,1671.5341,0.0,0.0,0.0,-988.6657,-9061.8535,476.6605,5394.9934,-1644.4134,52.66745352,-1069.766999999999,-1591.74594648,-2661.512946479999
1467,349.9567,1042.0367,1676.5789,0.0,0.0,0.0,-983.6639,-9055.8964,476.5505,5395.6981,-1641.3011,54.05852376,-1098.7393999999995,-1587.2425762399998,-2685.9819762399993
1468,413.5528,1057.4791,1674.2792,0.0,0.0,0.0,-1005.6794,-8894.1284,472.008,5371.6168,-1760.8604,52.54690536,-910.8719000000001,-1708.31349464,-2619.18539464
1469,442.9579,1034.2255,1667.7163,0.0,0.0,0.0,-988.7735,-8972.4146,475.0031,5329.311,-1666.6508,53.660699279999996,-1011.9743000000008,-1612.9901007199999,-2624.964400720001
1470,388.0451,1031.1866,1684.6514,0.0,0.0,0.0,-963.6128,-8902.606,470.7651,5378.612,-1767.1135,54.14179608,-912.9585999999999,-1712.97170392,-2625.93030392
1471,385.9371,1034.2052,1701.7294,0.0,0.0,0.0,-979.1938,-9022.9645,459.5794,5364.5333,-1676.7167,53.2385496,-1056.1739000000007,-1623.4781504,-2679.6520504000005
1472,369.4626,990.926,1704.2741,0.0,0.0,0.0,-967.1831,-9058.5259,490.6117,5380.5479,-1636.4597,53.345220479999995,-1089.886700000001,-1583.11447952,-2673.001179520001
1473,404.8975,1011.7822,1703.533,0.0,0.0,0.0,-968.5091,-9059.3297,476.8046,5396.0444,-1659.7693,53.90525664,-1034.7771000000002,-1605.8640433599999,-2640.64114336
1474,380.6375,980.9622,1689.5054,0.0,0.0,0.0,-987.6901,-9069.1028,484.9923,5372.1209,-1602.2503,51.38134632,-1148.5746000000008,-1550.86895368,-2699.4435536800006
1475,381.2369,1041.9255,1706.9165,0.0,0.0,0.0,-968.8962,-9055.3214,484.3981,5363.8182,-1628.5358,52.994301119999996,-1045.9224000000004,-1575.54149888,-2621.4638988800007
1476,400.0219,967.6488,1676.0099,0.0,0.0,0.0,-974.4509,-8932.8332,477.0226,5380.4955,-1740.8002,53.03532456,-1006.085399999999,-1687.76487544,-2693.8502754399988
1477,405.7633,991.6698,1709.5112,0.0,0.0,0.0,-985.5791,-8880.8099,472.3078,5373.4786,-1795.6285,54.61515936,-913.6583,-1741.01334064,-2654.67164064
1478,387.5139,991.3423,1700.0482,0.0,0.0,0.0,-959.3962,-8994.1645,463.3668,5387.7581,-1723.1001,53.77293792,-1023.5314000000008,-1669.32716208,-2692.858562080001
1479,369.8555,1069.9765,1677.6955,0.0,0.0,0.0,-980.5397,-8929.3416,458.4475,5354.1994,-1720.0918,54.94627008,-979.7068999999992,-1665.14552992,-2644.8524299199994
1480,354.8902,1008.7581,1668.1917,0.0,0.0,0.0,-990.8956,-8881.024,471.9258,5383.3839,-1780.7357,53.711911439999994,-984.7698999999993,-1727.02378856,-2711.7936885599993
1481,385.6924,1018.3419,1694.062,0.0,0.0,0.0,-985.9129,-8896.6885,465.8602,5424.8402,-1795.7457,53.61377832,-893.8047000000006,-1742.13192168,-2635.9366216800004
1482,381.1457,988.1501,1680.8579,0.0,0.0,0.0,-988.7656,-8893.3259,479.1372,5383.8332,-1776.1912,54.80515152,-968.9673999999995,-1721.38604848,-2690.3534484799998
1483,386.1636,1010.5748,1688.4168,0.0,0.0,0.0,-983.2665,-8955.9007,470.1237,5389.2086,-1720.9464,52.43273424,-994.6796999999997,-1668.51366576,-2663.1933657599993
1484,390.1399,1008.9535,1709.4687,0.0,0.0,0.0,-991.4096,-8998.5217,475.3364,5420.8953,-1741.3749,54.008179919999996,-985.1374999999989,-1687.36672008,-2672.5042200799985
1485,397.1455,1038.4515,1667.0765,0.0,0.0,0.0,-971.6606,-9084.5161,476.1944,5396.9159,-1617.49,52.48622159999999,-1080.3929000000007,-1565.0037784,-2645.3966784000004
1486,394.5593,1050.2382,1679.0472,0.0,0.0,0.0,-944.7172,-9049.8542,477.2901,5411.1558,-1686.2527,52.38936576,-982.2807999999986,-1633.86333424,-2616.1441342399985
1487,371.2624,1047.8066,1695.1892,0.0,0.0,0.0,-973.7907,-8937.0324,486.5962,5382.0906,-1744.2413,54.61884432,-927.878099999999,-1689.6224556799998,-2617.500555679999
1488,384.2728,1022.4982,1706.8689,0.0,0.0,0.0,-986.3251,-9075.203,482.7322,5382.627,-1624.1166,53.71556832,-1082.5289999999986,-1570.40103168,-2652.930031679999
1489,380.898,1055.8527,1675.2245,0.0,0.0,0.0,-978.1029,-8948.4681,470.4655,5357.9343,-1704.274,53.2163088,-986.1959999999999,-1651.0576912,-2637.2536911999996
1490,392.9474,1013.5675,1707.5726,0.0,0.0,0.0,-983.627,-9029.1176,474.6525,5387.2561,-1676.0651,53.76509712,-1036.7484999999997,-1622.30000288,-2659.0485028799994
1491,394.8098,1018.3843,1684.7228,0.0,0.0,0.0,-973.4801,-9101.7562,481.854,5410.2695,-1630.1298,53.69252544,-1085.1958999999988,-1576.4372745599999,-2661.6331745599987
1492,394.9108,1007.4834,1698.9394,0.0,0.0,0.0,-984.4308,-9108.7762,485.9613,5431.4648,-1599.4504,52.29862704,-1074.4473000000007,-1547.15177296,-2621.5990729600003
1493,412.1657,997.2339,1662.0979,0.0,0.0,0.0,-945.921,-9108.9283,477.5948,5391.7445,-1615.3851,55.4391864,-1114.0124999999998,-1559.9459136,-2673.9584136
1494,402.7118,1054.0404,1676.3573,0.0,0.0,0.0,-964.5893,-9070.7414,483.4022,5392.2608,-1626.6218,55.05917544,-1026.5582000000013,-1571.56262456,-2598.120824560001
1495,376.5723,999.6655,1688.5872,0.0,0.0,0.0,-970.1696,-9098.0526,477.1067,5406.6192,-1592.4872,54.04177584,-1119.6713000000009,-1538.4454241600001,-2658.116724160001
1496,401.7959,986.6725,1685.1583,0.0,0.0,0.0,-964.1038,-9143.938,477.4215,5386.4313,-1549.9699,54.46656,-1170.5622999999996,-1495.50334,-2666.06564
1497,388.6872,1015.0145,1650.0158,0.0,0.0,0.0,-969.9939,-9146.2273,472.5537,5404.8783,-1565.4598,54.158593679999996,-1185.0717000000004,-1511.3012063200001,-2696.3729063200003
1498,401.7415,1015.9398,1734.7323,0.0,0.0,0.0,-958.9731,-9146.7827,481.8126,5379.9771,-1541.0539,53.43042024,-1091.5524999999998,-1487.62347976,-2579.17597976
1499,403.8027,1000.7604,1695.3144,0.0,0.0,0.0,-966.8499,-9122.8749,462.6544,5370.4599,-1573.3298,53.4574656,-1156.733000000001,-1519.8723344,-2676.605334400001

Ligand Energy Terms
Frame #,BOND,ANGLE,DIHED,UB,IMP,CMAP,VDWAALS,EEL,1-4 VDW,1-4 EEL,EGB,ESURF,G gas,G solv,TOTAL
0,5.2125,25.0417,12.846,0.0,0.0,0.0,-2.1207,41.0741,9.7397,-170.1266,-16.7061,2.33401608,-78.3333,-14.37208392,-92.70538392
1,4.7325,22.0069,11.1626,0.0,0.0,0.0,-0.7076,40.2179,10.3986,-169.6875,-16.5648,2.31867648,-81.8766,-14.246123520000001,-96.12272352000001
2,8.3111,23.2856,11.843,0.0,0.0,0.0,-1.8101,39.336,9.8948,-165.7146,-16.7541,2.32312968,-74.85419999999999,-14.43097032,-89.28517031999999
3,8.5892,22.3437,5.6237,0.0,0.0,0.0,-0.8426,39.9945,9.929,-164.084,-17.7686,2.32218,-78.4465,-15.44642,-93.89292
4,3.6974,22.3277,14.6872,0.0,0.0,0.0,-2.5383,41.0304,10.6197,-168.8348,-17.2212,2.31768432,-79.01070000000001,-14.90351568,-93.91421568000001
5,11.8891,27.1757,10.419,0.0,0.0,0.0,-0.6375,39.7325,8.9819,-168.833,-16.4511,2.3191977599999998,-71.2723,-14.13190224,-85.40420224
6,5.8454,26.9756,7.9034,0.0,0.0,0.0,-0.9912,40.292,9.4111,-165.4405,-17.3813,2.33575416,-76.00419999999998,-15.045545839999999,-91.04974583999999
7,4.5043,23.8853,12.2452,0.0,0.0,0.0,-2.1256,39.4388,9.9003,-164.8469,-17.6893,2.3223384,-76.9986,-15.3669616,-92.36556159999999
8,6.3784,27.5827,9.3384,0.0,0.0,0.0,0.0515,41.2898,11.5924,-171.703,-17.1247,2.31451416,-75.4698,-14.81018584,-90.27998584000001
9,7.3133,25.3404,10.4827,0.0,0.0,0.0,-2.4317,40.1058,11.8249,-167.239,-17.278,2.31787728,-74.6036,-14.96012272,-89.56372271999999
10,10.8353,22.4586,9.0235,0.0,0.0,0.0,-2.4674,41.3519,9.6805,-168.3582,-17.47,2.32578792,-77.47580000000002,-15.144212079999999,-92.62001208000002
11,7.5345,22.8678,16.4614,0.0,0.0,0.0,-2.93,41.0728,10.7236,-168.4986,-17.3729,2.29873176,-72.7685,-15.074168240000002,-87.84266824000001
12,6.977,26.2306,15.8338,0.0,0.0,0.0,-2.3738,41.6106,11.2045,-170.8678,-18.1045,2.31367608,-71.3851,-15.790823920000001,-87.17592392
13,8.2169,26.6791,9.9928,0.0,0.0,0.0,-2.241,40.2658,11.0714,-166.3911,-16.9958,2.3021971199999998,-72.4061,-14.69360288,-87.09970288
14,10.0793,24.874,14.7567,0.0,0.0,0.0,-2.3278,40.8617,8.9563,-166.9407,-18.0191,2.33572824,-69.7405,-15.683371760000002,-85.42387176000001
15,3.1256,24.2605,8.5028,0.0,0.0,0.0,-0.7202,39.2978,11.114,-165.4725,-17.1391,2.3246193600000002,-79.892,-14.81448064,-94.70648064
16,6.0286,28.6907,11.1499,0.0,0.0,0.0,-2.7852,39.8994,12.4901,-164.8444,-17.4508,2.32510608,-69.37090000000002,-15.125693920000002,-84.49659392000002
17,4.94,20.7517,15.3183,0.0,0.0,0.0,-2.2091,41.2814,10.1797,-169.903,-16.7091,2.31417576,-79.64099999999999,-14.39492424,-94.03592424
18,8.8774,24.3691,17.1631,0.0,0.0,0.0,-3.2124,40.0402,9.6465,-163.311,-18.7225,2.32016904,-66.42710000000001,-16.40233096,-82.82943096000001
19,6.5798,25.4435,12.2603,0.0,0.0,0.0,-2.6965,41.9811,11.5582,-171.0177,-17.7718,2.31504408,-75.8913,-15.456755919999999,-91.34805592000001
20,5.4537,24.8977,10.5663,0.0,0.0,0.0,-2.6315,40.2317,10.0856,-164.5674,-17.9481,2.3598532800000003,-75.9639,-15.58824672,-91.55214672
21,8.0039,27.1082,15.4515,0.0,0.0,0.0,-2.4139,40.5848,9.1966,-168.9456,-17.1933,2.3418251999999997,-71.01450000000001,-14.851474800000002,-85.86597480000002
22,9.2394,23.3278,12.1806,0.0,0.0,0.0,-1.9925,41.016,8.893,-169.691,-16.8169,2.32279272,-77.0267,-14.494107280000001,-91.52080728000001
23,6.1593,24.4995,11.9657,0.0,0.0,0.0,0.9455,38.8959,10.6605,-163.5684,-18.7409,2.34289296,-70.442,-16.39800704,-86.84000703999999
24,6.0522,22.2549,17.5735,0.0,0.0,0.0,-0.5435,39.3914,9.1846,-167.2339,-16.6241,2.3174316,-73.3208,-14.3066684,-87.6274684
25,6.0446,26.6863,15.4116,0.0,0.0,0.0,-2.0695,41.6351,11.2853,-171.48,-15.7682,2.32442712,-72.48659999999998,-13.443772880000001,-85.93037288
26,6.8526,22.9382,10.2845,0.0,0.0,0.0,-2.8641,40.0229,8.3199,-165.321,-18.6848,2.35136664,-79.767,-16.33343336,-96.10043336
27,7.0658,24.6278,9.5525,0.0,0.0,0.0,-2.5122,40.7127,9.4233,-166.936,-17.7348,2.32097256,-78.06610000000002,-15.41382744,-93.47992744000001
28,4.6227,25.5109,19.6168,0.0,0.0,0.0,-3.014,42.2766,10.0405,-173.0488,-16.8822,2.3340218399999997,-73.9953,-14.54817816,-88.54347815999999
29,10.6256,22.6805,9.1709,0.0,0.0,0.0,-2.5475,40.9097,9.6121,-169.764,-15.9719,2.32685496,-79.3127,-13.64504504,-92.95774504
30,8.0788,27.7452,9.6475,0.0,0.0,0.0,-1.8507,40.1814,10.5985,-167.1457,-16.8496,2.32972704,-72.745,-14.519872959999999,-87.26487296
31,5.5596,27.6456,15.4038,0.0,0.0,0.0,-2.4234,41.5515,11.0205,-170.764,-18.0882,2.3018184,-72.00640000000001,-15.7863816,-87.79278160000001
32,13.1094,26.4542,13.215,0.0,0.0,0.0,-2.3874,42.2885,12.5634,-173.8223,-16.1562,2.30408496,-68.57920000000001,-13.852115039999997,-82.43131504000002
33,8.9904,24.4081,8.6644,0.0,0.0,0.0,-1.2712,40.6064,10.4097,-166.7418,-17.1803,2.3158180799999997,-74.93400000000001,-14.86448192,-89.79848192000001
34,5.755,19.9874,17.0377,0.0,0.0,0.0,-2.4971,40.291,9.6658,-165.6047,-18.0622,2.3377780799999996,-75.3649,-15.724421920000001,-91.08932192
35,3.9681,25.3003,14.9203,0.0,0.0,0.0,-2.6,40.8096,10.8465,-169.5982,-18.8357,2.33725536,-76.35339999999998,-16.49844464,-92.85184463999998
36,9.9356,22.5803,14.0062,0.0,0.0,0.0,-2.8593,40.3328,9.7011,-167.2481,-16.8933,2.34016704,-73.5514,-14.55313296,-88.10453296
37,6.0039,22.86,19.6307,0.0,0.0,0.0,-2.2253,40.2139,10.7501,-166.2325,-18.3933,2.30989536,-68.99919999999997,-16.08340464,-85.08260463999997
38,7.6539,24.7695,13.0141,0.0,0.0,0.0,-2.2278,40.6699,11.0856,-169.5618,-16.6137,2.31187248,-74.59660000000001,-14.301827520000002,-88.89842752000001
39,5.7969,22.7894,8.986,0.0,0.0,0.0,-2.7746,40.3523,11.3098,-165.0294,-18.1504,2.3176008,-78.56960000000001,-15.8327992,-94.40239920000002
40,7.7408,26.2848,14.1475,0.0,0.0,0.0,-2.2875,41.457,8.9788,-169.3463,-17.0947,2.32747488,-73.0249,-14.767225119999999,-87.79212512000001
41,9.1499,26.5997,10.3769,0.0,0.0,0.0,-1.9184,40.7158,11.3518,-166.5194,-18.135,2.30465376,-70.24369999999999,-15.83034624,-86.07404624
42,7.3139,21.7643,10.595,0.0,0.0,0.0,-2.452,41.1045,9.38,-167.7874,-18.1289,2.33803296,-80.08169999999998,-15.790867040000002,-95.87256703999998
43,5.8104,22.1525,13.7028,0.0,0.0,0.0,-2.7354,41.2052,10.8275,-169.4002,-17.3158,2.32490808,-78.4372,-14.99089192,-93.42809192
44,5.3185,20.4402,12.9326,0.0,0.0,0.0,-2.721,39.9619,9.4703,-161.9577,-19.4806,2.3374893599999997,-76.5552,-17.14311064,-93.69831063999999
45,3.9355,24.519,14.0703,0.0,0.0,0.0,-2.7962,40.8917,10.4202,-167.6187,-18.6509,2.34458136,-76.5782,-16.30631864,-92.88451863999998
46,9.2633,27.0242,13.7777,0.0,0.0,0.0,-1.6427,40.4975,9.0198,-168.2619,-17.4008,2.33873568,-70.32209999999998,-15.062064320000001,-85.38416431999998
47,7.1384,24.3809,13.7709,0.0,0.0,0.0,-2.7256,40.8324,9.7686,-167.5985,-18.5576,2.34081216,-74.43290000000002,-16.216787840000002,-90.64968784000003
48,4.5127,26.9668,15.426,0.0,0.0,0.0,-2.6066,40.3708,10.2022,-167.1439,-18.8403,2.33677584,-72.27199999999999,-16.503524159999998,-88.77552415999999
49,8.3366,26.656,9.3991,0.0,0.0,0.0,-2.0885,42.1887,11.4055,-170.7135,-18.8301,2.33530776,-74.8161,-16.494792240000002,-91.31089224
50,5.9997,27.7753,12.9204,0.0,0.0,0.0,-2.8005,41.814,9.7163,-168.6918,-19.2207,2.35460808,-73.2666,-16.866091920000002,-90.13269192
51,3.1788,23.3732,12.0158,0.0,0.0,0.0,-1.5612,39.158,11.412,-164.1077,-17.907,2.3149044,-76.53109999999998,-15.5920956,-92.12319559999997
52,5.2499,23.3609,11.4375,0.0,0.0,0.0,-3.1192,41.1434,9.9578,-166.6747,-18.9621,2.35067904,-78.6444,-16.61142096,-95.25582096000001
53,4.154,27.2754,9.3561,0.0,0.0,0.0,-0.8927,39.9385,11.2843,-167.7185,-17.0826,2.33412696,-76.6029,-14.74847304,-91.35137304
54,6.9281,25.4617,8.7839,0.0,0.0,0.0,-1.8264,40.0478,11.1106,-164.9635,-17.693,2.31855264,-74.4578,-15.374447360000001,-89.83224736
55,8.2195,21.516,11.2388,0.0,0.0,0.0,-2.6114,41.1342,8.0514,-166.9027,-17.9274,2.34492696,-79.35420000000002,-15.582473039999998,-94.93667304000003
56,6.1277,29.1365,8.917,0.0,0.0,0.0,-0.7889,40.1919,10.1155,-169.7104,-16.6572,2.32437456,-76.01069999999999,-14.33282544,-90.34352544
57,6.1863,29.7583,9.6646,0.0,0.0,0.0,-2.6003,41.4463,9.3418,-167.9459,-18.75,2.3517050399999997,-74.1489,-16.39829496,-90.54719496
58,5.9753,25.3505,12.3355,0.0,0.0,0.0,-0.6851,40.906,9.5496,-169.4839,-16.0684,2.32397064,-76.05210000000001,-13.74442936,-89.79652936000001
59,8.4344,24.0045,16.119,0.0,0.0,0.0,-2.2013,39.6458,8.9027,-166.3945,-17.2331,2.33601408,-71.4894,-14.89708592,-86.38648592
60,5.2595,21.6159,15.0919,0.0,0.0,0.0,-2.2704,40.1599,10.3931,-166.7512,-17.1482,2.31763248,-76.50130000000001,-14.830567519999999,-91.33186752000002
61,7.7308,26.4495,14.339,0.0,0.0,0.0,-1.9932,40.3792,11.3481,-166.8835,-17.0081,2.3055228,-68.6301,-14.702577199999999,-83.33267719999999
62,6.9001,27.1597,10.215,0.0,0.0,0.0,-2.3984,41.0402,9.6126,-167.5034,-16.729,2.32637328,-74.97420000000001,-14.402626719999999,-89.37682672000001
63,7.711,19.9206,11.0062,0.0,0.0,0.0,-0.4972,39.8374,9.8269,-166.3504,-16.9642,2.33164152,-78.5455,-14.632558480000002,-93.17805848
64,4.4707,24.2226,13.5747,0.0,0.0,0.0,-2.0355,39.6477,11.5383,-164.7479,-17.7574,2.31550128,-73.32939999999999,-15.441898720000001,-88.77129871999999
65,6.386,26.7744,11.0796,0.0,0.0,0.0,-2.9901,41.2433,9.1256,-167.6984,-17.7115,2.3373129599999998,-76.07959999999999,-15.37418704,-91.45378703999998
66,6.0257,23.8825,9.6489,0.0,0.0,0.0,-2.6104,40.75,10.5055,-167.3513,-17.789,2.34599328,-79.14910000000002,-15.443006720000001,-94.59210672000002
67,8.0706,26.7083,15.0609,0.0,0.0,0.0,-2.7187,40.8447,7.8405,-169.5914,-17.1104,2.34312264,-73.78509999999999,-14.767277359999998,-88.55237735999998
68,5.6352,26.1255,14.1916,0.0,0.0,0.0,-2.2169,40.8999,10.1661,-169.3402,-16.8978,2.3141692799999998,-74.53880000000001,-14.58363072,-89.12243072000001
69,6.6093,28.2328,13.4561,0.0,0.0,0.0,-2.916,42.1473,10.2387,-173.5247,-17.0415,2.33379864,-75.75649999999999,-14.70770136,-90.46420135999999
70,3.1136,23.5812,6.9044,0.0,0.0,0.0,-2.5133,40.7093,10.4553,-167.2903,-16.6873,2.32166664,-85.03980000000001,-14.36563336,-99.40543336
71,8.905,26.8287,15.44,0.0,0.0,0.0,-1.6976,40.802,9.0112,-168.2193,-16.5528,2.3327964,-68.93,-14.220003600000002,-83.1500036
72,8.8297,24.4795,12.8951,0.0,0.0,0.0,-2.9173,40.7218,11.6241,-169.1341,-17.6424,2.3240124,-73.50119999999998,-15.318387599999998,-88.81958759999998
73,3.8508,21.8702,12.7606,0.0,0.0,0.0,-2.8326,40.9306,11.0086,-167.3006,-18.0788,2.32472376,-79.7124,-15.754076240000002,-95.46647624
74,7.1376,22.3636,10.0576,0.0,0.0,0.0,-1.446,39.3922,9.4633,-163.5604,-18.312,2.34733176,-76.59209999999997,-15.964668240000002,-92.55676823999997
75,6.4877,28.3734,14.7594,0.0,0.0,0.0,-2.3147,40.8355,10.964,-168.09,-17.6967,2.31681168,-68.9847,-15.37988832,-84.36458832
76,5.4484,24.6319,10.9701,0.0,0.0,0.0,-2.1683,40.3208,9.8419,-168.0364,-16.1415,2.3334523199999997,-78.99159999999999,-13.808047680000001,-92.79964767999998
77,8.1129,24.3441,10.4515,0.0,0.0,0.0,-2.0992,40.0978,9.6882,-163.7998,-18.5937,2.3388443999999997,-73.20450000000001,-16.2548556,-89.45935560000001
78,7.6283,22.4846,14.669,0.0,0.0,0.0,-2.7159,42.0359,9.5123,-171.0558,-17.2536,2.35775664,-77.44160000000001,-14.895843359999999,-92.33744336
79,10.215,22.6171,10.7643,0.0,0.0,0.0,-2.3107,40.4833,11.6372,-168.6069,-16.9964,2.34162216,-75.20069999999998,-14.654777840000001,-89.85547783999998
80,8.8295,27.0511,9.0688,0.0,0.0,0.0,-2.1296,39.8296,9.9508,-165.4337,-17.1553,2.33600904,-72.83349999999999,-14.81929096,-87.65279095999999
81,9.852,25.9832,9.8239,0.0,0.0,0.0,-2.1995,41.7026,11.3406,-170.2821,-17.3915,2.34514368,-73.77930000000002,-15.046356320000001,-88.82565632000001
82,6.3198,28.4242,13.563,0.0,0.0,0.0,-2.4776,42.1164,11.1599,-171.9987,-16.5193,2.3215212,-72.89300000000003,-14.197778800000002,-87.09077880000002
83,8.8705,21.7992,11.1142,0.0,0.0,0.0,-1.6755,39.976,8.8812,-166.8685,-17.0162,2.34087984,-77.90290000000002,-14.675320160000002,-92.57822016000001
84,5.7822,24.2246,10.3119,0.0,0.0,0.0,-2.5122,40.4928,11.9898,-167.5012,-17.3795,2.3215284,-77.2121,-15.0579716,-92.2700716
85,6.5545,29.786,10.2519,0.0,0.0,0.0,-1.0646,41.3224,10.135,-170.6086,-17.1417,2.3417323199999998,-73.62339999999999,-14.79996768,-88.42336767999998
86,4.7747,26.0966,8.9597,0.0,0.0,0.0,-1.0541,40.8081,9.3223,-167.3531,-17.1982,2.3347094399999997,-78.4458,-14.86349056,-93.30929056000001
87,6.5345,25.8989,13.5844,0.0,0.0,0.0,-1.8501,40.5276,9.77,-168.027,-17.3661,2.32688736,-73.56169999999999,-15.039212639999999,-88.60091263999999
88,3.3768,28.2979,9.1949,0.0,0.0,0.0,-0.7755,40.0944,10.1014,-166.3644,-17.1078,2.30565312,-76.07449999999999,-14.80214688,-90.87664687999998
89,4.8164,20.8734,16.8706,0.0,0.0,0.0,-2.8933,41.297,8.7468,-170.6435,-16.3599,2.3291560799999997,-80.93259999999998,-14.030743919999999,-94.96334391999997
90,7.2987,26.7062,14.5493,0.0,0.0,0.0,-2.9102,40.8216,9.128,-168.4916,-16.9295,2.3413931999999997,-72.89800000000001,-14.588106800000002,-87.48610680000002
91,6.8422,21.8782,15.6193,0.0,0.0,0.0,-2.8829,40.3846,10.8311,-166.6774,-17.3397,2.3236343999999995,-74.00490000000002,-15.016065600000001,-89.02096560000001
92,4.723,25.5266,15.1794,0.0,0.0,0.0,-2.8328,39.4306,10.5069,-164.3517,-17.9473,2.3070888,-71.818,-15.6402112,-87.4582112
93,3.6052,22.7288,15.5234,0.0,0.0,0.0,-2.3429,39.9883,10.9979,-168.7718,-16.1732,2.30790672,-78.2711,-13.865293280000001,-92.13639328
94,7.1911,22.3791,18.8486,0.0,0.0,0.0,-0.7335,39.87,10.2605,-168.2365,-17.7821,2.32247016,-70.42070000000001,-15.45962984,-85.88032984000002
95,6.361,28.1456,19.1207,0.0,0.0,0.0,-2.7458,42.125,10.2059,-174.5088,-17.0001,2.3378565599999996,-71.29640000000002,-14.662243440000001,-85.95864344000002
96,6.7042,21.5822,13.644,0.0,0.0,0.0,-2.9522,40.4905,9.0959,-167.7648,-17.3514,2.34134712,-79.20020000000001,-15.010052880000002,-94.21025288000001
97,6.1005,22.8238,10.1924,0.0,0.0,0.0,-1.8926,40.1324,9.2267,-167.9744,-16.6202,2.32293096,-81.39120000000003,-14.29726904,-95.68846904000003
98,8.6742,26.0804,13.8798,0.0,0.0,0.0,-1.785,41.0524,9.9013,-170.5999,-16.6878,2.31094008,-72.79679999999998,-14.37685992,-87.17365991999998
99,4.2282,21.6778,7.6222,0.0,0.0,0.0,-1.2004,40.307,9.9486,-166.9267,-17.5628,2.34393408,-84.3433,-15.218865919999999,-99.56216592
100,11.041,25.0812,14.4544,0.0,0.0,0.0,-2.7654,40.5913,9.8552,-166.4966,-17.9884,2.3549219999999997,-68.2389,-15.633477999999998,-83.872378
101,5.0053,24.4422,11.4183,0.0,0.0,0.0,-2.384,41.0159,9.2392,-169.1553,-17.6007,2.354742,-80.4184,-15.245958,-95.66435800000001
102,7.108,26.6003,5.4829,0.0,0.0,0.0,-1.0005,39.7733,10.2348,-164.7932,-17.9883,2.33837136,-76.59440000000001,-15.649928639999999,-92.24432864
103,8.3326,24.7536,12.8582,0.0,0.0,0.0,-2.5551,41.2651,9.3686,-168.1488,-17.921,2.3462258400000002,-74.1258,-15.574774159999999,-89.70057415999999
104,6.8608,26.1144,11.8815,0.0,0.0,0.0,-2.8697,41.202,9.4688,-170.0222,-16.8077,2.32493256,-77.3644,-14.48276744,-91.84716744
105,5.8651,28.1019,11.8839,0.0,0.0,0.0,-1.7539,40.2473,11.4728,-169.8053,-15.921,2.3135306399999997,-73.98819999999998,-13.60746936,-87.59566935999997
106,6.1922,22.4022,17.2385,0.0,0.0,0.0,-2.5548,40.1156,10.0436,-168.3426,-17.7811,2.30533632,-74.90530000000001,-15.475763679999998,-90.38106368000001
107,6.6882,21.8613,17.1903,0.0,0.0,0.0,-3.0658,41.508,11.934,-169.7477,-18.438,2.31765408,-73.63170000000001,-16.12034592,-89.75204592000001
108,5.954,21.4665,13.7442,0.0,0.0,0.0,-2.4418,40.5779,9.0656,-166.5877,-18.2354,2.34517176,-78.22130000000001,-15.890228239999999,-94.11152824000001
109,6.4717,22.0735,16.9112,0.0,0.0,0.0,-2.3829,41.517,9.9106,-171.4859,-17.5338,2.31157296,-76.98479999999998,-15.22222704,-92.20702703999997
110,7.5737,23.1027,12.042,0.0,0.0,0.0,-2.2419,40.0933,9.7943,-164.2625,-18.0473,2.3247223200000002,-73.89840000000001,-15.72257768,-89.62097768000001
111,4.7272,24.3112,14.6939,0.0,0.0,0.0,-1.6562,40.5984,10.0145,-168.1886,-16.6775,2.30870448,-75.49960000000002,-14.368795519999999,-89.86839552
112,11.6383,27.0543,10.4312,0.0,0.0,0.0,-1.0,41.4271,8.8824,-172.0053,-17.0103,2.3543388,-73.57199999999999,-14.6559612,-88.2279612
113,5.2926,27.4865,10.1397,0.0,0.0,0.0,-2.2605,40.7693,10.3956,-170.1969,-15.843,2.328318,-78.3737,-13.514682,-91.88838200000001
114,6.5798,23.2695,13.8104,0.0,0.0,0.0,-2.5174,40.5773,11.0764,-167.1534,-17.4942,2.33416296,-74.35740000000001,-15.160037039999999,-89.51743704000002
115,6.6897,27.8478,9.5168,0.0,0.0,0.0,-2.0784,40.8014,11.2765,-166.2548,-18.0652,2.32620192,-72.201,-15.738998080000002,-87.93999808
116,4.5092,31.9253,15.2278,0.0,0.0,0.0,-2.195,42.4862,9.8804,-176.785,-16.3127,2.3327028,-74.95110000000001,-13.9799972,-88.93109720000001
117,7.3169,27.5267,16.7322,0.0,0.0,0.0,-3.07,41.9989,9.2533,-173.7152,-17.3019,2.3177044799999997,-73.95720000000001,-14.98419552,-88.94139552000001
118,5.2845,19.5954,12.5879,0.0,0.0,0.0,-2.5161,39.0908,10.2727,-164.6883,-17.1596,2.3269104,-80.3731,-14.832689600000002,-95.20578959999999
119,6.4798,24.1485,13.3397,0.0,0.0,0.0,-2.6884,40.5357,10.7864,-168.6948,-16.7115,2.33383752,-76.09309999999998,-14.377662480000001,-90.47076247999998
120,7.6713,28.8361,19.2339,0.0,0.0,0.0,-2.7297,40.3619,10.2694,-166.2597,-18.7512,2.3196527999999996,-62.61680000000001,-16.4315472,-79.04834720000001
121,6.8268,21.7026,10.1034,0.0,0.0,0.0,-2.1316,39.4855,9.7542,-164.139,-17.8639,2.34761616,-78.3981,-15.516283840000002,-93.91438384
122,9.6489,25.2634,19.825,0.0,0.0,0.0,-2.449,41.5519,10.1152,-170.7728,-16.6866,2.30604624,-66.81739999999998,-14.380553759999998,-81.19795375999998
123,6.9939,24.6991,15.377,0.0,0.0,0.0,-1.6412,39.5913,10.8716,-166.5144,-17.149,2.3082228,-70.6227,-14.840777200000002,-85.4634772
124,5.3321,22.3767,12.8484,0.0,0.0,0.0,-1.2035,40.9871,10.3507,-170.29,-16.5659,2.3244984,-79.59849999999999,-14.2414016,-93.83990159999999
125,6.4561,22.1187,9.7003,0.0,0.0,0.0,-1.5803,40.0373,10.147,-167.6004,-16.5539,2.3300553600000002,-80.7213,-14.22384464,-94.94514464
126,7.3204,20.2467,18.0229,0.0,0.0,0.0,-1.5246,39.7159,10.0871,-166.2736,-16.7557,2.29820976,-72.40519999999998,-14.45749024,-86.86269023999998
127,6.8846,20.7237,10.3169,0.0,0.0,0.0,-2.1759,40.2103,9.7361,-166.2867,-17.9707,2.3326056,-80.59100000000001,-15.6380944,-96.22909440000001
128,13.9254,20.4385,13.0089,0.0,0.0,0.0,-2.6224,39.5217,10.502,-162.9391,-18.2901,2.3366548799999998,-68.165,-15.95344512,-84.11844512
129,9.9762,26.4924,9.156,0.0,0.0,0.0,-2.2965,40.9316,10.6346,-166.6845,-17.589,2.327508,-71.7902,-15.261491999999999,-87.051692
130,4.4041,24.6863,9.6903,0.0,0.0,0.0,1.4064,39.4503,10.7503,-166.7081,-16.8528,2.3184359999999997,-76.32040000000002,-14.534363999999998,-90.85476400000002
131,3.4742,23.8223,11.0753,0.0,0.0,0.0,-2.9685,40.2153,9.1257,-166.6904,-17.5675,2.33179416,-81.94610000000002,-15.23570584,-97.18180584000001
132,5.1506,24.6414,15.6308,0.0,0.0,0.0,-2.8123,41.2282,11.7273,-168.8705,-17.078,2.30886936,-73.30449999999999,-14.76913064,-88.07363063999999
133,11.6356,27.9599,16.0457,0.0,0.0,0.0,-1.3797,41.1701,8.6038,-171.1381,-16.9275,2.32309368,-67.1027,-14.604406319999999,-81.70710632
134,7.0096,26.6192,14.6542,0.0,0.0,0.0,-0.4606,40.7663,10.8725,-170.2301,-16.4785,2.31325128,-70.76889999999999,-14.165248720000001,-84.93414871999998
135,9.6783,23.8744,14.3907,0.0,0.0,0.0,-2.5047,41.1605,10.3866,-170.1172,-17.3631,2.33242632,-73.1314,-15.03067368,-88.16207368
136,6.2406,23.6741,9.7422,0.0,0.0,0.0,-2.1411,40.7129,9.725,-168.5879,-17.8499,2.32063128,-80.63419999999999,-15.529268720000001,-96.16346872
137,5.328,25.201,22.5759,0.0,0.0,0.0,-2.831,40.3394,11.8894,-168.6072,-17.1772,2.29700808,-66.10450000000002,-14.88019192,-80.98469192000002
138,7.099,24.3493,8.9526,0.0,0.0,0.0,-1.8242,39.2478,10.2635,-165.8271,-16.3356,2.3382604799999998,-77.73910000000001,-13.99733952,-91.73643952
139,4.3403,23.6235,13.3691,0.0,0.0,0.0,-1.6884,41.0597,10.2867,-167.0585,-18.2179,2.3267808,-76.06760000000003,-15.8911192,-91.95871920000003
140,6.4812,24.5986,10.0641,0.0,0.0,0.0,-3.1541,41.1245,10.023,-166.8918,-17.8602,2.3257296,-77.7545,-15.5344704,-93.2889704
141,4.3419,22.8933,6.3356,0.0,0.0,0.0,-1.5923,40.0562,10.1396,-164.5866,-18.3374,2.3267260800000003,-82.41230000000002,-16.01067392,-98.42297392000002
142,6.1059,21.2655,12.2876,0.0,0.0,0.0,1.7022,40.6058,11.0355,-167.5416,-17.7209,2.32246944,-74.53909999999999,-15.398430560000001,-89.93753055999998
143,8.5944,27.671,12.8451,0.0,0.0,0.0,-2.7409,42.2728,11.574,-169.561,-18.2579,2.3093805599999997,-69.3446,-15.94851944,-85.29311944
144,5.9139,27.5209,14.781,0.0,0.0,0.0,-3.1619,41.8328,9.6633,-171.3405,-18.3203,2.33609328,-74.79050000000001,-15.98420672,-90.77470672000001
145,10.501,21.4539,14.052,0.0,0.0,0.0,-2.5797,39.5558,7.6824,-162.7956,-18.9955,2.361384,-72.1302,-16.634116,-88.764316
146,8.8914,29.3527,18.6459,0.0,0.0,0.0,-3.3971,40.4122,11.8451,-168.5443,-16.2323,2.31676488,-62.794099999999986,-13.915535119999998,-76.70963511999999
147,7.0469,25.5673,13.0069,0.0,0.0,0.0,-2.6581,40.482,10.68,-167.5816,-18.6827,2.32554312,-73.45660000000001,-16.35715688,-89.81375688
148,4.1975,27.4082,13.618,0.0,0.0,0.0,-2.428,41.3165,9.9702,-171.409,-17.1319,2.33561448,-77.32659999999998,-14.796285520000001,-92.12288551999998
149,8.3913,26.4999,12.0557,0.0,0.0,0.0,-2.3504,41.5765,10.2457,-171.9147,-17.0732,2.3328072,-75.49600000000001,-14.7403928,-90.2363928
150,7.9822,24.2178,7.786,0.0,0.0,0.0,-2.1125,40.2908,8.2002,-165.1067,-17.777,2.34482472,-78.7422,-15.432175280000001,-94.17437527999999
151,7.9398,26.475,11.8993,0.0,0.0,0.0,-2.3281,41.3033,9.5692,-172.8229,-16.6365,2.3221908,-77.96440000000001,-14.314309200000002,-92.27870920000001
152,5.3896,23.0828,12.0553,0.0,0.0,0.0,-2.0273,40.0781,10.3572,-164.3091,-18.946,2.35283328,-75.37339999999999,-16.593166720000003,-91.96656671999999
153,9.8582,27.5543,17.1475,0.0,0.0,0.0,-3.0224,40.4362,9.3808,-165.3699,-18.0854,2.35658016,-64.0153,-15.72881984,-79.74411984
154,8.0362,28.1059,16.1533,0.0,0.0,0.0,-2.4363,41.3305,8.7043,-169.8907,-16.6308,2.35256904,-69.99680000000001,-14.27823096,-84.27503096
155,4.9416,26.8671,12.0426,0.0,0.0,0.0,-2.8201,41.2314,10.2089,-167.9828,-17.5876,2.32397568,-75.5113,-15.263624319999998,-90.77492432
156,4.3615,26.7921,13.7093,0.0,0.0,0.0,-2.3563,41.1462,10.6302,-171.6925,-16.4115,2.31966792,-77.40949999999998,-14.09183208,-91.50133207999998
157,8.7554,27.2564,11.3929,0.0,0.0,0.0,-2.3535,41.2578,9.2213,-170.8866,-16.4617,2.3448455999999998,-75.35629999999999,-14.116854400000001,-89.47315439999998
158,11.4299,27.6438,14.3864,0.0,0.0,0.0,-2.6388,41.753,11.402,-170.3934,-17.5389,2.34494208,-66.4171,-15.193957920000003,-81.61105792000001
159,5.8484,19.6889,17.4427,0.0,0.0,0.0,-2.4264,41.4835,10.7309,-166.9081,-17.7086,2.33559288,-74.14009999999998,-15.37300712,-89.51310711999997
160,5.4819,21.3348,12.1023,0.0,0.0,0.0,-2.1647,41.5019,11.088,-167.8427,-17.9809,2.3260737600000003,-78.4985,-15.654826239999998,-94.15332624
161,10.0847,27.7545,13.9479,0.0,0.0,0.0,-2.6036,41.1185,10.3666,-169.2468,-18.6683,2.3288745599999996,-68.57820000000001,-16.33942544,-84.91762544000001
162,5.677,25.5835,7.7338,0.0,0.0,0.0,-1.937,41.276,11.8878,-168.5774,-16.9893,2.2837737600000003,-78.3563,-14.70552624,-93.06182624
163,5.9449,23.1893,11.4837,0.0,0.0,0.0,-2.6408,40.5682,11.1185,-166.7732,-17.0947,2.31463224,-77.10940000000001,-14.78006776,-91.88946776000002
164,4.5372,22.9193,8.4612,0.0,0.0,0.0,-1.9408,40.1595,10.376,-165.6689,-16.6276,2.31332112,-81.15650000000001,-14.314278880000002,-95.47077888000001
165,10.2888,23.5191,17.1549,0.0,0.0,0.0,-2.7644,41.1412,9.104,-171.3395,-16.3351,2.30980536,-72.8959,-14.02529464,-86.92119464
166,4.9681,24.0519,11.362,0.0,0.0,0.0,-2.6131,40.9363,10.3395,-167.8949,-18.0595,2.32398648,-78.85020000000002,-15.73551352,-94.58571352000001
167,7.047,19.7256,17.1002,0.0,0.0,0.0,-3.0404,41.1881,10.7079,-168.9334,-17.6909,2.33212032,-76.20500000000001,-15.35877968,-91.56377968000001
168,5.5923,22.9412,13.3384,0.0,0.0,0.0,-2.7089,41.769,11.3838,-170.1769,-17.837,2.32243992,-77.8611,-15.514560079999999,-93.37566008
169,8.231,20.188,17.5237,0.0,0.0,0.0,-0.4525,38.0222,11.1644,-165.3223,-16.1943,2.3134226399999998,-70.64550000000001,-13.88087736,-84.52637736000001
170,4.0854,24.5335,7.8583,0.0,0.0,0.0,-1.969,40.1067,11.0465,-164.6552,-18.5526,2.3256640799999997,-78.99380000000002,-16.226935920000003,-95.22073592000002
171,6.7843,24.3633,12.6982,0.0,0.0,0.0,-1.457,41.0911,10.3732,-170.598,-16.79,2.3243652,-76.74490000000003,-14.4656348,-91.21053480000002
172,4.0826,21.4462,10.4107,0.0,0.0,0.0,-0.1631,40.0941,8.9884,-165.0988,-18.1938,2.35515384,-80.23990000000002,-15.83864616,-96.07854616000002
173,6.3986,27.4365,14.8445,0.0,0.0,0.0,-2.7895,41.0159,9.4694,-168.4877,-17.6483,2.32352136,-72.11229999999998,-15.324778639999998,-87.43707863999998
174,7.1897,19.0024,13.6776,0.0,0.0,0.0,-2.3825,40.3807,10.4666,-168.0738,-17.0519,2.32444584,-79.73930000000001,-14.72745416,-94.46675416000002
175,12.4498,25.334,14.2593,0.0,0.0,0.0,-1.5217,41.0865,9.1902,-168.452,-17.5036,2.3322887999999997,-67.6539,-15.171311199999998,-82.8252112
176,5.5156,25.8885,11.6643,0.0,0.0,0.0,-3.0219,41.0074,10.1828,-166.9825,-18.1274,2.32633872,-75.74579999999999,-15.801061280000003,-91.54686128
177,5.7407,27.9477,13.3418,0.0,0.0,0.0,-1.8284,40.358,9.5478,-167.8484,-16.3812,2.34057096,-72.74080000000001,-14.040629039999999,-86.78142904000002
178,11.4123,32.1393,11.3401,0.0,0.0,0.0,-2.3538,42.1379,8.4148,-174.0956,-16.5593,2.3460292799999998,-71.00499999999998,-14.21327072,-85.21827071999998
179,5.1518,21.8414,17.2632,0.0,0.0,0.0,-1.7167,40.5855,11.2971,-169.7617,-16.4051,2.3183416799999996,-75.33939999999998,-14.086758320000001,-89.42615831999998
180,5.1838,24.7784,15.4518,0.0,0.0,0.0,-0.3882,39.9263,10.5307,-166.22,-17.4266,2.318256,-70.7372,-15.108344,-85.845544
181,9.934,21.0233,10.2783,0.0,0.0,0.0,-1.2855,39.8089,10.49,-166.1012,-17.4071,2.3197528800000002,-75.85220000000001,-15.08734712,-90.93954712000001
182,4.8665,26.0144,8.1969,0.0,0.0,0.0,-1.0038,39.6689,9.6569,-165.2887,-17.1052,2.3268448800000003,-77.8889,-14.77835512,-92.66725512000001
183,4.2732,22.2995,15.0234,0.0,0.0,0.0,-2.5683,41.2169,9.266,-168.62,-17.6177,2.3417078399999998,-79.1093,-15.27599216,-94.38529216
184,7.3008,25.9593,11.6673,0.0,0.0,0.0,-1.7958,41.4768,11.4261,-171.4531,-16.9591,2.3200632,-75.41860000000001,-14.6390368,-90.05763680000001
185,6.1688,25.9279,10.1923,0.0,0.0,0.0,-2.7599,40.8139,10.0482,-167.5882,-16.7969,2.3450112,-77.19700000000002,-14.4518888,-91.64888880000002
186,12.485,25.3592,8.932,0.0,0.0,0.0,-1.7714,39.9762,9.4424,-166.1566,-17.6701,2.34272736,-71.73320000000001,-15.327372640000002,-87.06057264000002
187,6.4998,23.3132,14.9821,0.0,0.0,0.0,-2.003,40.5273,10.7923,-170.3704,-16.8161,2.3166784799999998,-76.25869999999999,-14.499421519999999,-90.75812151999999
188,6.2635,22.1989,14.8369,0.0,0.0,0.0,-2.9105,40.0436,9.8679,-167.1838,-16.7946,2.33192088,-76.88349999999998,-14.462679119999999,-91.34617911999999
189,7.8276,27.2526,9.9932,0.0,0.0,0.0,-2.92,40.71,9.6937,-169.0204,-16.2577,2.33313624,-76.46329999999998,-13.92456376,-90.38786375999997
190,3.5448,25.5394,13.5145,0.0,0.0,0.0,-1.2131,41.1279,11.4715,-166.7098,-18.2551,2.3059979999999998,-72.7248,-15.949102,-88.673902
191,10.3283,23.1348,14.2196,0.0,0.0,0.0,-1.75,39.9696,9.2886,-167.5997,-17.5163,2.3371632,-72.40880000000001,-15.179136800000002,-87.58793680000001
192,5.2539,28.804,14.119,0.0,0.0,0.0,-0.3497,40.4482,11.2419,-169.4577,-16.4176,2.31048864,-69.9404,-14.107111360000001,-84.04751136
193,5.2024,23.6639,11.7794,0.0,0.0,0.0,-1.9834,40.8722,10.4994,-168.8549,-17.7541,2.32227432,-78.82099999999998,-15.431825680000001,-94.25282567999999
194,6.2681,25.3104,11.5839,0.0,0.0,0.0,-2.8259,41.6529,11.3757,-169.9286,-17.8756,2.2989067199999997,-76.56349999999998,-15.576693279999999,-92.14019327999996
195,10.8116,21.0589,13.5948,0.0,0.0,0.0,-2.127,40.5582,8.9036,-167.1584,-17.926,2.3395644,-74.3583,-15.586435599999998,-89.9447356
196,6.9532,26.7362,12.5978,0.0,0.0,0.0,-2.3916,39.6908,10.1609,-165.5931,-18.4986,2.32902936,-71.8458,-16.16957064,-88.01537063999999
197,7.107,28.8478,11.2954,0.0,0.0,0.0,-1.2731,40.8556,9.9811,-168.446,-18.0271,2.34307512,-71.6322,-15.68402488,-87.31622488000001
198,8.5973,25.4055,17.1511,0.0,0.0,0.0,-2.4749,41.5775,10.5524,-169.98,-18.0429,2.3251240799999997,-69.17109999999998,-15.71777592,-84.88887591999999
199,4.8496,27.5312,10.4622,0.0,0.0,0.0,-1.664,39.8514,10.1929,-168.9267,-15.8599,2.31504264,-77.70340000000002,-13.54485736,-91.24825736000001
200,7.0256,23.4588,12.635,0.0,0.0,0.0,-2.8144,40.1109,9.3545,-167.5205,-17.9547,2.33081568,-77.7501,-15.623884319999998,-93.37398432
201,8.0418,22.0994,12.6536,0.0,0.0,0.0,-2.4893,40.0602,12.308,-166.6946,-17.2652,2.3164639200000003,-74.02090000000001,-14.94873608,-88.96963608
202,5.8758,27.5999,11.7645,0.0,0.0,0.0,-0.2177,41.221,10.6424,-172.0352,-15.9495,2.3062715999999996,-75.14930000000001,-13.643228400000002,-88.79252840000001
203,8.2773,23.5045,12.5174,0.0,0.0,0.0,-2.8877,40.5706,10.7423,-167.6467,-17.9206,2.3266728,-74.9223,-15.5939272,-90.51622720000002
204,5.0801,25.4239,11.0904,0.0,0.0,0.0,-1.517,40.746,12.2139,-169.1936,-16.8714,2.3134226399999998,-76.15630000000002,-14.557977360000002,-90.71427736000001
205,6.4045,24.4866,13.1683,0.0,0.0,0.0,-2.6714,40.6432,10.649,-166.4806,-17.3419,2.29979664,-73.80040000000001,-15.042103359999999,-88.84250336000001
206,3.7165,23.8285,11.5134,0.0,0.0,0.0,-2.5473,40.9558,10.2449,-168.851,-17.9769,2.35255536,-81.13919999999999,-15.62434464,-96.76354463999999
207,8.4586,20.2138,12.6788,0.0,0.0,0.0,-2.0427,39.546,9.0103,-165.4207,-17.6246,2.35199232,-77.55590000000001,-15.27260768,-92.82850768000002
208,8.2134,19.508,16.9504,0.0,0.0,0.0,-2.4135,40.2337,11.7313,-166.8025,-17.2254,2.30769288,-72.57920000000001,-14.917707120000001,-87.49690712000002
209,3.8438,28.4251,13.0295,0.0,0.0,0.0,-2.7092,40.1923,9.163,-166.6249,-17.198,2.3261889599999996,-74.6804,-14.87181104,-89.55221104
210,6.6524,23.5074,10.6438,0.0,0.0,0.0,-1.7871,40.1791,9.6617,-167.6656,-16.5678,2.3322816,-78.80830000000002,-14.235518399999998,-93.0438184
211,3.6024,23.4015,14.598,0.0,0.0,0.0,-2.104,40.1333,9.9697,-165.4745,-17.5257,2.31306336,-75.8736,-15.21263664,-91.08623664
212,10.4363,28.3824,12.4806,0.0,0.0,0.0,-1.9099,40.4662,10.8671,-169.152,-17.8154,2.3534971199999997,-68.42929999999998,-15.46190288,-83.89120287999998
213,7.559,25.6392,12.0646,0.0,0.0,0.0,-2.5895,40.9222,10.236,-168.1682,-17.7853,2.3460876,-74.33670000000002,-15.439212399999999,-89.77591240000001
214,7.8549,22.8688,9.3431,0.0,0.0,0.0,-1.3413,39.9841,10.2992,-165.9806,-17.6019,2.30739336,-76.97180000000002,-15.294506640000002,-92.26630664000001
215,7.4172,25.8859,15.6046,0.0,0.0,0.0,-2.8106,40.9581,11.6691,-167.8193,-16.9308,2.30966496,-69.095,-14.621135040000002,-83.71613504
216,8.8003,26.2438,9.6625,0.0,0.0,0.0,-2.2018,41.0055,9.9161,-168.3428,-17.7294,2.33235504,-74.91640000000001,-15.397044959999999,-90.31344496000001
217,6.262,23.2459,13.6774,0.0,0.0,0.0,-2.0,41.1863,9.6995,-169.4018,-17.9259,2.33226,-77.33070000000001,-15.593639999999999,-92.92434
218,7.8729,27.2712,15.1694,0.0,0.0,0.0,-1.7923,40.467,10.1758,-171.3255,-15.864,2.30836032,-72.1615,-13.55563968,-85.71713968
219,6.5463,24.6119,11.4951,0.0,0.0,0.0,-2.1731,40.4587,9.466,-169.9744,-16.5223,2.3183964,-79.5695,-14.2039036,-93.77340360000001
220,5.295,21.0374,7.6067,0.0,0.0,0.0,0.659,39.2657,10.3371,-165.9082,-16.6731,2.33031456,-81.7073,-14.342785440000002,-96.05008544
221,6.3673,21.927,13.8626,0.0,0.0,0.0,-1.9439,40.3489,9.9986,-167.6798,-17.7842,2.33076168,-77.1193,-15.453438319999998,-92.57273832
222,5.6119,25.4105,14.1085,0.0,0.0,0.0,-2.9174,41.6327,9.6117,-170.7976,-17.1305,2.34153432,-77.3397,-14.78896568,-92.12866568
223,4.9769,27.8222,12.6276,0.0,0.0,0.0,-2.1636,40.9902,10.543,-172.4736,-16.5846,2.33677944,-77.6773,-14.247820559999997,-91.92512056
224,8.428,27.8347,12.0748,0.0,0.0,0.0,-0.9225,41.0416,9.708,-169.719,-16.8057,2.3326473599999997,-71.55439999999999,-14.473052640000002,-86.02745263999999
225,8.8574,21.0983,11.3725,0.0,0.0,0.0,-2.6439,40.6506,10.1452,-167.3147,-18.001,2.34325584,-77.83459999999998,-15.657744160000002,-93.49234415999999
226,10.3001,27.7346,7.6745,0.0,0.0,0.0,-2.6579,40.978,9.7622,-168.1475,-17.0193,2.32717464,-74.356,-14.692125360000002,-89.04812536
227,7.1189,22.9681,13.7305,0.0,0.0,0.0,-1.6148,41.9801,10.5655,-172.1584,-17.0761,2.3140209599999997,-77.41010000000001,-14.76207904,-92.17217904000002
228,6.3639,26.0665,13.2869,0.0,0.0,0.0,-3.0932,40.5986,10.3485,-168.5596,-17.4927,2.3182437599999997,-74.9884,-15.17445624,-90.16285624
229,4.0848,24.9282,11.9942,0.0,0.0,0.0,-2.3081,39.8445,11.1561,-165.019,-18.233,2.32229448,-75.31930000000001,-15.91070552,-91.23000552000002
230,8.0493,22.4592,13.07,0.0,0.0,0.0,-2.3065,39.7741,9.8789,-166.7379,-18.4243,2.34693576,-75.8129,-16.077364239999998,-91.89026424000001
231,5.9273,22.6334,13.4778,0.0,0.0,0.0,-2.2836,41.4354,10.5675,-169.991,-16.3826,2.31880752,-78.23320000000001,-14.06379248,-92.29699248
232,6.5057,19.9284,13.5099,0.0,0.0,0.0,-2.811,40.6462,11.5885,-167.0321,-17.9319,2.3089831199999997,-77.66440000000001,-15.622916879999998,-93.28731688000002
233,5.042,25.5355,11.5176,0.0,0.0,0.0,-2.3848,39.9248,8.2805,-165.6374,-17.1899,2.33513496,-77.72180000000002,-14.854765040000002,-92.57656504000002
234,4.5312,34.6631,16.0003,0.0,0.0,0.0,-2.9275,42.1517,9.6272,-170.5094,-18.9181,2.33483616,-66.46340000000001,-16.58326384,-83.04666384000001
235,4.0132,21.8198,9.3607,0.0,0.0,0.0,-1.9677,39.926,9.8442,-163.7705,-18.3007,2.3389372799999997,-80.7743,-15.96176272,-96.73606271999999
236,4.9885,23.6552,11.8748,0.0,0.0,0.0,-2.7886,40.4578,9.2632,-166.3933,-18.0154,2.3479092,-78.9424,-15.6674908,-94.6098908
237,4.0942,29.3444,9.7386,0.0,0.0,0.0,-1.9473,40.1833,9.7469,-167.7533,-17.2992,2.32629984,-76.5932,-14.972900159999998,-91.56610015999999
238,6.9772,23.0277,18.4271,0.0,0.0,0.0,-2.4142,40.6259,10.7033,-167.4078,-18.2872,2.32858944,-70.06080000000001,-15.958610559999999,-86.01941056000001
239,8.525,23.2366,15.255,0.0,0.0,0.0,-2.8233,41.6672,8.6535,-169.2661,-18.0194,2.3365943999999996,-74.7521,-15.682805600000002,-90.43490560000001
240,6.2556,21.1006,13.447,0.0,0.0,0.0,-2.5793,40.5338,10.6425,-164.01,-18.7847,2.33911296,-74.60979999999999,-16.44558704,-91.05538704
241,7.6202,24.7025,11.2893,0.0,0.0,0.0,-2.9214,40.8924,10.265,-168.4545,-17.5288,2.32829352,-76.6065,-15.200506480000001,-91.80700648
242,8.9128,24.2945,14.8781,0.0,0.0,0.0,-2.9661,40.2601,8.9605,-166.9283,-17.6039,2.33189208,-72.58840000000001,-15.27200792,-87.86040792
243,6.524,27.3174,13.6415,0.0,0.0,0.0,-0.7129,40.8386,10.6484,-170.5827,-16.386,2.3355144,-72.3257,-14.050485599999998,-86.3761856
244,7.3618,27.1292,12.7636,0.0,0.0,0.0,-2.1774,40.4423,10.3452,-168.2983,-16.7905,2.31439608,-72.43360000000001,-14.476103920000002,-86.90970392000003
245,5.4135,26.3671,11.7612,0.0,0.0,0.0,-2.9175,39.7337,8.9215,-163.4669,-17.6299,2.36085336,-74.18740000000001,-15.26904664,-89.45644664000002
246,8.5036,23.7591,13.5719,0.0,0.0,0.0,-2.027,40.1648,10.1827,-168.103,-16.5079,2.31416568,-73.94790000000002,-14.193734319999999,-88.14163432000001
247,9.1499,28.7811,11.2079,0.0,0.0,0.0,-2.844,41.2559,9.0215,-165.5868,-18.4562,2.33939808,-69.01450000000001,-16.11680192,-85.13130192000001
248,5.4176,26.498,13.7946,0.0,0.0,0.0,-2.7322,39.9564,10.235,-166.5211,-17.7268,2.30125896,-73.35169999999998,-15.42554104,-88.77724103999998
249,4.4341,27.1245,8.2731,0.0,0.0,0.0,-2.2025,41.5241,11.0434,-169.318,-17.0088,2.32563384,-79.1213,-14.68316616,-93.80446616
250,8.191,26.0291,7.8122,0.0,0.0,0.0,-2.4223,40.9991,9.9718,-168.0604,-18.0727,2.34108576,-77.47949999999999,-15.73161424,-93.21111423999999
251,6.4664,29.343,11.8782,0.0,0.0,0.0,-2.5952,40.6501,9.1643,-169.8398,-16.7742,2.3179442399999997,-74.93299999999999,-14.456255760000001,-89.38925576
252,8.3891,23.8368,16.0884,0.0,0.0,0.0,-2.4071,40.6818,11.1682,-167.9875,-17.9854,2.36070936,-70.23030000000001,-15.624690639999999,-85.85499064000001
253,6.5212,24.9773,10.1183,0.0,0.0,0.0,-0.3038,39.086,9.7666,-168.199,-16.8505,2.31853032,-78.03340000000001,-14.53196968,-92.56536968000002
254,10.7845,25.3744,12.3773,0.0,0.0,0.0,-2.6514,42.1307,10.5521,-171.2206,-16.9986,2.3176749599999997,-72.65299999999999,-14.68092504,-87.33392503999998
255,13.2647,24.6265,10.0057,0.0,0.0,0.0,-2.5263,41.7868,11.2384,-169.7318,-17.5805,2.31213312,-71.336,-15.26836688,-86.60436688
256,4.2401,30.222,16.011,0.0,0.0,0.0,-2.3774,39.6129,11.5954,-166.0692,-17.3711,2.34023616,-66.7652,-15.030863839999999,-81.79606383999999
257,6.9064,24.4599,19.4195,0.0,0.0,0.0,-2.5921,42.1816,12.4348,-172.3566,-16.3808,2.29006656,-69.54649999999998,-14.090733440000001,-83.63723343999997
258,5.1828,21.6333,11.6863,0.0,0.0,0.0,-2.5172,40.5719,10.2198,-166.7403,-17.6659,2.31964128,-79.96340000000001,-15.346258720000002,-95.30965872
259,6.7308,26.8206,13.4352,0.0,0.0,0.0,-2.6575,41.4156,9.6965,-170.8035,-17.9238,2.33063928,-75.36230000000002,-15.59316072,-90.95546072000002
260,7.9644,21.0451,9.9739,0.0,0.0,0.0,-0.1536,39.8563,9.5889,-166.856,-16.2907,2.3205916799999997,-78.58099999999999,-13.970108320000001,-92.55110832
261,8.9136,24.6479,10.9554,0.0,0.0,0.0,-2.3503,41.7897,9.8008,-172.5357,-17.0137,2.31344064,-78.7786,-14.70025936,-93.47885936
262,6.8632,23.1194,13.4732,0.0,0.0,0.0,-3.1484,41.2099,9.8707,-168.0254,-17.7508,2.3431406399999997,-76.6374,-15.407659360000002,-92.04505936
263,3.0512,24.4845,14.0114,0.0,0.0,0.0,-2.0022,39.5917,10.9676,-166.5764,-18.6053,2.3160787199999997,-76.4722,-16.28922128,-92.76142128000001
264,6.2916,23.1861,13.5919,0.0,0.0,0.0,-2.6303,41.2198,13.2481,-169.7805,-17.3055,2.2893652799999997,-74.8733,-15.016134719999998,-89.88943472
265,5.2385,24.7299,12.8091,0.0,0.0,0.0,-2.2701,42.0849,11.109,-171.4569,-17.2664,2.3226969599999996,-77.7556,-14.94370304,-92.69930304
266,5.2365,25.8534,11.9975,0.0,0.0,0.0,-3.0932,40.7904,10.099,-167.9431,-17.4732,2.3381964,-77.05949999999999,-15.135003599999997,-92.19450359999998
267,5.1411,26.9302,13.5289,0.0,0.0,0.0,-2.6113,40.8293,10.8975,-167.2165,-17.9723,2.33042472,-72.5008,-15.64187528,-88.14267528
268,7.449,26.908,13.2874,0.0,0.0,0.0,-2.8107,41.9327,10.8757,-172.5655,-16.7188,2.35872,-74.92339999999999,-14.360080000000002,-89.28347999999998
269,7.8967,23.8277,11.5139,0.0,0.0,0.0,-2.6698,41.5084,11.1098,-169.2485,-18.5511,2.3046264,-76.0618,-16.2464736,-92.3082736
270,9.8967,25.7458,9.1702,0.0,0.0,0.0,-1.3204,40.8635,11.7836,-171.0535,-16.8998,2.30763024,-74.91410000000002,-14.592169759999999,-89.50626976000002
271,7.7582,25.8868,11.5334,0.0,0.0,0.0,-2.1302,41.6658,10.6758,-171.8494,-16.7793,2.3196333599999996,-76.45960000000001,-14.45966664,-90.91926664
272,6.4788,23.8585,12.4742,0.0,0.0,0.0,-2.2174,39.9407,8.7218,-164.1252,-17.8107,2.33744256,-74.86860000000001,-15.473257440000001,-90.34185744000001
273,7.7055,22.2191,10.2655,0.0,0.0,0.0,-1.7794,40.9534,9.3479,-168.1892,-17.9645,2.32844544,-79.4772,-15.636054560000002,-95.11325456
274,8.0028,22.9789,12.7003,0.0,0.0,0.0,-2.3893,40.8928,10.892,-170.7752,-16.7021,2.32624656,-77.69770000000001,-14.375853440000002,-92.07355344000001
275,6.2544,23.8451,11.5449,0.0,0.0,0.0,-2.6609,39.77,9.31,-167.7369,-16.3329,2.3337936,-79.67339999999999,-13.999106399999999,-93.67250639999997
276,8.193,27.4965,11.6113,0.0,0.0,0.0,-1.4745,41.1111,10.3298,-168.6011,-18.0046,2.33526168,-71.3339,-15.66933832,-87.00323832
277,8.7751,27.4455,9.5514,0.0,0.0,0.0,-2.6966,40.2339,7.9653,-166.8488,-17.5337,2.33027424,-75.5742,-15.20342576,-90.77762576
278,4.3757,23.8548,10.1909,0.0,0.0,0.0,-2.7514,40.7645,11.1127,-170.0457,-17.0653,2.3358196799999997,-82.4985,-14.72948032,-97.22798032000001
279,4.4788,25.5827,12.6622,0.0,0.0,0.0,-2.424,40.7993,11.3663,-167.6034,-17.8135,2.3172156,-75.1381,-15.4962844,-90.6343844
280,7.4292,26.3698,12.2561,0.0,0.0,0.0,-1.0222,40.8454,10.0275,-169.2191,-17.003,2.32948008,-73.3133,-14.67351992,-87.98681992
281,11.6396,26.3709,10.4737,0.0,0.0,0.0,-2.0108,41.921,9.3869,-171.3644,-17.3914,2.33468568,-73.5831,-15.056714320000001,-88.63981432
282,5.5675,28.159,13.315,0.0,0.0,0.0,-3.096,40.978,9.5037,-169.6592,-16.8042,2.34408672,-75.23200000000001,-14.460113280000002,-89.69211328
283,5.9853,21.2117,20.8548,0.0,0.0,0.0,-1.062,41.2739,10.1246,-168.9466,-17.4728,2.3037156000000003,-70.55829999999999,-15.1690844,-85.72738439999998
284,9.8226,23.0661,7.6746,0.0,0.0,0.0,-2.0578,39.2535,9.6394,-163.8211,-17.2355,2.33162352,-76.4227,-14.903876479999997,-91.32657648000001
285,4.3268,23.528,13.6146,0.0,0.0,0.0,-2.2264,40.5424,12.4633,-170.0601,-16.3417,2.2985978400000002,-77.8114,-14.04310216,-91.85450216000001
286,6.3021,24.8394,13.1066,0.0,0.0,0.0,-2.6817,41.8688,9.9967,-171.3054,-17.5014,2.32208208,-77.87349999999998,-15.17931792,-93.05281791999998
287,7.4792,23.7293,10.5684,0.0,0.0,0.0,-1.9489,40.2675,10.44,-168.6746,-16.9976,2.3340204,-78.13910000000001,-14.663579599999998,-92.80267960000002
288,8.2255,25.2695,16.4992,0.0,0.0,0.0,-2.7649,43.1065,11.4736,-176.1783,-16.2159,2.30561784,-74.3689,-13.910282160000001,-88.27918216
289,8.0594,26.0961,17.4661,0.0,0.0,0.0,-2.7855,40.6386,9.5341,-169.0252,-16.4195,2.3237013600000003,-70.01640000000002,-14.095798639999998,-84.11219864000002
290,5.3509,23.3973,11.969,0.0,0.0,0.0,-2.044,40.8797,9.4807,-167.4502,-18.0181,2.33515944,-78.4166,-15.68294056,-94.09954056000001
291,5.4178,24.4322,9.5202,0.0,0.0,0.0,-2.8895,40.4254,9.4515,-165.5409,-18.2132,2.3491044,-79.18329999999999,-15.8640956,-95.04739559999999
292,6.8194,23.8944,14.5081,0.0,0.0,0.0,-1.6307,40.7012,9.3828,-170.6581,-16.3558,2.30687352,-76.98289999999999,-14.048926479999999,-91.03182647999999
293,9.5475,22.6502,7.0406,0.0,0.0,0.0,-2.4384,41.654,10.1607,-168.4027,-17.8141,2.32611408,-79.7881,-15.48798592,-95.27608592
294,11.1601,31.4987,14.4731,0.0,0.0,0.0,-3.0254,40.8308,9.8032,-170.2049,-16.4109,2.31705144,-65.4644,-14.093848560000001,-79.55824856
295,5.9563,21.301,11.2727,0.0,0.0,0.0,-2.6861,40.4003,9.5962,-164.4043,-17.9606,2.32076088,-78.5639,-15.63983912,-94.20373912000001
296,9.4493,23.6318,11.2712,0.0,0.0,0.0,-0.975,41.7945,10.2095,-170.3442,-18.3833,2.31251688,-74.9629,-16.070783119999998,-91.03368312
297,2.4022,24.0813,15.651,0.0,0.0,0.0,-2.7371,42.0659,10.2606,-169.9503,-17.603,2.31371712,-78.2264,-15.289282880000002,-93.51568287999999
298,3.4198,25.0158,12.992,0.0,0.0,0.0,-0.9966,40.6988,12.1597,-168.1449,-17.4681,2.3154688799999996,-74.85540000000002,-15.15263112,-90.00803112000003
299,8.6217,24.7644,14.8471,0.0,0.0,0.0,-2.508,41.3948,9.1622,-169.2671,-17.3359,2.33531064,-72.98490000000001,-15.00058936,-87.98548936
300,8.1448,20.766,12.9437,0.0,0.0,0.0,-2.0919,39.895,9.0181,-165.365,-17.8827,2.33415216,-76.6893,-15.54854784,-92.23784784
301,5.8643,23.738,13.3132,0.0,0.0,0.0,-2.8317,40.1886,8.6689,-166.5542,-17.7794,2.3469717599999997,-77.6129,-15.43242824,-93.04532823999999
302,11.6872,28.8494,9.3813,0.0,0.0,0.0,-2.1195,39.145,9.7341,-164.8366,-17.3747,2.35428912,-68.15910000000001,-15.02041088,-83.17951088000001
303,8.8378,22.3618,12.4288,0.0,0.0,0.0,-0.3806,40.517,11.1021,-170.6289,-17.4427,2.3162255999999997,-75.76199999999997,-15.1264744,-90.88847439999998
304,4.321,29.9336,17.5743,0.0,0.0,0.0,-1.2163,40.3482,11.305,-163.9574,-18.6865,2.3288500799999996,-61.691599999999994,-16.35764992,-78.04924992
305,5.9202,20.4393,17.717,0.0,0.0,0.0,-2.8794,41.638,11.0024,-173.9366,-15.5791,2.31487344,-80.0991,-13.26422656,-93.36332656
306,7.7019,30.9297,14.7573,0.0,0.0,0.0,-2.1949,40.9975,10.5768,-171.2134,-16.8991,2.3279968799999997,-68.4451,-14.57110312,-83.01620312
307,6.3393,24.7737,10.4007,0.0,0.0,0.0,-1.9061,40.1243,11.0255,-166.4614,-17.1855,2.3292972,-75.70400000000001,-14.856202800000002,-90.56020280000001
308,5.8111,25.8186,12.196,0.0,0.0,0.0,-1.9346,39.5798,9.371,-165.6371,-17.3798,2.32209432,-74.79520000000001,-15.05770568,-89.85290568
309,7.7214,27.7174,12.3483,0.0,0.0,0.0,-2.8895,41.3677,11.0164,-169.8078,-17.4376,2.31198984,-72.52609999999999,-15.12561016,-87.65171016
310,8.3069,21.1031,12.9524,0.0,0.0,0.0,-2.525,41.1401,9.5506,-167.3377,-17.6291,2.32595856,-76.8096,-15.303141440000001,-92.11274144000001
311,5.9373,20.5047,12.2683,0.0,0.0,0.0,0.6731,40.422,10.9373,-168.2536,-16.6775,2.3001148799999998,-77.51090000000002,-14.37738512,-91.88828512000002
312,9.3122,24.7614,10.6857,0.0,0.0,0.0,-1.181,41.0512,9.6299,-168.1305,-18.3261,2.34177408,-73.87110000000001,-15.98432592,-89.85542592000002
313,8.0972,27.8622,9.6001,0.0,0.0,0.0,0.8667,38.4044,11.4839,-164.127,-17.4808,2.3357987999999996,-67.8125,-15.1450012,-82.9575012
314,3.2826,26.4814,10.4999,0.0,0.0,0.0,-0.7147,40.7748,10.0212,-167.0014,-17.3706,2.3102143199999996,-76.65619999999998,-15.06038568,-91.71658567999998
315,6.9858,24.3542,14.4435,0.0,0.0,0.0,-2.5055,40.7476,10.0822,-169.4209,-16.8746,2.34119376,-75.31309999999999,-14.533406240000001,-89.84650624
316,5.943,23.8249,14.0184,0.0,0.0,0.0,-2.6611,40.4736,9.3474,-166.5078,-17.7707,2.32141392,-75.5616,-15.449286080000002,-91.01088608
317,7.1459,23.1204,12.2164,0.0,0.0,0.0,-2.6414,39.5091,11.9401,-163.0438,-17.9829,2.33013528,-71.7533,-15.65276472,-87.40606472
318,8.3557,25.1272,13.2296,0.0,0.0,0.0,-1.9279,40.9259,9.358,-170.578,-17.0101,2.31705504,-75.5095,-14.693044960000002,-90.20254496
319,5.836,27.3626,12.7799,0.0,0.0,0.0,-1.8181,40.968,9.4204,-170.0915,-16.7374,2.3396652000000002,-75.5427,-14.3977348,-89.9404348
320,6.7702,19.8716,9.3375,0.0,0.0,0.0,-0.659,39.522,10.7123,-165.2928,-17.2072,2.3294707199999998,-79.7382,-14.87772928,-94.61592928
321,8.4302,21.4438,13.8349,0.0,0.0,0.0,-1.6188,39.9082,10.3685,-167.5053,-17.575,2.32579224,-75.13850000000001,-15.24920776,-90.38770776000001
322,5.5371,27.5002,16.9511,0.0,0.0,0.0,-1.7892,40.2554,9.8637,-169.7664,-16.4406,2.3413212,-71.44810000000001,-14.0992788,-85.54737880000002
323,5.4948,23.2577,15.1785,0.0,0.0,0.0,-3.0417,40.8701,9.3795,-169.4508,-17.5344,2.29778136,-78.31189999999998,-15.236618640000001,-93.54851863999998
324,12.2412,24.894,10.6579,0.0,0.0,0.0,-1.9283,39.385,9.314,-164.0751,-17.6169,2.34373968,-69.5113,-15.27316032,-84.78446032000001
325,3.5519,24.622,13.1229,0.0,0.0,0.0,-1.4431,41.5404,10.6272,-169.092,-17.7161,2.34165528,-77.07070000000002,-15.374444720000001,-92.44514472000002
326,9.5187,26.204,9.3942,0.0,0.0,0.0,-2.3395,41.6119,12.2026,-171.3401,-17.2081,2.3024232,-74.74820000000001,-14.905676800000002,-89.6538768
327,5.9475,24.8328,12.449,0.0,0.0,0.0,-2.8739,40.8994,11.2671,-168.1544,-17.3409,2.32308432,-75.63250000000002,-15.017815680000002,-90.65031568000002
328,5.4636,24.7123,10.1902,0.0,0.0,0.0,-3.0547,41.4074,9.9064,-168.4125,-17.7354,2.3288903999999997,-79.78729999999997,-15.4065096,-95.19380959999997
329,7.9948,26.0962,12.8467,0.0,0.0,0.0,-2.9052,40.4989,11.1611,-164.9444,-18.1259,2.32977312,-69.2519,-15.796126880000001,-85.04802688000001
330,4.9038,23.2412,16.2751,0.0,0.0,0.0,-1.1107,40.5473,9.0198,-167.8157,-17.3233,2.3298479999999997,-74.9392,-14.993452,-89.932652
331,12.5912,21.0095,12.1196,0.0,0.0,0.0,-1.7981,42.3256,9.839,-171.4155,-17.5002,2.3008931999999995,-75.3287,-15.1993068,-90.5280068
332,4.8755,20.8098,14.8711,0.0,0.0,0.0,-2.0139,41.0749,9.8968,-169.7309,-17.5453,2.32784064,-80.21669999999999,-15.217459360000001,-95.43415935999998
333,8.0653,25.7947,12.577,0.0,0.0,0.0,-2.2465,39.8805,9.2806,-165.0518,-18.416,2.33588016,-71.7002,-16.080119840000002,-87.78031983999999
334,3.5116,25.7081,6.9694,0.0,0.0,0.0,-2.3241,40.2686,10.7487,-165.9959,-17.3712,2.3366887199999997,-81.1136,-15.034511280000002,-96.14811128000001
335,9.0966,23.261,10.2908,0.0,0.0,0.0,-1.8109,40.4528,10.7558,-166.3769,-17.55,2.31820848,-74.33080000000001,-15.231791520000002,-89.56259152000001
336,7.7651,24.2829,12.1485,0.0,0.0,0.0,-1.4151,40.9661,11.6088,-170.9204,-16.2545,2.28941352,-75.5641,-13.96508648,-89.52918648
337,5.9103,24.114,12.5024,0.0,0.0,0.0,-1.4647,40.7901,9.7753,-167.507,-17.5055,2.3231599199999997,-75.8796,-15.182340080000001,-91.06194008
338,3.0712,23.5121,15.6215,0.0,0.0,0.0,-3.0824,42.4245,10.1426,-172.4075,-17.672,2.32888968,-80.718,-15.343110320000001,-96.06111032
339,5.5064,26.3194,11.3646,0.0,0.0,0.0,-2.4537,41.4318,11.7811,-171.7291,-16.6127,2.29594248,-77.7795,-14.31675752,-92.09625752000001
340,8.6061,22.4043,11.0749,0.0,0.0,0.0,-0.859,41.1131,10.0659,-170.6777,-16.4777,2.3256986399999997,-78.27239999999999,-14.15200136,-92.42440135999999
341,6.1567,23.5017,9.1526,0.0,0.0,0.0,-1.4738,39.5507,9.6286,-164.9806,-17.3691,2.33859312,-78.4641,-15.030506879999999,-93.49460688
342,7.2577,24.5453,12.1006,0.0,0.0,0.0,-1.9022,39.0949,11.7649,-165.7711,-17.6155,2.3341413600000003,-72.9099,-15.28135864,-88.19125863999999
343,8.1165,20.7844,12.4175,0.0,0.0,0.0,-0.6119,38.6711,9.2605,-162.0134,-17.3775,2.3314284,-73.37529999999998,-15.046071600000001,-88.42137159999999
344,4.2062,24.0617,14.5274,0.0,0.0,0.0,-2.2001,40.6921,10.1577,-168.7864,-16.5817,2.31668784,-77.34139999999998,-14.265012160000001,-91.60641215999998
345,4.4269,20.5923,16.9009,0.0,0.0,0.0,-2.9885,39.7022,9.6764,-164.6057,-17.9139,2.32206192,-76.2955,-15.591838080000002,-91.88733808
346,3.0144,25.0138,11.8141,0.0,0.0,0.0,-1.0333,41.2186,12.4139,-170.7646,-17.3423,2.32308072,-78.3231,-15.019219280000002,-93.34231928
347,5.5428,24.8233,13.5203,0.0,0.0,0.0,-2.3294,41.0973,9.1869,-170.5358,-16.5717,2.3220064799999998,-78.6946,-14.249693520000001,-92.94429352
348,4.4767,26.0268,14.3071,0.0,0.0,0.0,-2.2809,39.8964,9.7935,-166.3794,-16.8605,2.32617888,-74.15980000000002,-14.534321119999998,-88.69412112000002
349,4.3207,24.2827,14.9426,0.0,0.0,0.0,-2.9509,41.3783,10.0457,-169.1714,-17.8866,2.3179212,-77.15230000000001,-15.5686788,-92.72097880000001
350,7.7792,21.8314,10.0574,0.0,0.0,0.0,-2.912,40.5211,10.3024,-166.7529,-17.6569,2.33829144,-79.17340000000002,-15.318608560000001,-94.49200856000002
351,4.5753,29.1955,8.342,0.0,0.0,0.0,-2.752,40.4276,11.1648,-165.8137,-17.6559,2.35098864,-74.86050000000002,-15.304911359999998,-90.16541136000002
352,11.5732,17.5622,15.9725,0.0,0.0,0.0,-2.4756,40.7782,9.8781,-166.5131,-17.3684,2.31578496,-73.2245,-15.052615040000001,-88.27711504000001
353,4.6661,26.7241,13.6499,0.0,0.0,0.0,-1.3609,40.8572,10.7321,-168.1212,-17.0535,2.3461027199999998,-72.85269999999998,-14.70739728,-87.56009727999998
354,4.0129,22.0842,12.5189,0.0,0.0,0.0,-2.6627,40.9038,10.1211,-167.7634,-17.7994,2.33577504,-80.78519999999999,-15.463624959999999,-96.24882496
355,4.9442,26.3479,13.1858,0.0,0.0,0.0,-2.9796,41.1816,11.106,-168.7087,-16.5631,2.32177968,-74.9228,-14.241320319999998,-89.16412031999998
356,9.0989,27.0394,10.2997,0.0,0.0,0.0,-2.2313,41.2018,10.2091,-170.2977,-15.8607,2.3303678399999996,-74.68009999999998,-13.53033216,-88.21043215999998
357,5.8721,21.1736,12.5323,0.0,0.0,0.0,-2.7801,40.4729,10.6526,-166.4463,-17.8949,2.32326504,-78.52289999999999,-15.57163496,-94.09453496
358,5.7549,22.1017,15.8615,0.0,0.0,0.0,-2.2596,40.0806,9.6167,-165.0421,-17.5649,2.3227898399999996,-73.88630000000002,-15.242110160000003,-89.12841016000003
359,5.7752,24.6682,9.1405,0.0,0.0,0.0,-1.8928,39.911,11.0654,-165.207,-17.5623,2.33348976,-76.53949999999999,-15.228810240000001,-91.76831023999999
360,10.1403,23.579,15.882,0.0,0.0,0.0,-2.8265,40.6918,9.4658,-167.6609,-17.7375,2.3099176800000003,-70.7285,-15.42758232,-86.15608232
361,3.9437,31.9822,18.0307,0.0,0.0,0.0,-2.2108,39.9807,10.6711,-167.7132,-17.5744,2.33421768,-65.31560000000002,-15.24018232,-80.55578232000002
362,6.6142,26.4973,10.5915,0.0,0.0,0.0,-2.0814,40.7101,11.5126,-168.8248,-17.4247,2.3335812,-74.9805,-15.091118800000002,-90.07161880000001
363,8.1184,24.3113,12.3572,0.0,0.0,0.0,-2.8158,41.1675,10.3925,-169.5101,-16.7465,2.33432352,-75.979,-14.412176480000001,-90.39117648
364,11.374,24.5494,19.2523,0.0,0.0,0.0,-3.0987,41.2077,8.7083,-167.089,-18.194,2.31328512,-65.09599999999999,-15.88071488,-80.97671487999999
365,6.8876,22.5832,10.3696,0.0,0.0,0.0,-1.4292,39.3498,8.9768,-163.6829,-17.2803,2.32681608,-76.9451,-14.95348392,-91.89858392
366,8.1716,24.7606,11.9437,0.0,0.0,0.0,-2.4045,41.0037,9.2978,-167.8946,-17.302,2.3484787199999997,-75.1217,-14.95352128,-90.07522128
367,3.5789,24.4588,10.2222,0.0,0.0,0.0,-1.9219,39.9793,9.2978,-166.6864,-16.904,2.3253105599999997,-81.0713,-14.57868944,-95.64998943999998
368,3.8368,25.225,9.9502,0.0,0.0,0.0,-2.1187,40.0935,9.9365,-165.227,-18.1327,2.3431442399999995,-78.3037,-15.78955576,-94.09325576
369,4.5406,26.8665,8.3643,0.0,0.0,0.0,-2.4707,39.3475,9.6279,-164.3514,-16.5695,2.32341264,-78.07530000000001,-14.24608736,-92.32138736000002
370,7.832,20.011,12.7267,0.0,0.0,0.0,-2.1175,39.6344,10.8905,-166.6,-16.637,2.3273632799999997,-77.62289999999999,-14.30963672,-91.93253671999999
371,6.6815,26.8259,9.9484,0.0,0.0,0.0,-2.2999,41.0554,9.441,-170.1938,-16.6165,2.34337176,-78.54150000000001,-14.273128239999998,-92.81462824000002
372,6.2958,28.3864,11.6048,0.0,0.0,0.0,-1.9317,40.7507,10.6517,-166.9056,-17.8536,2.3277023999999997,-71.14789999999999,-15.5258976,-86.6737976
373,9.4456,21.9075,12.2218,0.0,0.0,0.0,-2.3133,41.0369,11.3561,-170.5004,-16.9388,2.28468744,-76.84580000000001,-14.654112560000002,-91.49991256000001
374,4.5684,28.4462,17.9152,0.0,0.0,0.0,-2.8357,42.1153,11.5214,-171.5498,-17.0493,2.311074,-69.81900000000002,-14.738226,-84.55722600000001
375,4.9484,23.7589,8.4491,0.0,0.0,0.0,-2.2405,41.0104,11.1881,-169.376,-17.2175,2.30575536,-82.2616,-14.911744640000002,-97.17334464
376,6.185,21.1551,11.7992,0.0,0.0,0.0,-2.5288,40.4096,9.1239,-169.287,-16.6474,2.33566488,-83.143,-14.311735120000002,-97.45473512000001
377,7.1195,24.9783,14.68,0.0,0.0,0.0,-2.3538,40.3873,10.3195,-165.9151,-17.7492,2.3307336000000003,-70.78429999999999,-15.418466399999998,-86.20276639999999
378,5.2876,25.3617,15.7427,0.0,0.0,0.0,-1.8319,40.383,11.3301,-168.498,-16.8868,2.32700184,-72.22479999999999,-14.559798160000001,-86.78459815999999
379,6.8217,22.853,15.8727,0.0,0.0,0.0,-2.68,40.7342,11.8621,-166.9423,-18.0612,2.32317576,-71.47859999999999,-15.73802424,-87.21662423999999
380,7.7927,23.3983,14.7942,0.0,0.0,0.0,-2.6453,41.2463,9.1217,-169.6973,-17.3585,2.33066952,-75.98940000000002,-15.027830479999999,-91.01723048000001
381,7.873,22.8733,11.6819,0.0,0.0,0.0,0.0573,40.126,10.0845,-166.0822,-16.8546,2.3234292,-73.38619999999999,-14.531170800000002,-87.91737079999999
382,11.5292,21.2054,15.6102,0.0,0.0,0.0,-2.6732,41.26,9.58,-169.4977,-17.1088,2.34673488,-72.98610000000001,-14.762065119999999,-87.74816512000001
383,5.0497,24.4821,13.3842,0.0,0.0,0.0,-2.0543,40.2597,10.0936,-166.1828,-17.9448,2.33411832,-74.9678,-15.61068168,-90.57848168
384,7.3603,25.8476,9.4785,0.0,0.0,0.0,-2.0803,41.6595,11.9664,-171.5715,-17.1909,2.3306846400000003,-77.33949999999999,-14.860215359999998,-92.19971535999998
385,8.2777,23.0724,11.2626,0.0,0.0,0.0,-2.8326,40.7783,10.4955,-167.2798,-17.5425,2.30606496,-76.2259,-15.23643504,-91.46233504
386,5.4067,27.1554,12.9153,0.0,0.0,0.0,-2.8927,41.1675,10.2813,-169.9979,-17.8287,2.33329824,-75.96439999999998,-15.495401760000002,-91.45980175999998
387,7.9504,26.1355,15.8272,0.0,0.0,0.0,-2.9456,40.6217,11.1423,-167.9326,-17.4689,2.32155072,-69.2011,-15.147349280000002,-84.34844928
388,8.6883,21.4892,21.8009,0.0,0.0,0.0,-1.4084,40.1982,10.0503,-167.7179,-17.2953,2.2977914399999997,-66.89939999999999,-14.997508560000002,-81.89690855999999
389,11.612,24.1752,15.8575,0.0,0.0,0.0,-3.1873,42.3954,9.9415,-173.1448,-17.1008,2.3217156,-72.3505,-14.779084399999999,-87.1295844
390,7.9044,22.3002,14.6108,0.0,0.0,0.0,-1.7616,40.7565,9.3791,-169.468,-16.7871,2.3240988,-76.2786,-14.463001199999999,-90.74160119999999
391,8.6937,29.0084,14.0659,0.0,0.0,0.0,-1.4789,42.5327,11.1015,-170.9566,-17.852,2.34125208,-67.03330000000001,-15.51074792,-82.54404792000001
392,6.9779,25.2574,14.6456,0.0,0.0,0.0,-2.7466,39.3318,9.5754,-163.5273,-18.3438,2.31914088,-70.48579999999998,-16.024659120000003,-86.51045911999998
393,4.6756,24.762,11.2801,0.0,0.0,0.0,-2.2448,39.8673,9.3326,-166.5329,-18.364,2.32531344,-78.8601,-16.038686560000002,-94.89878656
394,5.9435,23.5485,14.8385,0.0,0.0,0.0,-2.8681,41.1626,9.889,-169.9338,-17.1408,2.30980896,-77.4198,-14.830991039999999,-92.25079104
395,7.5921,24.0996,10.9958,0.0,0.0,0.0,-1.9715,41.2127,9.0136,-169.302,-17.5542,2.33847864,-78.3597,-15.215721360000002,-93.57542136
396,5.4586,25.9363,14.2887,0.0,0.0,0.0,-2.1635,40.5637,12.4999,-169.1221,-16.432,2.3152399200000002,-72.5384,-14.116760079999999,-86.65516008
397,7.9298,21.5099,15.8341,0.0,0.0,0.0,-2.1428,40.1514,10.71,-168.3904,-16.3191,2.3059836000000002,-74.398,-14.013116399999998,-88.41111639999998
398,5.5458,30.4435,14.9458,0.0,0.0,0.0,-3.1782,41.6811,10.3696,-169.5804,-18.51,2.3345236799999998,-69.77279999999999,-16.17547632,-85.94827631999999
399,6.6384,25.5759,12.316,0.0,0.0,0.0,-1.8702,40.2976,10.1547,-168.1305,-17.4285,2.31895296,-75.01809999999999,-15.109547039999999,-90.12764703999999
400,8.3492,27.4127,8.2592,0.0,0.0,0.0,-1.4169,40.6987,9.2038,-166.7689,-16.9962,2.33547552,-74.2622,-14.660724480000003,-88.92292448
401,5.8407,21.8565,10.5984,0.0,0.0,0.0,-2.1403,40.4691,10.329,-166.2807,-17.2859,2.3282272799999997,-79.32730000000001,-14.957672720000001,-94.28497272000001
402,7.4606,25.2325,12.0725,0.0,0.0,0.0,-1.768,41.1359,10.5029,-169.6188,-18.3926,2.3233420799999998,-74.9824,-16.069257920000002,-91.05165792
403,5.3362,20.1143,18.738,0.0,0.0,0.0,-2.6498,41.3909,9.728,-169.2945,-16.8425,2.32150752,-76.63690000000001,-14.52099248,-91.15789248000002
404,7.9862,29.7075,12.0374,0.0,0.0,0.0,-1.6025,39.5467,11.2989,-168.0467,-17.557,2.3151657599999997,-69.07249999999999,-15.24183424,-84.31433424
405,3.7007,23.7169,15.8319,0.0,0.0,0.0,-2.6032,41.3563,11.1211,-167.5608,-17.0956,2.31756552,-74.4371,-14.77803448,-89.21513448
406,10.3884,23.8323,10.2788,0.0,0.0,0.0,-2.3554,41.3832,9.4526,-169.729,-18.0385,2.34512064,-76.74910000000001,-15.693379359999998,-92.44247936000001
407,4.9342,28.4799,14.8087,0.0,0.0,0.0,-2.8939,42.3323,9.6495,-173.2534,-17.1017,2.32032456,-75.9427,-14.781375440000001,-90.72407544
408,7.3559,28.6382,12.9071,0.0,0.0,0.0,-2.6466,41.0674,9.9154,-169.7269,-17.9425,2.3075892,-72.48949999999999,-15.6349108,-88.12441079999999
409,9.2126,24.3471,12.4662,0.0,0.0,0.0,-2.5244,41.531,9.9363,-169.8453,-16.4323,2.31064344,-74.87650000000001,-14.121656560000002,-88.99815656
410,4.5794,24.3588,15.2516,0.0,0.0,0.0,-2.7183,42.306,11.0855,-172.0256,-18.0625,2.30814936,-77.1626,-15.75435064,-92.91695064
411,4.9108,22.8233,18.6282,0.0,0.0,0.0,-2.8508,40.5747,10.3582,-169.9138,-16.0493,2.31404688,-75.46940000000002,-13.73525312,-89.20465312000002
412,6.2372,24.6177,14.4565,0.0,0.0,0.0,-1.2952,40.6541,10.1762,-168.2943,-16.8713,2.30418216,-73.4478,-14.567117840000002,-88.01491784000001
413,8.4084,23.3102,10.5455,0.0,0.0,0.0,-2.0383,39.9001,9.2481,-163.8686,-17.896,2.35159848,-74.49459999999999,-15.544401520000001,-90.03900152
414,7.3699,23.8663,9.7867,0.0,0.0,0.0,-2.0052,39.3913,9.5931,-165.7229,-16.6729,2.3386752,-77.72080000000003,-14.334224799999998,-92.05502480000003
415,7.7589,19.663,15.9699,0.0,0.0,0.0,-1.2149,40.8927,10.3373,-169.7239,-16.4652,2.3180652,-76.31699999999998,-14.1471348,-90.46413479999997
416,7.4933,27.5947,13.2391,0.0,0.0,0.0,-1.3127,41.0271,8.1781,-168.4728,-19.3124,2.3535561599999997,-72.2532,-16.95884384,-89.21204384
417,3.9306,23.9592,15.0113,0.0,0.0,0.0,-2.524,39.9417,10.3935,-164.6691,-17.9167,2.30648976,-73.95679999999999,-15.610210239999999,-89.56701023999997
418,7.229,23.9111,10.53,0.0,0.0,0.0,-2.9357,39.9608,10.0016,-164.6568,-18.2527,2.33246736,-75.96000000000001,-15.920232640000002,-91.88023264000002
419,12.0084,18.6772,14.2745,0.0,0.0,0.0,-1.4749,40.3881,9.9178,-168.2552,-16.8594,2.33792928,-74.4641,-14.52147072,-88.98557072
420,11.5224,20.8339,18.2581,0.0,0.0,0.0,-2.5529,41.0245,9.8899,-170.0185,-16.5181,2.3052023999999998,-71.0426,-14.212897600000002,-85.2554976
421,6.6825,29.4318,14.3972,0.0,0.0,0.0,-2.9421,40.2161,9.7574,-167.0421,-17.194,2.32643232,-69.4992,-14.867567679999999,-84.36676768000001
422,10.8485,24.619,11.8637,0.0,0.0,0.0,-1.4994,41.7493,10.4655,-171.6668,-17.0864,2.3202071999999996,-73.6202,-14.766192800000002,-88.3863928
423,7.2511,23.7222,10.5573,0.0,0.0,0.0,-2.9137,40.8194,11.2162,-167.4815,-16.989,2.3001595200000002,-76.82900000000001,-14.68884048,-91.51784048000002
424,8.6877,23.1246,11.931,0.0,0.0,0.0,-2.9769,42.0135,9.9703,-170.8643,-18.0538,2.3356152,-78.1141,-15.7181848,-93.83228479999998
425,4.878,20.6804,10.7174,0.0,0.0,0.0,-2.903,40.6899,9.7935,-166.6766,-17.8111,2.3254487999999998,-82.8204,-15.4856512,-98.3060512
426,3.4418,28.2662,12.6866,0.0,0.0,0.0,-1.3786,42.0427,10.0689,-171.8595,-17.2214,2.3382741599999997,-76.73189999999998,-14.88312584,-91.61502583999999
427,4.598,22.2838,6.7657,0.0,0.0,0.0,-2.2455,39.9874,10.8989,-165.3335,-17.4026,2.33210016,-83.0452,-15.07049984,-98.11569984
428,6.8408,25.5595,13.2058,0.0,0.0,0.0,-2.0962,42.3781,10.2162,-170.1913,-17.7715,2.33083368,-74.0871,-15.44066632,-89.52776632000001
429,4.1515,21.4251,12.5675,0.0,0.0,0.0,-1.3341,39.7665,10.6159,-166.6795,-16.6058,2.316078,-79.48709999999998,-14.289721999999998,-93.77682199999998
430,4.8162,27.3961,14.4368,0.0,0.0,0.0,-2.8701,40.3141,9.3089,-168.2727,-16.5297,2.33483112,-74.8707,-14.194868879999998,-89.06556887999999
431,12.5737,24.9467,21.7133,0.0,0.0,0.0,-3.2179,42.0544,12.6394,-171.3851,-17.0495,2.2920170399999997,-60.6755,-14.757482959999999,-75.43298295999999
432,10.0425,21.7018,11.3425,0.0,0.0,0.0,-1.6202,40.2165,11.5419,-167.874,-17.6323,2.3247972,-74.649,-15.307502800000002,-89.9565028
433,5.2661,24.7777,12.9368,0.0,0.0,0.0,-2.4704,40.5082,9.875,-168.4831,-16.7002,2.3277556799999997,-77.58970000000001,-14.37244432,-91.96214432000001
434,5.3746,24.9387,17.5715,0.0,0.0,0.0,-2.8928,41.3123,11.2966,-170.7938,-17.8606,2.31788088,-73.19290000000001,-15.542719120000001,-88.73561912000001
435,6.776,23.7065,15.4635,0.0,0.0,0.0,-1.6963,39.9439,11.8455,-165.0871,-17.3183,2.34478224,-69.04799999999999,-14.97351776,-84.02151776
436,7.9681,22.2921,12.157,0.0,0.0,0.0,-2.6443,41.6838,10.6944,-170.5991,-16.7639,2.3032324799999997,-78.448,-14.46066752,-92.90866751999998
437,4.2777,22.716,13.7095,0.0,0.0,0.0,-2.6248,41.5097,10.5682,-169.0181,-17.9556,2.34279576,-78.8618,-15.612804240000001,-94.47460424
438,5.0809,19.9723,16.4915,0.0,0.0,0.0,-2.7317,41.4128,11.8864,-170.0225,-17.4821,2.30944896,-77.91030000000002,-15.172651039999998,-93.08295104000003
439,8.7125,22.8393,12.0434,0.0,0.0,0.0,-2.2406,40.3348,10.1405,-167.6693,-17.4495,2.34585648,-75.83939999999998,-15.10364352,-90.94304351999999
440,8.5876,22.4243,10.4554,0.0,0.0,0.0,-2.9084,41.6396,10.3618,-171.9175,-17.2667,2.33243352,-81.35719999999999,-14.93426648,-96.29146648
441,6.6844,22.1994,14.3783,0.0,0.0,0.0,-1.658,40.73,11.4955,-166.5083,-17.0749,2.3017111199999998,-72.67869999999999,-14.77318888,-87.45188888
442,4.1012,19.9739,13.9037,0.0,0.0,0.0,-2.9553,40.8946,9.281,-167.514,-17.2425,2.3341788,-82.31490000000001,-14.9083212,-97.2232212
443,7.0601,23.5445,9.8545,0.0,0.0,0.0,-1.9118,39.9932,10.7039,-166.3865,-17.9238,2.33749368,-77.1421,-15.58630632,-92.72840632
444,5.0436,25.9743,11.7393,0.0,0.0,0.0,-2.2117,41.4405,9.9548,-169.1484,-17.9017,2.33644392,-77.20760000000001,-15.565256080000001,-92.77285608000003
445,12.0222,28.4551,13.8425,0.0,0.0,0.0,-2.2818,40.0046,11.86,-163.7839,-17.3745,2.3304268799999996,-59.88129999999998,-15.044073120000002,-74.92537311999997
446,10.3704,31.9505,12.0316,0.0,0.0,0.0,-2.3632,40.923,11.6436,-171.1245,-16.1744,2.2930848,-66.5686,-13.8813152,-80.44991519999999
447,5.151,20.8305,14.795,0.0,0.0,0.0,-2.9657,40.4337,10.743,-165.9806,-17.4593,2.315772,-76.99310000000001,-15.143528,-92.13662800000002
448,5.8728,25.2435,12.5657,0.0,0.0,0.0,-2.1888,41.1467,9.8215,-167.7355,-17.8694,2.31333696,-75.27409999999999,-15.556063039999998,-90.83016303999999
449,4.8431,24.882,13.2217,0.0,0.0,0.0,-2.8585,40.5508,11.5387,-167.0304,-17.5277,2.33910936,-74.85259999999997,-15.18859064,-90.04119063999997
450,7.4497,24.988,10.5806,0.0,0.0,0.0,-2.353,40.4482,8.8742,-167.424,-18.1443,2.34235872,-77.43630000000002,-15.801941280000001,-93.23824128000001
451,7.5495,25.7035,14.7459,0.0,0.0,0.0,-2.6583,41.7074,10.7961,-171.4029,-15.6888,2.30673384,-73.55879999999999,-13.38206616,-86.94086615999998
452,8.1436,22.6546,12.0139,0.0,0.0,0.0,-2.738,40.9837,9.4184,-167.618,-17.738,2.3305651199999997,-77.14179999999999,-15.40743488,-92.54923487999999
453,5.9852,25.3112,12.9919,0.0,0.0,0.0,-2.2946,40.6534,11.6593,-164.6578,-18.4637,2.32276104,-70.35140000000001,-16.14093896,-86.49233896000001
454,5.8011,27.2445,9.364,0.0,0.0,0.0,-1.0869,40.0526,9.101,-164.5288,-18.1939,2.32496784,-74.0525,-15.86893216,-89.92143216
455,4.7494,23.2277,12.387,0.0,0.0,0.0,-2.7002,40.3245,9.8757,-166.4264,-18.5375,2.3353956,-78.56230000000001,-16.202104400000003,-94.76440440000002
456,8.5821,27.0436,14.4318,0.0,0.0,0.0,-2.8021,41.514,10.4106,-170.4831,-17.9408,2.32807464,-71.3031,-15.612725359999999,-86.91582536
457,5.262,25.8811,11.9433,0.0,0.0,0.0,-2.3129,39.73,9.6004,-164.1096,-18.2362,2.34127872,-74.00569999999999,-15.89492128,-89.90062127999998
458,7.4039,25.7505,11.7876,0.0,0.0,0.0,-2.239,39.0761,9.8253,-166.0328,-17.0352,2.3529477599999997,-74.42840000000001,-14.68225224,-89.11065224000001
459,8.0128,28.3326,13.9817,0.0,0.0,0.0,-2.986,41.5505,9.2592,-169.5198,-16.9153,2.32621056,-71.369,-14.589089439999999,-85.95808944000001
460,5.8946,20.7623,13.4936,0.0,0.0,0.0,-2.6106,39.4413,11.2326,-163.8543,-17.7189,2.31376464,-75.64049999999999,-15.405135360000001,-91.04563535999999
461,5.3846,23.8666,14.3224,0.0,0.0,0.0,-2.5803,40.0539,10.6684,-167.3059,-16.5153,2.30253912,-75.5903,-14.21276088,-89.80306087999999
462,5.0325,24.8792,14.1994,0.0,0.0,0.0,-1.0897,39.9735,12.0493,-167.5913,-17.5735,2.31628392,-72.54709999999999,-15.25721608,-87.80431607999998
463,8.2479,25.9288,11.1674,0.0,0.0,0.0,-1.7616,39.5041,9.9368,-164.1395,-17.9834,2.3161003200000003,-71.11609999999999,-15.66729968,-86.78339967999999
464,4.2496,21.2101,13.2791,0.0,0.0,0.0,-1.299,40.9567,10.1669,-167.4673,-17.7788,2.3368147199999996,-78.9039,-15.44198528,-94.34588528
465,9.0891,26.1864,11.1713,0.0,0.0,0.0,-2.5328,40.5364,9.6169,-166.8427,-18.3766,2.3495148,-72.7754,-16.0270852,-88.8024852
466,10.5476,26.8403,10.407,0.0,0.0,0.0,-2.0901,40.6171,8.9824,-168.2482,-17.3709,2.3457491999999998,-72.9439,-15.025150799999999,-87.96905079999999
467,4.9785,24.4687,11.0282,0.0,0.0,0.0,-2.7644,40.992,10.8982,-166.5774,-18.4872,2.3375534399999998,-76.9762,-16.14964656,-93.12584656000001
468,6.9867,19.6523,11.8818,0.0,0.0,0.0,-1.809,40.3776,9.6652,-167.1551,-17.5372,2.3215212,-80.4005,-15.2156788,-95.61617879999999
469,7.7938,24.6325,11.2797,0.0,0.0,0.0,-2.3072,40.3096,9.6196,-168.1131,-16.9212,2.3440895999999998,-76.7851,-14.577110399999999,-91.3622104
470,6.7068,20.6963,11.0359,0.0,0.0,0.0,-1.6464,40.1454,10.4647,-165.3462,-17.7034,2.3174013600000003,-77.9435,-15.385998639999999,-93.32949864
471,7.5266,23.6183,12.5313,0.0,0.0,0.0,-1.8547,40.6198,8.6728,-167.1543,-18.8692,2.34644832,-76.04020000000001,-16.52275168,-92.56295168000001
472,8.3997,22.1766,13.2841,0.0,0.0,0.0,-3.041,41.502,9.9469,-170.5159,-17.022,2.3296183200000002,-78.24759999999998,-14.692381679999999,-92.93998167999997
473,6.0576,29.3407,14.4015,0.0,0.0,0.0,-1.9049,41.905,10.3921,-171.4695,-16.613,2.30102208,-71.2775,-14.31197792,-85.58947792000001
474,7.1042,22.3986,15.9957,0.0,0.0,0.0,-3.1728,41.7645,11.2667,-169.7533,-18.5166,2.32665624,-74.39640000000001,-16.18994376,-90.58634376
475,7.2053,20.7383,12.3146,0.0,0.0,0.0,-0.2189,40.4932,10.9164,-169.5426,-17.2482,2.3061333599999996,-78.0937,-14.94206664,-93.03576663999999
476,4.2696,23.0679,19.5462,0.0,0.0,0.0,-1.0886,40.2552,11.3715,-168.1775,-17.2238,2.3184662400000002,-70.7557,-14.905333760000001,-85.66103376
477,6.2835,21.3648,16.2549,0.0,0.0,0.0,-3.0091,41.3628,10.1419,-168.4166,-17.9283,2.3146956,-76.0178,-15.6136044,-91.63140440000001
478,5.7679,24.6266,12.486,0.0,0.0,0.0,-2.1804,41.3645,10.0093,-169.4467,-19.1761,2.3272747199999997,-77.3728,-16.848825280000003,-94.22162528
479,4.6184,20.8159,15.557,0.0,0.0,0.0,-2.2829,41.1654,11.2922,-170.0283,-16.8576,2.3105843999999998,-78.8623,-14.547015600000002,-93.40931560000001
480,7.8812,25.0486,13.1583,0.0,0.0,0.0,-2.4963,41.3932,11.1171,-168.5544,-17.9906,2.3191884000000003,-72.45229999999998,-15.6714116,-88.12371159999998
481,7.3561,29.1048,10.5345,0.0,0.0,0.0,-1.5513,41.1197,8.954,-170.1539,-17.1165,2.3429483999999996,-74.63609999999997,-14.7735516,-89.40965159999998
482,8.2944,23.4769,12.5709,0.0,0.0,0.0,-2.6567,41.2991,9.0475,-168.3655,-17.8854,2.33714952,-76.3334,-15.54825048,-91.88165048
483,6.7665,28.4085,10.919,0.0,0.0,0.0,-2.5941,41.1899,9.2036,-168.968,-17.7912,2.31710688,-75.0746,-15.47409312,-90.54869312000001
484,4.1771,28.6995,10.0686,0.0,0.0,0.0,-2.6158,41.0468,9.8091,-166.9457,-18.1029,2.34395496,-75.76039999999999,-15.758945040000002,-91.51934503999999
485,6.539,25.3791,15.5608,0.0,0.0,0.0,-2.2559,40.222,9.3697,-167.354,-17.314,2.3501052,-72.53930000000001,-14.9638948,-87.50319480000002
486,7.2558,27.2048,13.7306,0.0,0.0,0.0,-2.7219,41.7672,11.6381,-171.8099,-16.957,2.3133132,-72.9353,-14.643686800000001,-87.57898680000001
487,5.6133,23.8964,10.2658,0.0,0.0,0.0,-1.2441,40.4998,9.7444,-169.4104,-16.9619,2.33257176,-80.63480000000001,-14.62932824,-95.26412824000002
488,6.3537,29.2354,10.8454,0.0,0.0,0.0,-2.7496,41.1606,9.5276,-168.536,-17.6435,2.33069112,-74.16290000000001,-15.312808879999999,-89.47570888000001
489,5.6172,26.6074,16.7374,0.0,0.0,0.0,-2.5024,41.1504,9.7958,-169.8648,-15.8708,2.3181285600000003,-72.45900000000002,-13.55267144,-86.01167144000001
490,5.6878,25.8051,9.4605,0.0,0.0,0.0,-1.9258,41.2191,11.3648,-168.33,-17.3646,2.3131584,-76.7185,-15.0514416,-91.7699416
491,10.2812,24.0426,16.4006,0.0,0.0,0.0,-1.7721,40.6394,11.2095,-169.6287,-17.3746,2.3060376000000002,-68.8275,-15.068562400000001,-83.8960624
492,4.0029,21.8744,12.7083,0.0,0.0,0.0,-2.4198,39.969,10.4686,-165.0114,-17.7181,2.3268578399999997,-78.40800000000002,-15.391242160000001,-93.79924216
493,9.2134,22.5836,8.9981,0.0,0.0,0.0,-1.9552,39.8247,10.1802,-164.7209,-17.5075,2.32906968,-75.8761,-15.17843032,-91.05453032
494,6.3475,26.0397,14.3051,0.0,0.0,0.0,-2.3482,40.1443,9.669,-166.631,-17.1095,2.32596216,-72.47359999999999,-14.783537840000001,-87.25713783999998
495,9.5106,24.3663,11.2314,0.0,0.0,0.0,-2.228,40.7458,9.4413,-167.7793,-17.1614,2.35593432,-74.7119,-14.805465680000001,-89.51736568
496,8.1617,24.2175,10.2355,0.0,0.0,0.0,-2.239,41.0307,9.0422,-167.3774,-18.9135,2.3671656000000003,-76.9288,-16.5463344,-93.47513439999999
497,7.5621,22.9153,16.039,0.0,0.0,0.0,-2.4469,41.1011,10.5402,-170.4835,-16.7543,2.3195124,-74.77269999999999,-14.4347876,-89.2074876
498,3.4469,31.6461,13.4177,0.0,0.0,0.0,-1.9761,41.7527,10.1198,-168.8527,-16.857,2.3324724,-70.44560000000001,-14.524527599999999,-84.97012760000001
499,5.4308,26.1614,12.3572,0.0,0.0,0.0,-1.6752,40.9734,11.9372,-171.8815,-17.0645,2.3004936,-76.69669999999998,-14.7640064,-91.46070639999998
500,12.0135,25.1359,13.4047,0.0,0.0,0.0,-3.0691,41.5066,13.0116,-170.8834,-16.9176,2.30958936,-68.88019999999999,-14.60801064,-83.48821063999999
501,4.9902,26.5155,10.7936,0.0,0.0,0.0,-2.5125,41.4082,10.8795,-170.0444,-17.8697,2.3305881599999996,-77.9699,-15.539111840000002,-93.50901183999999
502,8.5638,26.6951,11.4826,0.0,0.0,0.0,-2.2814,40.1532,7.7353,-166.5522,-17.8637,2.3570762399999996,-74.20360000000001,-15.506623760000002,-89.71022376000002
503,5.9932,23.6454,10.5401,0.0,0.0,0.0,-1.8033,40.1572,11.0326,-168.1905,-16.6648,2.3295384,-78.62529999999998,-14.335261599999999,-92.96056159999998
504,6.5938,23.9351,13.3789,0.0,0.0,0.0,-0.549,41.1796,12.0518,-168.2504,-17.9948,2.31143472,-71.66020000000002,-15.683365280000002,-87.34356528000002
505,4.9866,23.4859,7.4248,0.0,0.0,0.0,-1.6489,39.4461,10.2119,-164.7845,-17.1178,2.3043276,-80.8781,-14.813472399999998,-95.69157240000001
506,8.0884,22.4656,18.6541,0.0,0.0,0.0,-1.6667,40.4153,9.6701,-170.6918,-16.3329,2.32658136,-73.06499999999998,-14.006318639999998,-87.07131863999997
507,12.2753,21.5773,11.2514,0.0,0.0,0.0,-1.3776,40.7233,8.7461,-168.6616,-17.0574,2.32202664,-75.46579999999999,-14.73537336,-90.20117335999998
508,7.3755,30.9115,8.9729,0.0,0.0,0.0,-2.7238,41.568,8.8353,-171.731,-16.4487,2.35015848,-76.79159999999999,-14.098541519999998,-90.89014151999999
509,8.6884,26.1596,16.0305,0.0,0.0,0.0,-2.8152,41.8422,9.8032,-167.7165,-18.086,2.34950904,-68.00779999999999,-15.736490959999998,-83.74429095999999
510,4.7309,24.7225,10.3647,0.0,0.0,0.0,-1.6253,39.9223,11.0616,-165.1103,-17.4767,2.3405486399999997,-75.9336,-15.136151360000001,-91.06975136000001
511,8.2112,22.6094,10.5272,0.0,0.0,0.0,-2.162,40.8523,9.3895,-168.3267,-17.6106,2.32775208,-78.89909999999999,-15.282847920000002,-94.18194792
512,9.4698,27.1891,15.1189,0.0,0.0,0.0,-2.9021,41.8921,9.0864,-172.8939,-17.0819,2.3205333599999998,-73.03970000000001,-14.761366640000002,-87.80106664000002
513,5.0876,24.9801,14.9104,0.0,0.0,0.0,-2.2151,41.1675,11.7599,-170.4843,-17.0853,2.31878808,-74.7939,-14.76651192,-89.56041191999999
514,11.7524,23.9077,9.4855,0.0,0.0,0.0,-2.6892,41.0806,8.141,-167.3044,-17.5626,2.35309104,-75.62639999999998,-15.20950896,-90.83590895999998
515,7.8632,29.1065,10.2181,0.0,0.0,0.0,-2.6523,40.768,10.2953,-166.4804,-17.6394,2.32884864,-70.88159999999999,-15.310551359999998,-86.19215135999998
516,12.0201,22.0315,11.4534,0.0,0.0,0.0,-2.5662,40.726,10.6642,-165.1168,-18.4339,2.3580381599999996,-70.78780000000002,-16.07586184,-86.86366184000002
517,7.6044,23.9074,9.924,0.0,0.0,0.0,0.2967,40.887,12.6076,-167.5796,-17.6292,2.32435872,-72.35249999999999,-15.304841280000002,-87.65734127999998
518,5.1881,24.0071,12.841,0.0,0.0,0.0,-2.5382,41.3065,10.3716,-171.3765,-16.4509,2.3280321600000002,-80.20039999999999,-14.122867840000001,-94.32326783999999
519,5.7213,26.4835,7.7068,0.0,0.0,0.0,-0.704,38.7082,10.7783,-162.4542,-17.6612,2.33776296,-73.7601,-15.323437040000002,-89.08353704
520,5.2403,21.5955,14.174,0.0,0.0,0.0,-2.5709,40.3442,9.5114,-166.4323,-17.2294,2.32782048,-78.13780000000001,-14.901579519999999,-93.03937952000001
521,5.8579,27.522,10.4172,0.0,0.0,0.0,-2.1092,39.6217,11.2566,-164.0909,-18.4066,2.32974792,-71.52470000000001,-16.076852080000002,-87.60155208
522,6.7123,31.5542,14.9661,0.0,0.0,0.0,-3.0236,41.1103,11.5999,-170.6095,-17.1132,2.3326308,-67.6903,-14.780569199999999,-82.47086919999998
523,5.6526,24.1853,8.4284,0.0,0.0,0.0,-2.4634,42.0111,10.4385,-170.3071,-18.1598,2.33260056,-82.0546,-15.827199440000001,-97.88179944
524,6.6669,25.8397,15.5129,0.0,0.0,0.0,-3.2813,41.8412,9.2342,-169.6997,-18.1784,2.330982,-73.88610000000001,-15.847418,-89.733518
525,3.1726,24.4824,6.2315,0.0,0.0,0.0,-1.3465,39.9915,10.6686,-165.6596,-17.59,2.31635808,-82.45950000000002,-15.27364192,-97.73314192000002
526,6.6985,26.0578,13.4898,0.0,0.0,0.0,-2.3014,40.7832,10.4437,-169.137,-16.6114,2.3411232,-73.96539999999999,-14.2702768,-88.2356768
527,6.3021,23.0511,8.0121,0.0,0.0,0.0,-1.0957,41.8648,10.7049,-170.6377,-17.9193,2.32693992,-81.7984,-15.592360079999999,-97.39076008
528,5.3432,21.9325,13.6152,0.0,0.0,0.0,-2.7407,40.5183,9.7304,-166.445,-18.0963,2.34153936,-78.04609999999998,-15.754760639999999,-93.80086063999998
529,7.1724,26.8131,9.3034,0.0,0.0,0.0,-2.0483,41.2217,10.8377,-168.2631,-17.9144,2.33347752,-74.96310000000001,-15.58092248,-90.54402248000001
530,6.6086,25.5249,13.0027,0.0,0.0,0.0,-2.8549,40.7963,8.3686,-164.9971,-18.6098,2.34602496,-73.55089999999998,-16.26377504,-89.81467504
531,6.3185,27.0763,13.0537,0.0,0.0,0.0,-1.6725,40.854,9.3497,-170.4055,-18.5472,2.32094016,-75.4258,-16.22625984,-91.65205983999999
532,3.2182,26.5419,9.4301,0.0,0.0,0.0,-1.4079,40.7921,11.5231,-168.2447,-16.5033,2.31231312,-78.1472,-14.190986879999999,-92.33818688
533,4.1686,25.0427,10.4669,0.0,0.0,0.0,-2.813,40.2842,9.9706,-166.1148,-17.7982,2.3409972,-78.9948,-15.457202800000001,-94.4520028
534,8.6628,29.9388,16.4725,0.0,0.0,0.0,-2.8498,42.3198,13.1379,-174.9678,-16.6987,2.3003942399999997,-67.28580000000001,-14.39830576,-81.68410576000001
535,4.7802,25.8017,17.9119,0.0,0.0,0.0,-2.9067,40.8878,10.7513,-168.8671,-17.3477,2.3385096,-71.6409,-15.0091904,-86.65009040000001
536,5.2793,25.5549,10.4707,0.0,0.0,0.0,-2.8756,39.8452,9.6195,-164.1941,-17.9584,2.34060336,-76.30009999999999,-15.617796640000002,-91.91789663999998
537,3.535,26.295,12.3397,0.0,0.0,0.0,-2.1731,40.2242,10.2723,-165.633,-18.689,2.32089264,-75.1399,-16.36810736,-91.50800736000001
538,6.3957,26.9831,13.796,0.0,0.0,0.0,-1.5917,41.3091,10.3598,-171.8891,-16.9175,2.32410024,-74.6371,-14.59339976,-89.23049976000001
539,10.7623,24.9709,13.5641,0.0,0.0,0.0,-0.1374,38.5558,9.6476,-165.2257,-17.8926,2.33743104,-67.8624,-15.555168960000001,-83.41756896
540,8.567,26.6184,10.6937,0.0,0.0,0.0,-2.6272,41.0314,9.7268,-169.6176,-16.3206,2.33947152,-75.60750000000002,-13.981128479999999,-89.58862848000001
541,7.6356,25.2456,13.9673,0.0,0.0,0.0,-1.4635,41.3777,10.6124,-170.1737,-17.2709,2.30555232,-72.79860000000001,-14.96534768,-87.76394768
542,5.1056,34.4216,13.6893,0.0,0.0,0.0,-3.0672,41.5835,9.8451,-169.3653,-18.6945,2.34376416,-67.78739999999999,-16.350735840000002,-84.13813583999999
543,11.2104,22.3503,10.597,0.0,0.0,0.0,-2.4729,40.9547,11.4833,-170.1329,-16.807,2.32139448,-76.01010000000001,-14.485605519999998,-90.49570552000002
544,4.5733,24.2226,11.3442,0.0,0.0,0.0,-2.3453,40.343,10.5317,-168.419,-17.1439,2.3199084,-79.74950000000001,-14.8239916,-94.57349160000001
545,4.6066,25.378,13.6776,0.0,0.0,0.0,-2.9833,40.6584,10.8713,-168.3909,-17.02,2.3243140799999997,-76.18229999999998,-14.695685919999999,-90.87798591999999
546,11.3107,29.415,14.9351,0.0,0.0,0.0,-2.8189,41.6901,8.8047,-173.719,-16.3939,2.3230799999999996,-70.38229999999999,-14.07082,-84.45311999999998
547,10.0056,23.9101,12.0447,0.0,0.0,0.0,-1.6671,39.8672,10.6471,-166.2183,-17.3649,2.33524368,-71.4107,-15.029656319999999,-86.44035631999999
548,6.0691,24.1633,12.1155,0.0,0.0,0.0,-2.5627,40.1378,10.6403,-166.5945,-18.1022,2.32348536,-76.03120000000001,-15.77871464,-91.80991464
549,10.2354,28.3067,8.5615,0.0,0.0,0.0,-2.1487,40.6256,8.8921,-168.0998,-17.8477,2.35800864,-73.62719999999999,-15.48969136,-89.11689136
550,5.9924,22.477,11.4723,0.0,0.0,0.0,-1.2824,39.4292,10.5974,-166.5764,-17.6572,2.334618,-77.8905,-15.322582,-93.213082
551,8.8668,28.8757,15.2078,0.0,0.0,0.0,-2.6288,41.7908,10.0787,-172.3316,-17.0037,2.34376632,-70.1406,-14.659933679999998,-84.80053368
552,7.059,21.1857,8.9214,0.0,0.0,0.0,0.0382,39.5925,10.3679,-165.2862,-17.174,2.3394527999999997,-78.1215,-14.8345472,-92.9560472
553,5.3215,23.2488,13.0637,0.0,0.0,0.0,-2.6981,40.9013,10.8689,-168.3972,-17.4035,2.30905872,-77.6911,-15.094441280000002,-92.78554128000002
554,5.4334,21.6203,12.5318,0.0,0.0,0.0,-2.2744,41.4463,10.6372,-169.2613,-18.3146,2.34932472,-79.86670000000001,-15.965275279999998,-95.83197528000001
555,5.2193,23.5381,14.5188,0.0,0.0,0.0,-2.2607,40.7607,10.9177,-168.6568,-16.9699,2.31599376,-75.9629,-14.65390624,-90.61680624
556,4.2433,22.6657,11.9782,0.0,0.0,0.0,-0.5599,39.9632,9.6865,-167.7108,-16.5227,2.3161276799999997,-79.7338,-14.206572320000001,-93.94037232000001
557,5.8147,19.8969,18.1872,0.0,0.0,0.0,-2.5716,40.1414,10.8928,-166.5937,-17.0899,2.31811992,-74.23230000000004,-14.77178008,-89.00408008000004
558,4.1954,25.2123,8.7669,0.0,0.0,0.0,-0.9887,40.3368,11.8935,-165.6838,-17.2179,2.30819832,-76.2676,-14.909701680000001,-91.17730168
559,3.9811,24.965,10.9639,0.0,0.0,0.0,-2.0359,41.9354,11.0854,-171.5856,-17.3525,2.32485552,-80.69069999999999,-15.02764448,-95.71834447999998
560,7.4217,21.9939,10.8214,0.0,0.0,0.0,-1.9312,40.32,10.4003,-167.4818,-16.7598,2.3208415199999997,-78.4557,-14.438958479999998,-92.89465847999999
561,5.1465,22.8374,15.6115,0.0,0.0,0.0,-2.4885,40.5025,9.5339,-166.0339,-18.0317,2.33266248,-74.89059999999999,-15.699037520000001,-90.58963752
562,5.0451,23.8291,13.1427,0.0,0.0,0.0,-2.2328,39.5659,9.7865,-164.4732,-17.5789,2.32643808,-75.3367,-15.252461920000002,-90.58916192
563,5.9491,25.5188,10.6363,0.0,0.0,0.0,-2.2351,41.2297,9.3673,-168.7657,-17.2204,2.33453448,-78.29960000000001,-14.885865520000001,-93.18546552000001
564,6.4404,23.282,14.8315,0.0,0.0,0.0,-2.9849,40.8928,9.8762,-166.8208,-18.1718,2.33921376,-74.4828,-15.832586240000001,-90.31538624000001
565,3.5161,24.2749,8.1115,0.0,0.0,0.0,-1.5601,40.1617,10.3539,-164.8319,-18.5257,2.33089272,-79.9739,-16.19480728,-96.16870728
566,8.0455,26.7677,11.4473,0.0,0.0,0.0,-2.3973,41.8934,10.761,-171.249,-17.6022,2.33606016,-74.73140000000001,-15.26613984,-89.99753984
567,6.6147,23.9909,14.7701,0.0,0.0,0.0,-3.0353,40.9282,10.5756,-169.0089,-17.1641,2.32380144,-75.16470000000002,-14.84029856,-90.00499856000003
568,5.003,22.6276,9.8884,0.0,0.0,0.0,-0.8321,39.8269,11.7695,-165.4624,-17.3922,2.31152112,-77.1791,-15.080678879999999,-92.25977888000001
569,10.9209,24.5771,13.7358,0.0,0.0,0.0,-1.8225,41.838,10.6927,-171.2031,-17.7332,2.31826896,-71.2611,-15.414931039999999,-86.67603104
570,7.8694,24.4052,16.6111,0.0,0.0,0.0,-2.9453,40.0195,9.9012,-165.0059,-18.1013,2.3413816799999996,-69.14479999999999,-15.759918319999999,-84.90471831999999
571,7.6954,21.2656,15.8314,0.0,0.0,0.0,-2.1917,39.7065,10.7209,-165.4546,-18.5295,2.3321131200000003,-72.4265,-16.19738688,-88.62388688
572,4.2625,27.1065,9.2956,0.0,0.0,0.0,-1.3655,40.7003,10.2786,-168.6783,-17.3217,2.33040744,-78.4003,-14.99129256,-93.39159256
573,4.7424,24.9232,11.6714,0.0,0.0,0.0,-2.1481,40.9763,9.7493,-168.4368,-17.7358,2.3378615999999997,-78.5223,-15.397938400000001,-93.9202384
574,7.9228,21.0036,15.422,0.0,0.0,0.0,-2.76,41.4017,10.3588,-170.463,-17.1091,2.3048531999999997,-77.1141,-14.804246800000001,-91.9183468
575,8.0348,22.3577,16.7516,0.0,0.0,0.0,-1.0726,39.9945,10.3865,-166.3616,-16.4565,2.3310266399999997,-69.90910000000001,-14.125473359999999,-84.03457336
576,11.6271,22.2351,12.7752,0.0,0.0,0.0,-1.649,39.5911,8.855,-165.717,-18.1823,2.3360292,-72.28250000000001,-15.846270800000001,-88.12877080000001
577,8.9441,22.8289,10.7815,0.0,0.0,0.0,-2.7182,40.4101,9.2398,-165.6322,-19.0563,2.3725994399999997,-76.14600000000002,-16.683700560000002,-92.82970056
578,6.9465,24.4479,16.793,0.0,0.0,0.0,-1.624,40.8836,9.5741,-169.7009,-17.3774,2.3448492,-72.67979999999999,-15.032550800000001,-87.7123508
579,6.2626,24.8362,11.3923,0.0,0.0,0.0,-2.676,40.2072,9.5948,-165.4827,-18.0048,2.34227232,-75.8656,-15.66252768,-91.52812768
580,5.5701,18.7366,17.6553,0.0,0.0,0.0,-2.7744,39.7586,8.7859,-165.7507,-17.8247,2.31651504,-78.01859999999999,-15.50818496,-93.52678496
581,3.338,24.9688,9.94,0.0,0.0,0.0,-2.6312,40.8823,8.9951,-167.0006,-18.3159,2.32747848,-81.5076,-15.98842152,-97.49602152
582,3.9765,24.5055,14.7291,0.0,0.0,0.0,-2.3751,40.7389,10.7055,-168.3354,-16.6943,2.30001048,-76.05499999999999,-14.394289519999997,-90.44928952
583,8.59,27.0736,9.1614,0.0,0.0,0.0,-1.9281,40.5937,10.4061,-167.6491,-17.5373,2.33408952,-73.75240000000001,-15.20321048,-88.95561048
584,8.6924,27.8777,11.9606,0.0,0.0,0.0,-2.0058,40.9084,11.1769,-168.9598,-16.8271,2.3172696,-70.3496,-14.509830400000002,-84.8594304
585,9.4564,23.0041,13.7277,0.0,0.0,0.0,-2.2695,40.2027,9.526,-165.7207,-18.7987,2.3704668,-72.0733,-16.4282332,-88.5015332
586,6.3576,22.5414,12.6311,0.0,0.0,0.0,-1.8627,39.0737,8.9092,-163.751,-18.1597,2.35927296,-76.10069999999999,-15.80042704,-91.90112703999999
587,7.0432,23.0788,9.2567,0.0,0.0,0.0,-2.0997,40.6819,10.2342,-168.6136,-16.6509,2.32202952,-80.41849999999998,-14.328870479999999,-94.74737047999997
588,5.5036,26.2223,10.1897,0.0,0.0,0.0,-1.7414,41.2248,9.7095,-168.8522,-19.3565,2.340036,-77.7437,-17.016464,-94.760164
589,6.342,27.0713,12.1973,0.0,0.0,0.0,-2.6427,40.4365,9.3913,-167.664,-17.7051,2.34565632,-74.86829999999998,-15.359443680000002,-90.22774367999997
590,9.8762,27.2679,12.0908,0.0,0.0,0.0,-2.0856,41.0783,8.8846,-172.8772,-16.3387,2.3368068,-75.76499999999999,-14.0018932,-89.76689319999998
591,4.7621,28.5349,14.3749,0.0,0.0,0.0,-2.5299,42.796,10.1157,-170.5158,-19.3072,2.33612856,-72.46210000000002,-16.971071440000003,-89.43317144000001
592,4.7692,28.8144,12.6295,0.0,0.0,0.0,-0.9121,40.9335,11.6676,-169.8378,-16.8544,2.3196384,-71.9357,-14.534761599999998,-86.4704616
593,6.1163,22.9977,13.629,0.0,0.0,0.0,-3.0354,40.6683,10.8324,-168.4633,-17.493,2.3285016,-77.255,-15.1644984,-92.4194984
594,9.8325,24.7644,15.38,0.0,0.0,0.0,-2.9896,42.9176,11.4846,-174.249,-17.4045,2.2935787199999997,-72.8595,-15.11092128,-87.97042128
595,6.2272,25.7157,12.654,0.0,0.0,0.0,-3.0883,41.5361,12.376,-169.7167,-16.979,2.33776656,-74.29599999999999,-14.641233439999999,-88.93723343999999
596,10.4163,29.3011,12.903,0.0,0.0,0.0,-2.3108,40.2924,8.4467,-168.9742,-16.0567,2.3495889599999997,-69.9255,-13.70711104,-83.63261104
597,9.547,25.8344,8.1313,0.0,0.0,0.0,-2.725,40.7745,9.8584,-168.7696,-16.4793,2.33399664,-77.349,-14.145303359999998,-91.49430336
598,4.2356,30.4711,15.7202,0.0,0.0,0.0,-2.9291,41.139,9.5156,-170.5139,-17.264,2.33855568,-72.3615,-14.92544432,-87.28694432
599,5.9442,23.4484,11.0186,0.0,0.0,0.0,-2.6738,40.271,10.5209,-166.6076,-17.2091,2.3206211999999997,-78.0783,-14.8884788,-92.96677879999999
600,4.1281,21.4623,9.0709,0.0,0.0,0.0,-2.0765,40.0592,10.1582,-165.0743,-17.5028,2.3179032,-82.2721,-15.1848968,-97.4569968
601,6.0381,27.806,9.8485,0.0,0.0,0.0,-2.1039,41.7262,9.2289,-170.9353,-17.437,2.32401312,-78.39150000000002,-15.112986880000001,-93.50448688000002
602,4.7555,23.7555,16.2436,0.0,0.0,0.0,-2.5042,41.4599,10.3854,-168.9374,-17.605,2.31425208,-74.84169999999999,-15.290747920000001,-90.13244791999999
603,11.956,27.4892,10.9242,0.0,0.0,0.0,-2.6238,40.6069,8.1419,-168.4985,-17.5054,2.34114624,-72.00410000000002,-15.164253760000001,-87.16835376000003
604,3.5203,24.9051,10.334,0.0,0.0,0.0,-0.3286,40.3425,11.1104,-170.0801,-16.477,2.30918688,-80.19639999999998,-14.16781312,-94.36421311999999
605,6.8092,28.3424,12.9195,0.0,0.0,0.0,-1.223,40.1021,10.3678,-169.0997,-16.1557,2.32180704,-71.78170000000001,-13.83389296,-85.61559296000001
606,9.9985,26.0225,14.8157,0.0,0.0,0.0,-2.7182,40.6776,11.4447,-169.6307,-16.662,2.33074368,-69.3899,-14.33125632,-83.72115631999999
607,5.851,20.4715,12.8031,0.0,0.0,0.0,-2.8527,40.1425,8.7205,-165.0889,-17.4501,2.33730144,-79.95299999999999,-15.112798559999998,-95.06579855999999
608,3.267,21.0601,12.9442,0.0,0.0,0.0,0.1486,40.6008,11.1516,-167.8496,-17.1918,2.31563736,-78.6773,-14.87616264,-93.55346264
609,9.3059,26.2057,12.8803,0.0,0.0,0.0,-3.164,41.8634,10.4036,-170.3332,-18.0317,2.3232816,-72.83830000000002,-15.708418400000001,-88.54671840000002
610,3.633,24.3506,14.4334,0.0,0.0,0.0,-2.5977,41.3168,10.818,-169.023,-17.915,2.3364770399999997,-77.0689,-15.578522959999999,-92.64742296
611,7.6317,20.4915,14.4201,0.0,0.0,0.0,-3.125,41.2672,11.6,-170.5036,-16.9636,2.31277176,-78.21810000000002,-14.65082824,-92.86892824000002
612,9.9656,17.0887,17.7943,0.0,0.0,0.0,-2.5553,41.6005,9.6593,-170.3046,-17.4993,2.31286968,-76.7515,-15.186430320000001,-91.93793031999999
613,9.4247,30.0431,9.2465,0.0,0.0,0.0,-0.8865,41.6466,10.2567,-171.9555,-16.0286,2.30260392,-72.2244,-13.725996080000002,-85.95039608
614,3.7219,29.9544,10.7986,0.0,0.0,0.0,-2.004,41.577,10.8568,-170.6111,-16.1521,2.31981192,-75.7064,-13.832288080000001,-89.53868808
615,7.8205,23.2112,16.2995,0.0,0.0,0.0,-2.8917,41.2266,9.8268,-169.5418,-18.4837,2.3299214399999997,-74.04889999999999,-16.15377856,-90.20267855999998
616,9.6125,23.233,17.2686,0.0,0.0,0.0,-3.1098,41.8978,10.5493,-172.7568,-16.4714,2.34190944,-73.3054,-14.129490559999999,-87.43489056000001
617,5.0116,30.3219,10.3871,0.0,0.0,0.0,-1.5548,39.9912,10.8237,-167.7838,-17.0679,2.33442576,-72.8031,-14.733474240000001,-87.53657424000001
618,3.5666,27.4681,10.3418,0.0,0.0,0.0,-2.6253,41.3331,10.3368,-168.217,-17.6792,2.3331636,-77.79590000000002,-15.346036400000003,-93.14193640000002
619,17.451,25.2797,14.4304,0.0,0.0,0.0,-1.4107,41.7149,9.9204,-173.4797,-16.1831,2.313468,-66.09400000000001,-13.869632,-79.963632
620,5.2491,24.9562,15.2213,0.0,0.0,0.0,-2.9843,40.4921,11.1667,-165.4961,-17.9118,2.30978808,-71.395,-15.602011919999999,-86.99701191999999
621,5.7113,24.6308,15.4286,0.0,0.0,0.0,-1.8284,41.1284,9.7839,-170.1597,-16.283,2.3302979999999995,-75.30509999999998,-13.952702000000002,-89.25780199999998
622,7.8651,22.0414,17.7485,0.0,0.0,0.0,-2.5805,39.0119,10.7169,-164.5247,-18.5407,2.3081097600000002,-69.7214,-16.23259024,-85.95399024000001
623,8.6287,22.3498,12.0026,0.0,0.0,0.0,-2.5952,40.6471,10.6726,-166.8285,-17.745,2.31777936,-75.12289999999999,-15.427220640000002,-90.55012063999999
624,3.8053,26.0374,15.3601,0.0,0.0,0.0,-2.8778,40.7258,11.1079,-167.9155,-17.8528,2.3295996,-73.75680000000001,-15.523200399999999,-89.28000040000002
625,6.1803,24.3802,11.2618,0.0,0.0,0.0,-2.0563,41.0462,10.6718,-169.4198,-16.968,2.29972032,-77.93580000000001,-14.66827968,-92.60407968000001
626,9.1765,26.9117,12.1232,0.0,0.0,0.0,-2.4378,40.9863,9.8034,-168.7761,-17.8354,2.34139248,-72.21280000000003,-15.49400752,-87.70680752000004
627,7.4229,21.6676,14.0929,0.0,0.0,0.0,-2.5138,40.9532,11.9148,-167.8687,-18.3067,2.30763672,-74.33109999999998,-15.99906328,-90.33016327999997
628,10.3501,24.3774,11.2673,0.0,0.0,0.0,-2.4014,42.2014,11.118,-170.7291,-17.192,2.3195916,-73.8163,-14.872408400000001,-88.6887084
629,5.2226,25.6497,8.0262,0.0,0.0,0.0,-0.6802,39.858,11.1804,-165.428,-17.1945,2.3339786399999998,-76.17129999999999,-14.860521360000002,-91.03182136
630,6.7761,26.214,10.0829,0.0,0.0,0.0,-1.9706,40.3952,11.5481,-168.0026,-17.2394,2.31151968,-74.95689999999999,-14.92788032,-89.88478031999999
631,9.35,24.3466,12.5992,0.0,0.0,0.0,-3.0012,41.2709,11.8738,-168.5555,-17.056,2.3193756,-72.11619999999999,-14.7366244,-86.85282439999999
632,12.1078,25.9626,7.2833,0.0,0.0,0.0,-1.8033,39.6243,9.2347,-163.5014,-17.3075,2.33022024,-71.09199999999998,-14.977279760000002,-86.06927975999999
633,3.0882,25.363,8.3314,0.0,0.0,0.0,0.3165,39.696,10.3736,-166.3796,-16.7926,2.326122,-79.21090000000002,-14.466478,-93.67737800000003
634,4.8966,27.8284,12.4431,0.0,0.0,0.0,-2.9885,40.9202,10.0454,-169.9382,-17.3876,2.33365248,-76.79299999999999,-15.05394752,-91.84694752
635,4.9662,23.3223,8.2425,0.0,0.0,0.0,-2.2321,39.9078,10.6584,-165.9891,-16.3193,2.31162336,-81.12400000000001,-14.007676639999998,-95.13167664000001
636,4.4762,26.752,10.3865,0.0,0.0,0.0,-3.0789,40.4133,11.2359,-166.1047,-17.9485,2.3387666400000002,-75.9197,-15.60973336,-91.52943336
637,5.8555,25.3784,12.7089,0.0,0.0,0.0,-2.6682,40.7566,10.5096,-170.3999,-16.7238,2.32524864,-77.8591,-14.39855136,-92.25765136
638,6.5702,27.1227,13.4435,0.0,0.0,0.0,-3.1618,40.0279,10.8074,-165.0929,-17.9311,2.34030024,-70.28299999999999,-15.590799760000001,-85.87379975999998
639,9.5702,22.8138,16.4416,0.0,0.0,0.0,-2.7964,40.2462,10.3064,-166.3756,-18.5592,2.31236568,-69.79379999999999,-16.24683432,-86.04063432
640,5.0218,25.7604,14.8224,0.0,0.0,0.0,-2.9185,42.5361,9.3116,-171.4417,-17.6802,2.33854128,-76.90790000000001,-15.34165872,-92.24955872000001
641,4.7496,26.1119,8.4881,0.0,0.0,0.0,-1.2203,40.5459,11.5108,-167.9987,-16.5636,2.32292304,-77.81270000000002,-14.240676960000002,-92.05337696000001
642,5.8061,23.0895,12.6559,0.0,0.0,0.0,-2.8336,40.4303,11.6101,-167.4582,-17.6421,2.32917192,-76.6999,-15.312928079999999,-92.01282808
643,9.4342,27.1162,14.8039,0.0,0.0,0.0,-3.2394,41.3147,9.8857,-168.9205,-16.9223,2.33671392,-69.60520000000001,-14.585586079999999,-84.19078608000001
644,7.7995,21.4937,17.7935,0.0,0.0,0.0,-2.5732,40.5117,10.2465,-168.2165,-18.7786,2.3266569599999998,-72.9448,-16.45194304,-89.39674304
645,5.6816,27.992,14.169,0.0,0.0,0.0,-2.6353,40.3255,10.2395,-169.3888,-16.999,2.31966648,-73.6165,-14.679333519999998,-88.29583352
646,8.0118,23.8979,13.2527,0.0,0.0,0.0,-1.6359,40.4881,10.3266,-165.3919,-18.3715,2.32529472,-71.05069999999999,-16.046205280000002,-87.09690527999999
647,4.4684,23.652,11.3558,0.0,0.0,0.0,-2.6068,41.0755,11.2508,-170.6482,-16.7873,2.3013144,-81.45250000000001,-14.4859856,-95.93848560000002
648,6.4427,23.8733,11.7878,0.0,0.0,0.0,-2.3788,41.0892,10.1836,-168.5306,-17.4111,2.3253336,-77.5328,-15.0857664,-92.6185664
649,10.1786,24.0164,12.13,0.0,0.0,0.0,-2.3647,39.5938,9.8198,-164.8741,-17.7493,2.3408956799999996,-71.50019999999999,-15.408404320000002,-86.90860432
650,7.8094,27.6843,16.7584,0.0,0.0,0.0,-1.9427,41.6915,9.6088,-174.0446,-16.2301,2.30964552,-72.4349,-13.92045448,-86.35535447999999
651,4.7793,32.835,11.1063,0.0,0.0,0.0,-2.2447,42.253,10.7967,-175.5988,-16.5442,2.31974424,-76.07320000000001,-14.22445576,-90.29765576000001
652,6.1753,22.7141,12.3189,0.0,0.0,0.0,-2.9084,39.565,9.9659,-163.8785,-17.7193,2.3192071199999997,-76.0477,-15.40009288,-91.44779288000001
653,5.6969,23.6857,7.1263,0.0,0.0,0.0,-2.7969,41.1808,11.0712,-167.8578,-18.191,2.31688368,-81.8938,-15.874116319999999,-97.76791632
654,5.5553,27.6785,10.6266,0.0,0.0,0.0,-3.0194,41.0781,8.7069,-165.5238,-18.2723,2.36510856,-74.89779999999999,-15.907191440000002,-90.80499144
655,9.2077,25.0857,7.9692,0.0,0.0,0.0,-1.3091,39.9121,9.6072,-163.6647,-17.7966,2.33355456,-73.1919,-15.463045440000002,-88.65494544
656,10.5692,23.1172,12.6792,0.0,0.0,0.0,-2.1276,41.3283,10.4839,-169.4533,-16.2805,2.31575256,-73.40310000000001,-13.96474744,-87.36784744000002
657,6.8016,25.8292,13.1819,0.0,0.0,0.0,-2.9942,40.8262,9.3953,-168.6289,-16.8905,2.3346432,-75.58889999999998,-14.555856799999999,-90.14475679999998
658,8.1595,22.8758,12.7266,0.0,0.0,0.0,-2.9373,40.3569,9.8833,-167.0869,-17.6089,2.3270364,-76.02210000000001,-15.281863599999998,-91.3039636
659,7.2243,23.0874,13.4213,0.0,0.0,0.0,-2.8404,40.9118,9.7885,-168.1211,-17.1199,2.3327301599999997,-76.52820000000003,-14.78716984,-91.31536984000003
660,5.1652,24.3746,14.0182,0.0,0.0,0.0,-2.9458,39.563,10.0569,-164.2156,-17.2792,2.3400561599999996,-73.98349999999999,-14.93914384,-88.92264383999999
661,8.9547,25.4572,15.3248,0.0,0.0,0.0,-2.8774,40.1184,8.7655,-165.1237,-18.3713,2.36104488,-69.38050000000001,-16.01025512,-85.39075512000002
662,10.4286,25.4914,7.1789,0.0,0.0,0.0,-1.7269,41.0945,8.6598,-167.6573,-17.5028,2.31755472,-76.53099999999999,-15.18524528,-91.71624527999998
663,5.8049,26.58,12.1261,0.0,0.0,0.0,-2.211,40.6248,8.269,-168.1168,-17.561,2.3560552799999996,-76.923,-15.20494472,-92.12794472000002
664,7.6217,21.5398,10.3737,0.0,0.0,0.0,-1.6712,40.3251,9.2105,-167.083,-17.4137,2.32049592,-79.6834,-15.09320408,-94.77660408000001
665,6.4556,22.1126,11.9786,0.0,0.0,0.0,-2.6889,40.5922,9.318,-166.8343,-17.7944,2.34810432,-79.06620000000001,-15.446295679999999,-94.51249568
666,5.0839,23.3587,18.0073,0.0,0.0,0.0,-3.0347,41.0567,9.8418,-168.4652,-17.5987,2.32074216,-74.1515,-15.277957840000001,-89.42945784000001
667,12.762,23.8839,13.7777,0.0,0.0,0.0,-3.0207,40.6924,8.9776,-168.3531,-19.1291,2.3504090399999997,-71.28020000000002,-16.778690960000002,-88.05889096000003
668,6.4485,27.8631,10.8442,0.0,0.0,0.0,-2.6058,39.752,9.3547,-166.4908,-16.9185,2.3291366399999998,-74.83410000000002,-14.589363360000002,-89.42346336000003
669,4.9078,24.156,11.7335,0.0,0.0,0.0,-2.319,39.8903,10.145,-167.1596,-16.4221,2.3234644799999997,-78.64600000000002,-14.09863552,-92.74463552000002
670,7.4406,21.2956,13.9993,0.0,0.0,0.0,-1.8934,39.7542,9.2289,-166.5019,-17.2332,2.35038744,-76.67670000000001,-14.88281256,-91.55951256
671,9.2404,21.908,10.7588,0.0,0.0,0.0,-1.1893,39.949,10.1264,-169.1605,-16.2918,2.30952096,-78.36720000000001,-13.982279039999998,-92.34947904
672,5.9948,27.0831,10.9038,0.0,0.0,0.0,-2.6202,41.1402,10.3925,-170.1439,-17.1693,2.3306090399999997,-77.2497,-14.838690960000001,-92.08839096000001
673,2.0268,25.2431,15.2662,0.0,0.0,0.0,-2.9155,40.6411,10.3036,-168.4032,-17.6113,2.3304924000000002,-77.8379,-15.2808076,-93.11870760000001
674,4.2308,23.4493,8.4298,0.0,0.0,0.0,-2.4766,39.7203,8.7515,-165.7826,-18.5249,2.33868672,-83.67750000000001,-16.186213279999997,-99.86371328000001
675,5.0857,22.8135,16.4783,0.0,0.0,0.0,-2.8277,40.4583,10.1621,-166.5188,-17.464,2.34001296,-74.3486,-15.12398704,-89.47258704000001
676,5.0589,19.8212,9.429,0.0,0.0,0.0,-2.8629,40.7902,9.5027,-165.7482,-17.9613,2.33597088,-84.00909999999999,-15.625329120000002,-99.63442911999998
677,5.9425,25.8213,11.8941,0.0,0.0,0.0,-2.1378,40.8856,9.4989,-168.2959,-17.5344,2.34370944,-76.39129999999999,-15.190690560000002,-91.58199056
678,9.9982,24.0735,12.3812,0.0,0.0,0.0,-3.0574,41.1865,8.5731,-167.7927,-17.9732,2.341206,-74.6376,-15.631993999999999,-90.26959400000001
679,9.5828,22.5752,13.4608,0.0,0.0,0.0,-2.1228,39.2804,9.0869,-164.9305,-18.2171,2.33135712,-73.0672,-15.885742879999999,-88.95294288
680,7.9895,30.0862,13.7428,0.0,0.0,0.0,-2.6926,41.2528,10.1497,-171.1863,-16.8118,2.3292108000000002,-70.65789999999998,-14.482589200000001,-85.14048919999999
681,7.029,25.2864,13.7503,0.0,0.0,0.0,-2.409,41.5159,9.2946,-170.3455,-16.9268,2.3352724799999995,-75.8783,-14.59152752,-90.46982752
682,3.9202,31.2685,13.5222,0.0,0.0,0.0,-2.3048,42.0643,10.6929,-171.7546,-17.4242,2.33363448,-72.59130000000002,-15.090565519999998,-87.68186552000002
683,6.5997,24.6755,12.7204,0.0,0.0,0.0,-2.3099,41.8518,9.0318,-171.0442,-16.6613,2.32547256,-78.47489999999999,-14.335827440000001,-92.81072744
684,7.7246,22.2908,9.6129,0.0,0.0,0.0,-2.3563,40.4401,10.9929,-167.3686,-18.3538,2.3242464,-78.66359999999999,-16.0295536,-94.69315359999999
685,7.8449,25.7425,7.393,0.0,0.0,0.0,-0.5298,39.1106,9.449,-162.9782,-17.4512,2.35216152,-73.96799999999999,-15.09903848,-89.06703848
686,5.0482,27.4361,16.9294,0.0,0.0,0.0,-2.3717,41.3332,9.601,-173.1459,-16.5911,2.3355784799999997,-75.1697,-14.255521520000002,-89.42522152000001
687,4.5758,22.7905,11.1656,0.0,0.0,0.0,-2.2373,40.0594,10.401,-163.9299,-17.686,2.35578312,-77.17490000000001,-15.33021688,-92.50511688000002
688,9.6572,23.6669,14.6981,0.0,0.0,0.0,-2.846,40.6403,12.2024,-166.8561,-17.2235,2.303478,-68.83720000000001,-14.920022000000001,-83.75722200000001
689,3.4999,26.8779,13.3091,0.0,0.0,0.0,-3.1667,41.0802,10.863,-167.3721,-18.3696,2.3258073599999998,-74.90869999999998,-16.04379264,-90.95249263999997
690,2.6522,29.6509,15.8436,0.0,0.0,0.0,-3.126,41.4113,10.4257,-171.2271,-17.5035,2.30322384,-74.3694,-15.20027616,-89.56967616
691,9.1492,24.9345,10.3953,0.0,0.0,0.0,-2.4494,40.8298,8.7822,-169.2529,-17.156,2.3457686399999997,-77.61130000000001,-14.81023136,-92.42153136
692,5.6441,23.7883,11.1538,0.0,0.0,0.0,-2.7913,40.6204,9.4547,-166.4818,-17.6982,2.33694,-78.61179999999999,-15.36126,-93.97305999999999
693,5.4903,24.9416,9.2048,0.0,0.0,0.0,-2.5549,39.3798,8.6993,-164.1723,-17.5306,2.33550792,-79.01140000000001,-15.19509208,-94.20649208
694,5.5687,22.3811,9.2984,0.0,0.0,0.0,-1.8304,39.5486,10.13,-164.9354,-18.6696,2.3185375199999996,-79.839,-16.35106248,-96.19006248
695,6.7733,25.462,13.2689,0.0,0.0,0.0,-2.4009,41.5725,11.7251,-168.4311,-17.5477,2.30050512,-72.03019999999998,-15.247194879999999,-87.27739487999997
696,5.4572,21.7867,9.9902,0.0,0.0,0.0,-1.3753,39.5901,8.9983,-165.4257,-17.6553,2.3548924799999997,-80.97850000000001,-15.30040752,-96.27890752
697,6.3628,25.5112,13.5261,0.0,0.0,0.0,-2.0559,41.2775,10.6352,-167.6239,-18.0265,2.3386284,-72.36699999999999,-15.687871599999998,-88.05487159999998
698,8.2232,23.6121,10.3621,0.0,0.0,0.0,-2.6027,41.6719,8.9487,-169.4438,-17.4691,2.3302872,-79.2285,-15.1388128,-94.3673128
699,2.885,24.3676,13.1948,0.0,0.0,0.0,-2.409,40.9313,10.788,-167.7041,-17.9125,2.3329425599999998,-77.94640000000001,-15.579557440000002,-93.52595744
700,7.2435,25.7344,9.7633,0.0,0.0,0.0,-2.8167,40.683,9.2308,-168.1308,-17.3967,2.33007336,-78.29249999999999,-15.066626639999999,-93.35912663999999
701,7.4111,24.3582,14.238,0.0,0.0,0.0,-2.1159,39.6979,8.9414,-165.8448,-18.4742,2.338704,-73.31409999999998,-16.135496,-89.44959599999999
702,7.7923,28.2792,10.7602,0.0,0.0,0.0,-2.9259,41.4249,8.607,-171.2113,-17.3995,2.33930808,-77.27359999999999,-15.06019192,-92.33379192
703,5.2886,30.313,14.8283,0.0,0.0,0.0,-3.0314,39.5647,9.8733,-167.1413,-16.427,2.31640992,-70.3048,-14.11059008,-84.41539008
704,7.4099,25.5518,12.9021,0.0,0.0,0.0,-1.5771,40.4752,12.3479,-169.7239,-16.2818,2.2968201599999998,-72.6141,-13.984979840000001,-86.59907984
705,5.7944,25.982,9.9312,0.0,0.0,0.0,-3.0208,40.1071,10.9221,-166.706,-17.4676,2.3058,-76.98999999999998,-15.161800000000001,-92.15179999999998
706,10.8021,25.6321,11.4322,0.0,0.0,0.0,-2.5982,41.2737,10.9389,-166.8118,-18.6535,2.3083020000000003,-69.331,-16.345198,-85.676198
707,5.7269,22.3911,9.0006,0.0,0.0,0.0,-1.1353,39.7105,10.5428,-165.0836,-18.0273,2.3381906399999997,-78.84699999999998,-15.68910936,-94.53610935999998
708,5.6528,23.4955,15.8252,0.0,0.0,0.0,-3.0042,40.9945,10.9919,-168.9183,-17.9417,2.3230850399999996,-74.96259999999998,-15.618614960000002,-90.58121495999998
709,8.6044,22.7825,19.1996,0.0,0.0,0.0,-2.1229,39.6537,9.9231,-166.3929,-17.177,2.31920352,-68.35249999999999,-14.85779648,-83.21029647999998
710,7.8796,25.5796,12.697,0.0,0.0,0.0,-1.8501,41.2435,10.0328,-170.2642,-17.3063,2.32021944,-74.6818,-14.986080560000001,-89.66788056
711,8.6448,26.514,6.3616,0.0,0.0,0.0,-1.888,41.39,10.7279,-167.9085,-18.5439,2.3314132799999996,-76.1582,-16.21248672,-92.37068672000001
712,4.809,29.9405,6.6375,0.0,0.0,0.0,-1.5726,40.7173,10.9991,-168.667,-16.9546,2.33639352,-77.1362,-14.61820648,-91.75440648
713,6.0318,23.2129,12.0819,0.0,0.0,0.0,-2.3615,41.2303,11.7966,-169.8049,-16.3165,2.3065862399999997,-77.8129,-14.009913760000002,-91.82281376
714,4.759,26.7084,13.0896,0.0,0.0,0.0,-2.8545,42.247,10.9966,-172.6998,-16.8885,2.3054652,-77.75370000000001,-14.5830348,-92.3367348
715,5.3552,28.964,9.2644,0.0,0.0,0.0,-2.2147,41.5484,11.989,-170.785,-16.1956,2.32704576,-75.8787,-13.868554239999998,-89.74725423999999
716,6.4099,22.3492,9.3964,0.0,0.0,0.0,-2.5479,41.4838,11.0539,-168.3345,-16.9503,2.3195404799999997,-80.18919999999999,-14.630759519999998,-94.81995951999998
717,8.3803,23.9194,10.3512,0.0,0.0,0.0,-2.6143,40.4177,11.0528,-167.9623,-17.2763,2.3198688,-76.45519999999999,-14.956431199999999,-91.41163119999999
718,11.7995,24.5888,8.4686,0.0,0.0,0.0,-2.6922,40.0054,7.9093,-164.6118,-17.2718,2.33943408,-74.53239999999998,-14.932365919999999,-89.46476591999998
719,7.3524,29.4809,11.6209,0.0,0.0,0.0,-2.3416,41.106,10.0945,-169.6289,-15.7273,2.31463656,-72.31579999999998,-13.41266344,-85.72846343999998
720,6.3447,22.0561,14.1752,0.0,0.0,0.0,-2.6083,40.5972,10.5688,-166.7157,-18.1972,2.3188896,-75.58200000000001,-15.878310399999998,-91.4603104
721,9.8488,25.3364,9.3122,0.0,0.0,0.0,-2.1517,41.4502,10.4589,-169.5112,-16.9661,2.33153496,-75.2564,-14.634565040000002,-89.89096504
722,6.9006,25.536,11.0001,0.0,0.0,0.0,-2.023,40.4517,10.0717,-168.8526,-16.9456,2.3181263999999997,-76.91550000000001,-14.627473599999998,-91.54297360000001
723,5.8209,30.1431,9.1106,0.0,0.0,0.0,-2.1244,39.2832,9.8804,-165.4869,-17.0705,2.3195196,-73.37310000000001,-14.7509804,-88.1240804
724,7.224,27.8885,13.7753,0.0,0.0,0.0,-2.1144,40.8513,11.2378,-170.2621,-17.9642,2.3429196,-71.39960000000002,-15.621280400000002,-87.02088040000002
725,5.6254,25.092,15.0278,0.0,0.0,0.0,-3.1863,40.3961,9.8078,-165.0656,-19.8678,2.34436104,-72.3028,-17.52343896,-89.82623896000001
726,5.756,30.0635,12.4798,0.0,0.0,0.0,-2.6738,40.8405,9.7215,-167.8629,-17.8194,2.32874424,-71.67539999999998,-15.490655760000003,-87.16605575999998
727,3.0039,25.8505,7.6231,0.0,0.0,0.0,-1.7138,40.5601,9.9066,-168.1966,-16.4575,2.31022368,-82.96619999999999,-14.14727632,-97.11347631999999
728,2.9606,25.8738,16.7686,0.0,0.0,0.0,-2.998,41.0577,10.3605,-167.6153,-17.4122,2.33313984,-73.59209999999999,-15.07906016,-88.67116015999999
729,5.2736,22.3954,7.286,0.0,0.0,0.0,-1.8986,40.3223,10.3449,-167.4934,-16.3213,2.32029864,-83.76980000000002,-14.00100136,-97.77080136000001
730,10.1392,25.3216,12.3029,0.0,0.0,0.0,-2.0983,39.9364,8.4213,-165.0478,-18.4626,2.36165472,-71.0247,-16.100945279999998,-87.12564527999999
731,6.7838,25.3448,14.0583,0.0,0.0,0.0,-3.1407,40.8085,10.6241,-166.1753,-17.8811,2.31640416,-71.6965,-15.56469584,-87.26119584
732,4.917,25.1414,8.4645,0.0,0.0,0.0,-2.1791,39.2866,10.2977,-164.6979,-17.4975,2.3516697599999996,-78.76979999999999,-15.145830239999999,-93.91563024
733,6.0566,23.5379,10.4566,0.0,0.0,0.0,-2.5294,40.0518,10.9437,-166.7977,-16.9053,2.3360795999999997,-78.28049999999999,-14.5692204,-92.84972039999998
734,9.0586,21.3653,11.144,0.0,0.0,0.0,-1.5628,39.777,10.1602,-166.6117,-16.591,2.3413931999999997,-76.66940000000001,-14.249606800000002,-90.9190068
735,7.4825,22.331,10.0992,0.0,0.0,0.0,-2.7345,40.7508,9.1303,-165.7831,-17.5456,2.33285112,-78.72379999999998,-15.21274888,-93.93654887999999
736,6.155,24.2278,16.9805,0.0,0.0,0.0,-2.7414,40.4486,10.5757,-166.2122,-18.7795,2.33637624,-70.566,-16.44312376,-87.00912376
737,10.5069,21.2895,15.2542,0.0,0.0,0.0,-2.8639,40.2485,10.2583,-166.9711,-17.98,2.3252544,-72.27759999999999,-15.6547456,-87.93234559999999
738,5.5739,22.3945,13.6194,0.0,0.0,0.0,-2.8351,40.6203,10.671,-166.9191,-17.4343,2.3304852,-76.87509999999997,-15.1038148,-91.97891479999998
739,8.6482,26.2379,13.045,0.0,0.0,0.0,-2.7839,41.4964,9.3036,-167.0798,-18.2555,2.3430535200000002,-71.13260000000001,-15.912446480000002,-87.04504648000001
740,11.7132,23.4902,18.1818,0.0,0.0,0.0,-2.7201,40.8904,9.8811,-167.4341,-18.6961,2.3436612,-65.9975,-16.3524388,-82.3499388
741,8.6613,25.2868,7.2002,0.0,0.0,0.0,-1.9413,39.9551,10.5747,-165.3685,-18.1595,2.32492968,-75.6317,-15.834570320000001,-91.46627032
742,6.9719,25.2127,10.161,0.0,0.0,0.0,0.8265,40.538,10.0843,-167.6217,-17.1965,2.32891776,-73.8273,-14.86758224,-88.69488224
743,8.9399,24.6213,8.2645,0.0,0.0,0.0,-0.7164,39.2494,11.0139,-166.0475,-17.2951,2.31428592,-74.67490000000001,-14.980814080000002,-89.65571408000001
744,4.7053,23.7015,10.7573,0.0,0.0,0.0,-0.546,39.2275,10.903,-164.0084,-17.1873,2.32475976,-75.25979999999998,-14.862540240000001,-90.12234023999997
745,7.3605,21.2546,12.9125,0.0,0.0,0.0,-2.0368,39.8748,11.3642,-166.1156,-16.969,2.30533632,-75.3858,-14.66366368,-90.04946368000002
746,7.3377,27.3696,10.2043,0.0,0.0,0.0,-2.0046,40.5386,9.3146,-169.5905,-16.8003,2.3048568,-76.8303,-14.4954432,-91.32574319999999
747,3.5343,25.6642,11.5877,0.0,0.0,0.0,-1.9055,40.0374,10.7632,-169.522,-16.0568,2.32454376,-79.84069999999998,-13.732256239999998,-93.57295623999998
748,5.5522,22.995,11.2138,0.0,0.0,0.0,-1.7007,40.3396,11.0247,-167.7196,-17.1477,2.3101408799999996,-78.29500000000002,-14.837559120000002,-93.13255912000001
749,4.9988,24.7952,13.5642,0.0,0.0,0.0,-1.4402,41.0314,12.9228,-170.4341,-17.0481,2.298654,-74.56190000000001,-14.749446000000002,-89.31134600000001
750,4.1012,28.672,7.0979,0.0,0.0,0.0,-2.3596,38.327,10.9507,-164.5378,-16.405,2.31280272,-77.7486,-14.09219728,-91.84079728
751,7.5399,29.5058,11.613,0.0,0.0,0.0,-1.9742,40.6408,11.063,-168.4035,-17.8774,2.30639688,-70.01520000000001,-15.571003120000002,-85.58620312000002
752,3.9367,25.9471,12.6492,0.0,0.0,0.0,-1.2394,40.9457,10.5203,-168.5262,-18.1092,2.32482384,-75.76659999999998,-15.78437616,-91.55097615999999
753,8.1643,28.1807,10.3938,0.0,0.0,0.0,-1.2205,39.594,11.7472,-166.6112,-17.4218,2.3084928000000002,-69.7517,-15.113307200000001,-84.86500720000001
754,5.3285,26.0365,11.8786,0.0,0.0,0.0,-2.536,41.7025,12.983,-170.4346,-17.3205,2.30647536,-75.04149999999998,-15.014024639999999,-90.05552463999999
755,9.8524,25.2472,8.688,0.0,0.0,0.0,-0.9284,39.6287,9.9946,-167.8868,-16.1096,2.3283741599999996,-75.40429999999999,-13.781225840000001,-89.18552584
756,6.9193,21.5854,11.387,0.0,0.0,0.0,-1.7848,39.4946,10.5804,-163.3773,-17.9036,2.32108488,-75.19539999999999,-15.58251512,-90.77791511999999
757,7.8123,22.7675,15.8431,0.0,0.0,0.0,-2.8647,41.4975,9.9948,-167.7982,-17.8519,2.33193312,-72.74770000000001,-15.51996688,-88.26766688000001
758,7.4203,24.546,18.0397,0.0,0.0,0.0,-2.1869,41.3223,9.6492,-169.5906,-17.633,2.32412256,-70.79999999999998,-15.30887744,-86.10887743999997
759,8.8433,23.7187,16.4141,0.0,0.0,0.0,-2.6323,39.5684,7.8878,-164.1626,-17.5347,2.3484103199999997,-70.3626,-15.186289680000002,-85.54888968
760,8.4162,24.3455,10.3542,0.0,0.0,0.0,-1.9762,41.2766,10.7016,-169.1296,-16.9729,2.32333776,-76.0117,-14.64956224,-90.66126224
761,6.2774,23.5815,10.1655,0.0,0.0,0.0,-1.9869,40.0829,8.5764,-165.3918,-17.3552,2.3540774399999997,-78.695,-15.00112256,-93.69612255999999
762,6.0561,23.5587,11.2968,0.0,0.0,0.0,-2.048,38.5533,8.9392,-162.6587,-17.1111,2.3537627999999997,-76.30260000000001,-14.7573372,-91.05993720000001
763,5.7396,26.2486,12.4883,0.0,0.0,0.0,-2.3132,41.2905,10.6943,-170.3488,-18.2048,2.3084222399999996,-76.20070000000001,-15.89637776,-92.09707776000002
764,7.7113,21.1601,10.9037,0.0,0.0,0.0,-2.9159,40.3012,9.691,-165.6622,-17.792,2.3370588,-78.8108,-15.454941200000002,-94.26574120000001
765,5.6422,22.6531,11.5679,0.0,0.0,0.0,-2.4127,39.5441,9.8415,-165.9242,-17.7621,2.32336008,-79.08810000000003,-15.43873992,-94.52683992000003
766,7.9318,23.8317,14.7749,0.0,0.0,0.0,-2.9649,41.2024,7.8901,-170.3498,-16.843,2.3261911200000003,-77.68379999999998,-14.51680888,-92.20060887999998
767,8.5092,22.8774,12.7922,0.0,0.0,0.0,-2.3764,40.2172,11.1128,-166.8791,-17.5002,2.3133088799999997,-73.7467,-15.18689112,-88.93359112000002
768,10.3489,20.6206,15.0262,0.0,0.0,0.0,-2.1754,40.5435,10.906,-167.9284,-17.8146,2.3241902399999996,-72.6586,-15.490409759999999,-88.14900976000001
769,9.076,22.1075,8.5416,0.0,0.0,0.0,-2.1723,40.3702,8.7432,-166.1387,-17.3517,2.33843256,-79.4725,-15.01326744,-94.48576743999999
770,8.2309,28.9366,10.3909,0.0,0.0,0.0,-2.358,40.1682,11.8215,-166.7222,-17.1462,2.3301770399999997,-69.53209999999999,-14.816022960000002,-84.34812295999998
771,4.3166,23.5259,16.1026,0.0,0.0,0.0,-2.2214,40.8801,9.7635,-165.5227,-17.9868,2.33291952,-73.15539999999999,-15.653880479999998,-88.80928047999998
772,4.6236,23.367,13.7409,0.0,0.0,0.0,-1.8729,40.217,10.7044,-166.6422,-18.0556,2.32904088,-75.8622,-15.726559119999997,-91.58875912
773,7.6949,23.2132,17.4033,0.0,0.0,0.0,-3.1737,40.3791,10.3755,-167.8046,-17.2196,2.3290228799999997,-71.91229999999997,-14.89057712,-86.80287711999998
774,6.758,20.8663,14.7872,0.0,0.0,0.0,-2.536,41.3755,12.8565,-169.0047,-17.3074,2.30617008,-74.89720000000001,-15.001229920000002,-89.89842992000001
775,5.0912,21.8817,11.4979,0.0,0.0,0.0,-2.9165,39.7839,9.3946,-165.6755,-18.1302,2.3457578399999996,-80.9427,-15.78444216,-96.72714216
776,8.9157,26.2105,10.8012,0.0,0.0,0.0,-1.8876,40.2241,9.6477,-167.6301,-18.0439,2.3491332000000003,-73.71849999999999,-15.6947668,-89.41326679999999
777,4.5426,23.774,13.606,0.0,0.0,0.0,-2.7187,40.1188,11.1026,-167.7086,-16.5776,2.30421816,-77.2833,-14.27338184,-91.55668184
778,8.8636,24.1046,9.5879,0.0,0.0,0.0,-1.1138,41.8498,11.4169,-171.2242,-17.1281,2.31081984,-76.5152,-14.81728016,-91.33248016
779,7.7333,28.321,11.1154,0.0,0.0,0.0,-1.1958,40.685,11.1715,-169.1451,-17.5593,2.30969736,-71.31470000000002,-15.24960264,-86.56430264000002
780,4.9084,22.2352,11.8622,0.0,0.0,0.0,-2.2106,39.3509,10.1798,-164.8646,-17.3122,2.31556392,-78.53869999999999,-14.99663608,-93.53533608
781,5.2729,21.7694,10.4672,0.0,0.0,0.0,-2.5758,40.8828,9.7683,-168.154,-17.7265,2.3346604799999997,-82.5692,-15.391839520000001,-97.96103952
782,7.2741,23.2115,13.3086,0.0,0.0,0.0,-2.7035,41.0095,10.6471,-166.5244,-18.9998,2.3456268,-73.77710000000002,-16.654173200000002,-90.4312732
783,5.5674,23.2771,4.3186,0.0,0.0,0.0,-1.2621,39.6074,9.448,-164.9081,-17.3979,2.3275152,-83.95169999999999,-15.0703848,-99.02208479999999
784,11.4193,26.5869,18.8953,0.0,0.0,0.0,-2.1847,39.6786,9.8011,-169.95,-15.594,2.3104555199999997,-65.75349999999999,-13.28354448,-79.03704447999998
785,9.7401,25.3895,12.7187,0.0,0.0,0.0,-2.269,41.8069,8.766,-171.0293,-17.5744,2.33109648,-74.8771,-15.243303520000001,-90.12040352
786,6.6013,24.6629,11.7181,0.0,0.0,0.0,-2.5638,40.7825,10.2885,-170.5645,-16.8457,2.3209451999999997,-79.07500000000002,-14.5247548,-93.59975480000001
787,7.4971,21.129,15.8973,0.0,0.0,0.0,-2.2005,40.4203,9.1713,-166.9684,-17.8144,2.33344656,-75.0539,-15.480953439999999,-90.53485344
788,4.7429,25.5844,13.9705,0.0,0.0,0.0,-2.3783,41.6314,10.8686,-171.8176,-16.9108,2.33269848,-77.39810000000001,-14.578101519999999,-91.97620152
789,4.838,26.6836,7.4677,0.0,0.0,0.0,-2.7869,40.9713,9.7337,-167.7281,-17.5416,2.3421347999999997,-80.82070000000002,-15.199465199999999,-96.02016520000002
790,5.0402,27.4361,12.5331,0.0,0.0,0.0,-2.8433,41.824,11.334,-169.5348,-18.0991,2.31880752,-74.21069999999999,-15.78029248,-89.99099247999999
791,3.463,28.967,11.8749,0.0,0.0,0.0,-2.8227,40.9734,10.1617,-166.2843,-17.79,2.32924896,-73.667,-15.460751039999998,-89.12775103999999
792,6.1875,22.5535,14.0702,0.0,0.0,0.0,-2.2757,40.053,9.7483,-167.1147,-17.6558,2.30679072,-76.7779,-15.349009279999999,-92.12690928
793,5.4602,27.4123,10.8537,0.0,0.0,0.0,-1.5979,39.7439,10.1438,-167.08,-16.9181,2.34931968,-75.06400000000002,-14.568780319999998,-89.63278032000002
794,11.8816,24.6242,12.0196,0.0,0.0,0.0,-2.5459,41.1272,9.1574,-166.9479,-17.4788,2.3356079999999997,-70.6838,-15.143191999999999,-85.826992
795,8.8218,21.5486,9.0361,0.0,0.0,0.0,-1.7341,39.4728,10.5575,-163.5001,-17.8555,2.31067368,-75.7974,-15.544826319999999,-91.34222632
796,3.5813,26.4231,11.1873,0.0,0.0,0.0,-2.5323,41.3786,10.9303,-169.1704,-17.1053,2.3079902399999996,-78.2021,-14.797309760000001,-92.99940976
797,7.9656,25.1274,8.0157,0.0,0.0,0.0,-1.0591,40.4155,9.4699,-166.7594,-17.0954,2.34891792,-76.8244,-14.746482080000002,-91.57088207999999
798,11.6911,22.5112,6.7227,0.0,0.0,0.0,-1.4957,39.9867,8.7947,-165.1845,-17.4149,2.33753688,-76.97380000000001,-15.07736312,-92.05116312000001
799,4.3746,22.9214,11.42,0.0,0.0,0.0,-1.4977,39.2452,11.0017,-166.2517,-16.1755,2.30899824,-78.7865,-13.866501759999998,-92.65300176000001
800,12.1109,27.1137,8.8718,0.0,0.0,0.0,-1.8274,40.7174,10.1302,-166.2761,-17.9157,2.34115344,-69.15950000000001,-15.574546560000002,-84.73404656000001
801,4.2226,21.7934,12.1883,0.0,0.0,0.0,-1.1173,40.0514,12.6735,-165.4092,-17.5434,2.31620544,-75.5973,-15.227194559999997,-90.82449456
802,8.6536,24.1788,8.8702,0.0,0.0,0.0,-2.8466,41.1214,10.808,-168.1764,-17.2614,2.3036486399999996,-77.39099999999999,-14.95775136,-92.34875135999998
803,4.3589,19.7134,12.438,0.0,0.0,0.0,-2.2818,41.5233,11.8632,-166.6671,-18.0873,2.31316992,-79.0521,-15.774130079999999,-94.82623007999999
804,11.0332,21.8716,12.3453,0.0,0.0,0.0,-2.5298,40.729,9.5034,-166.2362,-18.4861,2.3346755999999997,-73.2835,-16.1514244,-89.4349244
805,6.2079,23.1729,12.7377,0.0,0.0,0.0,-2.4209,40.6294,9.3178,-168.6795,-17.2333,2.32871832,-79.03469999999999,-14.90458168,-93.93928168
806,6.8972,29.2321,13.0753,0.0,0.0,0.0,-1.243,41.503,10.9618,-172.2204,-17.0987,2.3191689600000003,-71.79400000000003,-14.77953104,-86.57353104000002
807,4.1459,24.0806,12.2641,0.0,0.0,0.0,-2.5897,41.0152,9.4198,-167.4335,-17.8636,2.3155596,-79.09760000000001,-15.548040400000001,-94.64564040000002
808,8.1798,22.4037,18.1342,0.0,0.0,0.0,-1.5537,41.7873,11.0983,-172.4292,-16.2803,2.32748424,-72.37960000000001,-13.95281576,-86.33241576
809,8.5925,28.4964,17.1234,0.0,0.0,0.0,-2.7508,40.9259,9.6279,-170.1374,-17.3439,2.30747832,-68.12210000000002,-15.036421680000002,-83.15852168000002
810,4.4181,18.7679,13.5658,0.0,0.0,0.0,-2.5573,40.4806,11.0846,-166.3742,-17.5078,2.32725456,-80.61449999999999,-15.18054544,-95.79504544
811,8.6578,21.4287,14.6959,0.0,0.0,0.0,-2.3139,40.5972,10.1557,-168.5511,-17.2009,2.3340952799999997,-75.32969999999999,-14.866804720000001,-90.19650472
812,9.4145,17.0434,17.3475,0.0,0.0,0.0,-2.2531,39.9841,10.0613,-165.8539,-17.8361,2.3268636,-74.2562,-15.509236399999999,-89.76543640000001
813,7.6208,23.0732,13.0047,0.0,0.0,0.0,-2.8446,41.1479,9.5274,-167.0802,-17.5846,2.3411268,-75.55079999999998,-15.243473199999999,-90.79427319999998
814,6.5837,22.3137,16.3466,0.0,0.0,0.0,-3.2543,41.5433,11.8791,-170.3225,-17.031,2.30539104,-74.9104,-14.725608959999999,-89.63600895999998
815,5.3036,24.4526,7.9294,0.0,0.0,0.0,-2.2357,40.98,11.2177,-167.4957,-17.8249,2.32544304,-79.84809999999999,-15.49945696,-95.34755695999999
816,5.9477,25.5011,9.6912,0.0,0.0,0.0,-1.5158,39.9667,9.599,-166.0105,-17.1403,2.3429736,-76.8206,-14.7973264,-91.6179264
817,5.8929,24.4909,19.0139,0.0,0.0,0.0,-1.6161,39.8326,10.8463,-165.6999,-16.7271,2.32591608,-67.23940000000002,-14.401183920000001,-81.64058392000003
818,5.5297,24.171,7.9083,0.0,0.0,0.0,-2.3459,40.2386,10.4768,-165.7587,-17.4955,2.32327512,-79.78020000000001,-15.17222488,-94.95242488
819,6.0447,23.5136,13.3797,0.0,0.0,0.0,-3.0269,39.9913,11.7806,-165.475,-17.8644,2.32771464,-73.792,-15.53668536,-89.32868536000001
820,7.0916,25.1188,10.3636,0.0,0.0,0.0,-1.9544,40.0384,11.651,-167.6485,-16.2216,2.3241412799999996,-75.33950000000002,-13.89745872,-89.23695872
821,5.6718,26.5999,12.1533,0.0,0.0,0.0,-2.6127,40.8632,9.0509,-168.1049,-18.2232,2.35788408,-76.37849999999999,-15.865315919999999,-92.24381591999999
822,7.2335,23.5307,10.6181,0.0,0.0,0.0,-1.5787,40.6542,11.5839,-168.9201,-17.3463,2.332458,-76.87839999999998,-15.013842,-91.89224199999998
823,7.8325,21.3858,9.2693,0.0,0.0,0.0,-2.2123,40.221,11.0333,-167.3641,-16.6665,2.2977864,-79.83450000000002,-14.3687136,-94.20321360000001
824,8.9715,20.5919,9.4958,0.0,0.0,0.0,-2.6743,40.3682,9.7376,-167.491,-17.5429,2.31332256,-81.00030000000001,-15.22957744,-96.22987744000001
825,7.8414,20.9534,11.0668,0.0,0.0,0.0,-2.941,40.3235,10.703,-166.4876,-17.1136,2.31402672,-78.54049999999998,-14.79957328,-93.34007327999998
826,4.2846,26.2575,11.5153,0.0,0.0,0.0,-2.8361,41.697,10.5877,-170.8743,-17.3638,2.30474016,-79.3683,-15.059059840000002,-94.42735984000001
827,7.984,26.4859,13.4889,0.0,0.0,0.0,-1.4453,40.5639,10.1147,-167.2558,-17.9683,2.33417376,-70.0637,-15.634126239999999,-85.69782624
828,7.9887,24.9663,13.3033,0.0,0.0,0.0,-2.8762,40.2204,9.5717,-165.0474,-19.0058,2.35452312,-71.87320000000003,-16.65127688,-88.52447688000002
829,8.3374,22.962,12.8878,0.0,0.0,0.0,-2.4139,40.1241,10.5943,-166.3353,-17.6381,2.29900392,-73.84359999999998,-15.339096080000001,-89.18269607999999
830,7.7497,31.8048,7.7129,0.0,0.0,0.0,-2.4643,41.213,9.4411,-171.3156,-16.3696,2.32981056,-75.85839999999999,-14.039789439999998,-89.89818943999998
831,5.3567,23.2479,13.1144,0.0,0.0,0.0,-2.7306,41.4387,11.0548,-169.7447,-17.3126,2.323476,-78.2628,-14.989124,-93.251924
832,4.457,23.3543,12.4347,0.0,0.0,0.0,-2.4258,41.798,10.8366,-170.5149,-16.8475,2.33838432,-80.0601,-14.50911568,-94.56921568
833,5.4793,23.9869,15.0371,0.0,0.0,0.0,-2.3768,41.1379,9.8702,-169.2657,-17.3636,2.34720432,-76.13110000000002,-15.016395680000002,-91.14749568000002
834,7.9907,28.4465,19.8271,0.0,0.0,0.0,-3.1191,42.1366,9.2471,-169.8646,-18.8205,2.3341536,-65.33569999999999,-16.4863464,-81.82204639999999
835,7.0368,26.524,11.4841,0.0,0.0,0.0,-2.9758,41.5667,9.5694,-168.093,-19.0838,2.36102544,-74.8878,-16.72277456,-91.61057455999999
836,5.9213,25.2604,11.2075,0.0,0.0,0.0,-2.4683,40.8918,9.8811,-168.3458,-17.022,2.33918496,-77.65199999999999,-14.682815039999998,-92.33481503999998
837,9.9653,20.0871,17.0204,0.0,0.0,0.0,-2.7,40.289,9.3452,-164.5421,-18.4614,2.34510264,-70.5351,-16.11629736,-86.65139736
838,5.8069,21.8167,13.5796,0.0,0.0,0.0,-1.8756,39.5107,10.7196,-166.3885,-16.577,2.33359128,-76.83059999999999,-14.243408720000001,-91.07400872
839,5.8354,22.2304,9.7683,0.0,0.0,0.0,-2.2003,40.904,11.4621,-170.2645,-16.1367,2.31628824,-82.2646,-13.82041176,-96.08501176
840,5.4252,24.9399,9.4191,0.0,0.0,0.0,-2.3021,39.5055,11.0401,-162.8732,-19.107,2.34208512,-74.84550000000002,-16.76491488,-91.61041488000001
841,6.0645,25.3923,11.1887,0.0,0.0,0.0,-0.7342,41.3741,10.4837,-171.6468,-15.9644,2.31191424,-77.87770000000002,-13.65248576,-91.53018576000002
842,4.6809,30.0748,12.6632,0.0,0.0,0.0,-3.0529,42.346,9.2538,-169.8276,-17.774,2.33591256,-73.8618,-15.43808744,-89.29988744
843,6.6128,26.1671,14.5455,0.0,0.0,0.0,-2.9936,41.2652,10.0278,-171.142,-16.5322,2.33539488,-75.51719999999999,-14.19680512,-89.71400512
844,7.3038,24.8802,12.0492,0.0,0.0,0.0,-1.3592,40.0932,10.7227,-167.6777,-17.0047,2.3299862399999998,-73.9878,-14.67471376,-88.66251376
845,8.0268,25.4719,13.6938,0.0,0.0,0.0,-2.7757,41.3535,9.6813,-171.7041,-16.7325,2.33785224,-76.25250000000003,-14.394647760000002,-90.64714776000002
846,6.0536,20.8678,14.177,0.0,0.0,0.0,-0.9238,40.2496,9.0528,-166.7283,-17.4314,2.3204239199999996,-77.25129999999999,-15.11097608,-92.36227607999999
847,2.9163,24.186,9.08,0.0,0.0,0.0,-2.2456,40.9772,10.2894,-170.2266,-16.407,2.33763696,-85.02329999999999,-14.069363039999999,-99.09266303999999
848,4.146,24.2902,12.5151,0.0,0.0,0.0,-1.8935,39.9335,10.5113,-166.9968,-17.1419,2.3232095999999998,-77.4942,-14.8186904,-92.3128904
849,6.0097,22.1604,9.9439,0.0,0.0,0.0,-0.9379,40.267,11.271,-165.7356,-18.0969,2.32620048,-77.0215,-15.77069952,-92.79219952000001
850,3.7643,28.949,7.9913,0.0,0.0,0.0,-0.3996,40.9411,11.0062,-168.7638,-17.0834,2.30409504,-76.51149999999998,-14.779304960000001,-91.29080495999997
851,2.4301,24.2802,14.3114,0.0,0.0,0.0,-1.0986,39.6595,11.0709,-166.4809,-16.7708,2.31695712,-75.82739999999998,-14.453842880000002,-90.28124288
852,5.1797,21.664,11.1383,0.0,0.0,0.0,-2.7878,40.2483,9.5009,-166.4582,-17.4375,2.34152424,-81.51480000000001,-15.09597576,-96.61077576000001
853,5.7018,27.9124,13.0771,0.0,0.0,0.0,-2.8694,41.3386,9.6912,-168.8765,-17.8218,2.3249368799999997,-74.02479999999998,-15.49686312,-89.52166311999999
854,8.6186,23.1365,10.1676,0.0,0.0,0.0,-1.6996,40.4891,10.5691,-166.0501,-17.8665,2.3196672,-74.76879999999997,-15.546832799999999,-90.31563279999997
855,6.0611,25.1316,13.3106,0.0,0.0,0.0,-2.2608,40.2057,8.0583,-164.1177,-18.1471,2.346948,-73.61120000000003,-15.800151999999999,-89.41135200000002
856,8.1005,28.1866,12.407,0.0,0.0,0.0,-1.1392,41.514,11.5519,-170.2368,-16.5489,2.31232824,-69.616,-14.23657176,-83.85257176
857,3.9168,27.7143,14.1946,0.0,0.0,0.0,-2.2874,41.5386,10.7005,-168.3412,-18.2062,2.3145227999999998,-72.56379999999999,-15.8916772,-88.45547719999998
858,5.6895,21.8284,13.6116,0.0,0.0,0.0,-2.367,41.4543,10.8529,-169.38,-17.6805,2.31374808,-78.31029999999998,-15.366751919999999,-93.67705191999998
859,11.5081,21.6706,12.8719,0.0,0.0,0.0,-2.1032,40.6207,10.7191,-167.9088,-16.6454,2.2909715999999998,-72.62160000000002,-14.3544284,-86.9760284
860,9.3655,24.1021,13.9705,0.0,0.0,0.0,-2.3728,39.5561,7.6195,-164.9713,-17.2005,2.3475369600000002,-72.7304,-14.852963040000002,-87.58336304000001
861,4.1582,27.6333,11.3152,0.0,0.0,0.0,-1.8992,41.071,11.6547,-168.9322,-17.3566,2.3074221599999998,-74.99899999999998,-15.04917784,-90.04817783999998
862,5.5058,24.428,11.8879,0.0,0.0,0.0,-1.9769,41.2445,11.0286,-170.0448,-16.4742,2.32407864,-77.9269,-14.15012136,-92.07702136
863,4.9781,24.9311,12.1031,0.0,0.0,0.0,-2.9885,40.8331,10.8316,-165.8382,-18.4068,2.3192906399999997,-75.14970000000001,-16.087509360000002,-91.23720936000001
864,6.1657,25.0244,11.7059,0.0,0.0,0.0,-1.5879,39.8256,10.5481,-165.6024,-18.416,2.34141192,-73.92059999999998,-16.07458808,-89.99518807999998
865,5.6709,25.1805,12.3388,0.0,0.0,0.0,-2.3698,40.8934,10.7441,-170.3228,-17.3248,2.31644448,-77.8649,-15.00835552,-92.87325552
866,6.223,23.0892,9.4535,0.0,0.0,0.0,0.3346,39.7791,11.3541,-166.1319,-17.8199,2.29948416,-75.8984,-15.52041584,-91.41881584
867,5.5539,27.9284,9.3179,0.0,0.0,0.0,-2.8614,41.6624,11.4559,-170.5954,-17.3189,2.31069312,-77.5383,-15.00820688,-92.54650688000001
868,8.3467,31.05,10.7738,0.0,0.0,0.0,-0.1043,41.0088,9.3665,-170.9742,-17.0317,2.32081416,-70.53269999999999,-14.710885840000001,-85.24358584
869,8.677,22.4521,11.8925,0.0,0.0,0.0,-3.0555,41.006,9.674,-165.8369,-18.621,2.35515384,-75.19080000000002,-16.26584616,-91.45664616000002
870,3.902,26.8635,11.3304,0.0,0.0,0.0,-2.508,41.1083,8.7691,-167.3852,-17.544,2.3384224799999997,-77.9199,-15.20557752,-93.12547751999999
871,6.0279,25.0974,10.5803,0.0,0.0,0.0,-1.9061,40.4452,9.1189,-165.4363,-17.7338,2.31984072,-76.0727,-15.413959279999998,-91.48665928
872,9.361,26.3126,12.2235,0.0,0.0,0.0,-2.5952,40.5174,10.7502,-167.2861,-17.7273,2.32528752,-70.7166,-15.40201248,-86.11861248
873,7.6814,23.7134,15.3176,0.0,0.0,0.0,-3.1242,41.8718,11.6028,-169.9446,-18.2398,2.3290826399999998,-72.8818,-15.91071736,-88.79251736
874,8.9308,23.0511,12.0259,0.0,0.0,0.0,-2.2044,40.7149,11.3308,-171.0591,-15.9938,2.30008392,-77.21,-13.69371608,-90.90371608
875,4.0686,26.3264,14.0673,0.0,0.0,0.0,-2.7433,38.8343,9.712,-163.6892,-17.4966,2.32718112,-73.42389999999999,-15.16941888,-88.59331887999998
876,3.6044,25.5194,13.282,0.0,0.0,0.0,-1.2929,39.3735,10.6522,-166.9693,-17.5977,2.32727904,-75.83070000000001,-15.27042096,-91.10112096000002
877,6.2769,27.4751,10.0736,0.0,0.0,0.0,-1.3228,40.3517,9.1929,-169.6172,-17.0341,2.31991056,-77.5698,-14.714189439999998,-92.28398944
878,5.5324,22.5512,11.1205,0.0,0.0,0.0,-2.5269,40.2577,11.918,-168.9853,-17.0243,2.2843504799999996,-80.13239999999999,-14.73994952,-94.87234951999999
879,3.4617,23.3864,14.4705,0.0,0.0,0.0,-1.8706,40.2501,10.7502,-168.9681,-17.3816,2.3091804,-78.5198,-15.0724196,-93.59221959999999
880,8.578,21.8423,12.8379,0.0,0.0,0.0,-2.4336,40.425,10.2864,-167.9468,-16.6648,2.32076448,-76.4108,-14.34403552,-90.75483552
881,8.5655,23.047,11.7521,0.0,0.0,0.0,-2.2793,40.4315,8.8874,-167.1706,-17.1671,2.32563024,-76.7664,-14.84146976,-91.60786976000001
882,3.6772,28.6208,18.0313,0.0,0.0,0.0,-2.8957,41.3893,10.4569,-170.348,-17.2966,2.32991424,-71.0682,-14.96668576,-86.03488576000001
883,7.7603,25.9754,11.7007,0.0,0.0,0.0,-2.5242,40.8386,8.4789,-168.3678,-17.2019,2.34229536,-76.1381,-14.859604639999999,-90.99770464
884,8.6662,26.8658,12.2709,0.0,0.0,0.0,-2.7112,41.0024,9.0033,-167.7494,-17.6791,2.34187704,-72.65200000000002,-15.337222959999998,-87.98922296000002
885,5.3946,22.0591,16.1033,0.0,0.0,0.0,-2.459,40.6619,10.8885,-169.1577,-17.5071,2.30283432,-76.5093,-15.20426568,-91.71356568
886,8.2657,25.1385,17.4263,0.0,0.0,0.0,-1.9496,40.9853,11.4611,-169.9302,-16.4256,2.30454792,-68.6029,-14.121052079999998,-82.72395208
887,11.0394,23.9507,13.5904,0.0,0.0,0.0,-1.5207,41.474,10.5629,-169.1433,-18.2324,2.35422216,-70.04660000000001,-15.87817784,-85.92477784
888,5.8153,27.952,9.567,0.0,0.0,0.0,-1.5594,40.5353,10.3144,-168.0726,-17.441,2.341692,-75.44799999999998,-15.099307999999999,-90.54730799999999
889,4.8515,24.8453,13.6363,0.0,0.0,0.0,-2.1643,40.5599,8.939,-165.9175,-18.1569,2.33258184,-75.2498,-15.82431816,-91.07411816
890,4.4664,23.6187,12.5731,0.0,0.0,0.0,-1.5152,39.8938,10.6142,-165.0673,-17.6705,2.31607224,-75.41629999999999,-15.35442776,-90.77072776
891,3.6281,30.0634,11.3751,0.0,0.0,0.0,-2.4988,39.413,11.2738,-163.0169,-18.2557,2.31071904,-69.7623,-15.94498096,-85.70728096
892,6.5947,26.4698,12.0528,0.0,0.0,0.0,-2.2975,41.5544,10.6802,-169.6112,-18.4439,2.33849952,-74.5568,-16.10540048,-90.66220048
893,5.4403,24.5004,8.8041,0.0,0.0,0.0,-2.7837,41.1378,10.0931,-167.8033,-17.9599,2.33084016,-80.61130000000003,-15.62905984,-96.24035984000004
894,9.6727,20.5001,10.674,0.0,0.0,0.0,-2.2416,40.9779,9.9558,-167.1019,-17.7763,2.343654,-77.563,-15.432645999999998,-92.99564600000001
895,5.7419,23.8344,10.1592,0.0,0.0,0.0,-2.2456,39.4362,10.861,-164.9584,-17.0373,2.3313528,-77.17130000000002,-14.705947199999999,-91.87724720000001
896,7.5015,27.054,10.5448,0.0,0.0,0.0,-2.2408,41.8611,10.5263,-169.6863,-17.4827,2.32664976,-74.43939999999999,-15.15605024,-89.59545024
897,10.7439,27.2029,8.0543,0.0,0.0,0.0,-1.8549,40.4765,10.2897,-165.4323,-17.8498,2.34750096,-70.5199,-15.502299039999999,-86.02219904
898,6.82,24.6455,13.4105,0.0,0.0,0.0,-0.0955,40.4986,11.2031,-168.5867,-17.3343,2.29782528,-72.1045,-15.03647472,-87.14097472
899,6.2324,25.1228,12.5312,0.0,0.0,0.0,-2.9499,39.9685,10.9542,-167.1306,-17.4563,2.32397424,-75.27139999999999,-15.132325759999999,-90.40372575999999
900,8.1256,24.5579,9.2253,0.0,0.0,0.0,-2.2467,41.5989,11.2047,-169.1655,-16.9971,2.32607232,-76.69980000000001,-14.67102768,-91.37082768000002
901,9.392,24.9603,10.8724,0.0,0.0,0.0,-1.7222,39.7365,9.7814,-163.9771,-17.6699,2.3140857599999998,-70.9567,-15.355814239999999,-86.31251424
902,3.7159,25.0434,16.8085,0.0,0.0,0.0,-2.5977,42.2947,11.2352,-169.9439,-18.1034,2.3089291199999997,-73.44390000000001,-15.79447088,-89.23837088
903,5.7604,29.3249,11.8701,0.0,0.0,0.0,-0.4499,40.0777,10.895,-169.7191,-16.2066,2.32759368,-72.2409,-13.879006320000002,-86.11990631999998
904,5.1313,29.0242,13.8575,0.0,0.0,0.0,-2.9999,41.0102,10.9396,-168.6535,-17.7769,2.33921232,-71.6906,-15.437687680000002,-87.12828768
905,7.3808,22.6735,10.7939,0.0,0.0,0.0,-0.2904,41.4117,10.7613,-170.4981,-16.9111,2.31091488,-77.76729999999998,-14.60018512,-92.36748511999998
906,5.9924,24.4032,10.0928,0.0,0.0,0.0,-3.0183,40.6279,11.0899,-168.6772,-17.9215,2.31445368,-79.4893,-15.607046320000002,-95.09634632
907,5.9268,22.5995,13.0624,0.0,0.0,0.0,-3.0031,40.265,10.2668,-166.068,-17.6235,2.33493552,-76.95060000000001,-15.28856448,-92.23916448000001
908,5.7175,22.3296,9.0339,0.0,0.0,0.0,-2.4839,41.0325,9.4279,-167.1867,-18.0257,2.32362864,-82.1292,-15.702071360000001,-97.83127136
909,5.8276,23.0226,9.7537,0.0,0.0,0.0,-2.1,40.5621,10.6038,-166.28,-17.4068,2.32003008,-78.61019999999999,-15.08676992,-93.69696992
910,6.1525,24.2086,12.4884,0.0,0.0,0.0,0.1891,38.863,10.7796,-164.561,-16.7872,2.3342392800000002,-71.8798,-14.452960719999998,-86.33276072
911,7.1577,24.79,13.0937,0.0,0.0,0.0,-2.8665,41.0686,8.6704,-165.8375,-18.0554,2.3361343199999998,-73.92360000000001,-15.71926568,-89.64286568000001
912,6.8069,23.0497,8.218,0.0,0.0,0.0,-2.2553,39.8957,10.6242,-164.1389,-17.617,2.32318224,-77.7997,-15.293817760000001,-93.09351776000001
913,5.552,26.0139,12.3976,0.0,0.0,0.0,-2.0057,40.8889,10.5069,-168.7426,-17.1423,2.30682672,-75.38900000000001,-14.835473279999999,-90.22447328000001
914,5.029,25.0328,12.2458,0.0,0.0,0.0,-2.441,41.4741,12.065,-169.0441,-17.6228,2.2855442399999997,-75.63839999999999,-15.337255760000001,-90.97565576
915,6.101,24.5908,10.1956,0.0,0.0,0.0,-2.6446,39.5017,9.7422,-165.718,-16.5513,2.3303743199999998,-78.23129999999999,-14.22092568,-92.45222567999998
916,6.2318,25.0756,11.7895,0.0,0.0,0.0,-1.4277,40.6846,10.9123,-168.0914,-17.0007,2.35476576,-74.82529999999998,-14.645934239999999,-89.47123423999997
917,4.3456,25.3121,13.6524,0.0,0.0,0.0,-3.0894,41.8628,10.3959,-171.9477,-17.0574,2.3086728,-79.46829999999999,-14.748727200000001,-94.21702719999999
918,7.0841,22.0132,14.8339,0.0,0.0,0.0,-2.4421,40.6067,11.2849,-168.3338,-16.5244,2.30430744,-74.9531,-14.22009256,-89.17319256
919,4.6205,25.3947,14.3413,0.0,0.0,0.0,-2.907,40.6846,9.1609,-166.3587,-19.3497,2.35975104,-75.0637,-16.98994896,-92.05364895999999
920,9.9916,27.5003,11.7336,0.0,0.0,0.0,-3.2038,41.7314,9.7222,-170.8466,-16.8623,2.33724168,-73.3713,-14.525058320000001,-87.89635832
921,5.4881,21.1474,13.0545,0.0,0.0,0.0,-2.644,40.1902,10.7015,-166.3411,-17.3259,2.3352192,-78.40340000000002,-14.9906808,-93.39408080000003
922,7.6146,21.3061,10.3786,0.0,0.0,0.0,-2.6524,40.9783,10.1217,-166.8085,-17.5676,2.3319468,-79.0616,-15.235653199999998,-94.2972532
923,12.3995,25.6903,10.6811,0.0,0.0,0.0,-2.2669,40.3981,8.6606,-167.2296,-18.3045,2.33777736,-71.66690000000001,-15.96672264,-87.63362264000001
924,6.0351,22.7431,14.6386,0.0,0.0,0.0,-2.2039,38.9173,10.0293,-165.3914,-17.4124,2.34654912,-75.2319,-15.065850880000001,-90.29775088
925,2.6386,25.4651,9.7952,0.0,0.0,0.0,-2.2247,41.195,10.9581,-168.8561,-17.294,2.3182437599999997,-81.02879999999999,-14.97575624,-96.00455623999999
926,6.3965,25.7515,10.598,0.0,0.0,0.0,-2.8048,40.72,10.5688,-167.2397,-17.8475,2.33097696,-76.00970000000001,-15.51652304,-91.52622304
927,4.8107,24.6612,15.0223,0.0,0.0,0.0,-2.5848,40.5209,10.3946,-167.7571,-18.0578,2.3227523999999997,-74.93220000000002,-15.735047600000001,-90.66724760000002
928,5.9485,25.3807,13.337,0.0,0.0,0.0,-2.5047,41.9018,10.1559,-169.3457,-17.7184,2.3250261599999997,-75.1265,-15.393373839999999,-90.51987384
929,3.6167,27.0231,11.9565,0.0,0.0,0.0,-0.4003,40.46,10.608,-167.3442,-17.8032,2.3122908,-74.08019999999999,-15.4909092,-89.5711092
930,8.6636,30.3237,13.2855,0.0,0.0,0.0,-2.8424,42.8759,8.4546,-174.5233,-16.8489,2.34191088,-73.76240000000001,-14.50698912,-88.26938912000001
931,3.7156,23.9062,13.0346,0.0,0.0,0.0,-2.5124,40.1275,11.8436,-166.1168,-17.3234,2.33330112,-76.00170000000001,-14.99009888,-90.99179888000002
932,8.482,23.7548,10.5231,0.0,0.0,0.0,0.5509,40.0718,10.2154,-167.8896,-16.7661,2.33258544,-74.2916,-14.433514560000003,-88.72511456000001
933,3.5581,19.7813,17.2209,0.0,0.0,0.0,-2.7227,41.5601,9.9894,-169.9484,-17.628,2.30641344,-80.5613,-15.32158656,-95.88288656
934,7.6389,24.8208,11.9713,0.0,0.0,0.0,-1.7351,41.3655,10.2095,-169.8653,-17.8626,2.32670736,-75.5944,-15.53589264,-91.13029264
935,8.0775,24.8579,7.3928,0.0,0.0,0.0,-1.259,40.8921,9.6015,-168.7102,-17.0029,2.34317592,-79.14739999999999,-14.65972408,-93.80712408
936,6.4249,24.1503,12.8235,0.0,0.0,0.0,-2.6461,41.2804,8.8266,-168.6287,-17.5264,2.3293274399999997,-77.7691,-15.197072559999999,-92.96617255999999
937,7.1999,24.2685,11.4012,0.0,0.0,0.0,-1.7626,41.4539,9.0652,-168.4027,-18.0527,2.34281448,-76.7766,-15.709885520000002,-92.48648552
938,10.6601,29.3773,10.8591,0.0,0.0,0.0,-2.4028,39.8673,10.4447,-164.401,-18.9565,2.34766656,-65.59530000000001,-16.608833439999998,-82.20413344000002
939,9.3744,19.3556,9.5086,0.0,0.0,0.0,-1.7202,39.5072,8.6174,-162.8948,-18.0414,2.33749656,-78.2518,-15.70390344,-93.95570344
940,6.1758,20.8554,12.9897,0.0,0.0,0.0,-2.2983,41.3604,9.836,-168.8923,-17.5507,2.3042347199999997,-79.97330000000001,-15.246465279999999,-95.21976528
941,8.2374,23.5401,13.6107,0.0,0.0,0.0,-1.8789,41.1734,12.7707,-170.6907,-16.6795,2.30720184,-73.23729999999999,-14.372298160000001,-87.60959815999999
942,6.9398,25.3273,9.3666,0.0,0.0,0.0,-2.696,40.0534,9.1979,-167.0349,-17.7811,2.3325206400000003,-78.84589999999999,-15.448579359999998,-94.29447935999998
943,5.9796,27.7135,10.2178,0.0,0.0,0.0,-0.5665,40.6819,11.2814,-169.6824,-16.4552,2.31115968,-74.3747,-14.144040320000002,-88.51874032
944,6.3908,23.1275,17.0211,0.0,0.0,0.0,-2.3265,40.7924,10.4499,-167.9055,-18.7654,2.3254178399999996,-72.45029999999998,-16.43998216,-88.89028215999998
945,9.0126,22.9434,13.2039,0.0,0.0,0.0,-2.6257,41.4062,8.3753,-170.1348,-17.2826,2.3260464,-77.8191,-14.9565536,-92.77565360000001
946,5.3231,23.4378,12.368,0.0,0.0,0.0,-1.2219,39.9368,10.5235,-165.9122,-16.9598,2.33972496,-75.54490000000001,-14.620075040000001,-90.16497504000002
947,4.692,21.919,13.7187,0.0,0.0,0.0,-1.6916,40.6886,11.0974,-169.8242,-17.2235,2.32082136,-79.40009999999998,-14.902678640000001,-94.30277863999999
948,10.3829,27.8225,11.7085,0.0,0.0,0.0,-2.0311,41.2212,10.88,-171.184,-16.93,2.33842176,-71.2,-14.59157824,-85.79157823999999
949,5.5342,22.357,11.5641,0.0,0.0,0.0,-2.9589,40.2992,9.858,-166.4922,-17.6617,2.3383188,-79.8386,-15.3233812,-95.1619812
950,7.1555,22.5031,9.8836,0.0,0.0,0.0,-1.4799,40.4192,9.4042,-166.3039,-18.1511,2.33484624,-78.4182,-15.816253759999999,-94.23445376
951,6.3297,23.5248,11.9871,0.0,0.0,0.0,-1.5531,40.1891,9.4437,-168.7596,-16.5219,2.3354611199999997,-78.8383,-14.186438879999999,-93.02473888
952,7.2784,28.1654,11.9938,0.0,0.0,0.0,-2.2812,41.6381,10.1219,-171.1883,-17.3691,2.3168534399999996,-74.2719,-15.05224656,-89.32414656
953,8.5165,24.506,10.1529,0.0,0.0,0.0,-1.0417,40.5737,8.8742,-166.2637,-17.5816,2.3370948,-74.68209999999999,-15.244505200000003,-89.9266052
954,3.5345,21.3891,10.9954,0.0,0.0,0.0,-2.4532,40.3096,9.3437,-165.6972,-17.7988,2.3467996799999997,-82.57810000000002,-15.45200032,-98.03010032000002
955,5.4285,21.9739,15.8596,0.0,0.0,0.0,-2.7465,41.1886,8.6248,-168.0978,-18.0495,2.3497668,-77.7689,-15.699733199999999,-93.4686332
956,7.6296,24.7438,11.5153,0.0,0.0,0.0,-0.5615,41.523,11.1416,-168.1188,-18.2185,2.3387954399999997,-72.127,-15.879704559999999,-88.00670455999999
957,4.6457,21.0832,21.7042,0.0,0.0,0.0,-1.8154,39.7563,9.7952,-165.7051,-18.4148,2.3204700000000003,-70.53589999999998,-16.09433,-86.63022999999998
958,4.8429,24.185,13.6332,0.0,0.0,0.0,-1.1381,39.739,9.9385,-168.3373,-15.6073,2.3242176,-77.1368,-13.283082400000001,-90.41988239999999
959,7.4257,28.8126,10.8662,0.0,0.0,0.0,-2.3034,40.2667,8.2384,-169.5167,-17.6748,2.36736648,-76.21049999999998,-15.307433520000002,-91.51793351999999
960,7.9921,21.9893,13.5738,0.0,0.0,0.0,-1.5484,39.9719,9.1397,-166.8458,-17.0396,2.34332928,-75.72739999999999,-14.696270720000001,-90.42367071999999
961,8.4941,21.549,14.1543,0.0,0.0,0.0,-2.446,40.6368,8.965,-167.2045,-17.4969,2.33979336,-75.85129999999998,-15.15710664,-91.00840663999998
962,7.7288,21.422,8.9244,0.0,0.0,0.0,-2.4008,40.9662,11.0811,-168.3821,-17.4866,2.33546544,-80.66040000000001,-15.15113456,-95.81153456000001
963,7.58,23.7512,12.0386,0.0,0.0,0.0,-2.5647,40.7108,10.7422,-168.1506,-16.897,2.3487983999999997,-75.8925,-14.548201599999999,-90.44070160000001
964,7.7654,27.9188,11.7401,0.0,0.0,0.0,-2.6685,40.6781,9.5604,-166.9196,-16.456,2.34132696,-71.92530000000001,-14.11467304,-86.03997304
965,5.0308,25.001,14.5834,0.0,0.0,0.0,-1.2983,40.7436,11.0123,-169.2153,-18.2417,2.33801784,-74.14250000000001,-15.903682160000002,-90.04618216000001
966,6.2826,28.1117,16.3143,0.0,0.0,0.0,-1.8011,40.643,10.8785,-169.9581,-16.1674,2.28873888,-69.5291,-13.87866112,-83.40776112
967,7.3326,25.8807,13.4834,0.0,0.0,0.0,-2.0055,40.0961,9.6574,-167.7464,-17.2369,2.33952192,-73.30169999999998,-14.89737808,-88.19907807999998
968,6.5656,22.6586,18.9627,0.0,0.0,0.0,-3.0243,40.3213,9.2418,-164.4204,-18.5575,2.3484096,-69.6947,-16.2090904,-85.9037904
969,5.5128,23.9887,20.4318,0.0,0.0,0.0,-2.6484,40.7746,10.7611,-172.5089,-15.338,2.31096528,-73.68830000000001,-13.02703472,-86.71533472
970,6.8599,22.3736,16.3868,0.0,0.0,0.0,-1.1854,40.9237,10.2248,-172.1582,-16.1698,2.29425408,-76.5748,-13.875545919999999,-90.45034591999999
971,6.0413,25.5081,9.25,0.0,0.0,0.0,0.4696,40.5041,10.5336,-168.7326,-16.6368,2.31883992,-76.42589999999998,-14.31796008,-90.74386007999998
972,11.2373,24.4529,12.7944,0.0,0.0,0.0,-2.1141,41.3315,10.7108,-170.6013,-18.1922,2.3470653599999998,-72.1885,-15.84513464,-88.03363464
973,6.22,23.8512,9.9159,0.0,0.0,0.0,-2.7766,40.1262,9.566,-166.5918,-16.9198,2.3412384,-79.68910000000001,-14.578561599999999,-94.26766160000001
974,4.8506,29.3256,13.7241,0.0,0.0,0.0,-1.9292,41.4442,11.3137,-172.4624,-16.8322,2.3135205599999997,-73.7334,-14.51867944,-88.25207944
975,6.1944,23.1505,10.469,0.0,0.0,0.0,-2.2807,40.7346,9.4166,-168.0255,-17.2038,2.33147376,-80.3411,-14.872326240000001,-95.21342624
976,6.4566,26.1472,13.0482,0.0,0.0,0.0,-2.2546,41.3675,10.9294,-170.68,-17.1699,2.33293032,-74.9857,-14.83696968,-89.82266967999999
977,7.051,27.2452,14.0563,0.0,0.0,0.0,-2.4497,41.4028,9.0497,-171.843,-16.4553,2.3235379199999997,-75.48769999999999,-14.131762080000001,-89.61946207999998
978,5.8546,25.3705,8.5894,0.0,0.0,0.0,-2.3047,40.6241,9.8773,-167.0029,-16.9503,2.33020224,-78.99170000000001,-14.620097759999998,-93.61179776
979,7.0711,26.9194,11.8862,0.0,0.0,0.0,-1.8347,39.8711,11.7009,-165.5638,-17.1018,2.3039028,-69.94979999999998,-14.797897200000001,-84.74769719999998
980,7.351,24.2518,12.9111,0.0,0.0,0.0,-2.3564,40.1954,10.0799,-165.4304,-17.6143,2.32906464,-72.99759999999999,-15.28523536,-88.28283535999999
981,6.8746,22.7598,10.9329,0.0,0.0,0.0,-3.1222,40.0253,9.8113,-163.7975,-18.3749,2.31565824,-76.5158,-16.05924176,-92.57504175999999
982,11.7989,22.7594,7.5611,0.0,0.0,0.0,-2.7093,41.2036,10.116,-169.0313,-16.7373,2.3433904799999996,-78.3016,-14.393909520000001,-92.69550952
983,5.715,21.1655,16.3836,0.0,0.0,0.0,-2.5955,39.6044,10.6488,-164.7417,-18.4769,2.34161208,-73.81990000000002,-16.13528792,-89.95518792000001
984,9.1624,26.6066,13.5737,0.0,0.0,0.0,-1.6335,41.2782,10.054,-173.4833,-16.1592,2.3310568799999998,-74.4419,-13.828143119999998,-88.27004312
985,6.9093,25.6317,11.7207,0.0,0.0,0.0,-2.1372,40.6025,9.1742,-170.6026,-16.584,2.32417152,-78.70139999999999,-14.25982848,-92.96122847999999
986,6.414,31.3017,16.3448,0.0,0.0,0.0,-2.3521,41.5956,10.7989,-171.5849,-16.9195,2.32330032,-67.482,-14.59619968,-82.07819968
987,6.8678,24.7306,11.6942,0.0,0.0,0.0,-2.3134,41.7202,10.8016,-170.0145,-17.6566,2.31215328,-76.5135,-15.34444672,-91.85794671999999
988,5.9787,27.1355,20.5107,0.0,0.0,0.0,-1.6433,40.8057,11.1294,-168.0261,-17.9583,2.3298876,-64.10940000000001,-15.628412400000002,-79.7378124
989,8.4952,24.2909,15.7559,0.0,0.0,0.0,-2.3633,41.0607,8.6648,-168.961,-16.9404,2.32476336,-73.05680000000002,-14.61563664,-87.67243664000002
990,8.4479,25.3278,17.2225,0.0,0.0,0.0,-2.9684,40.6575,10.551,-168.468,-16.9905,2.31113592,-69.2297,-14.679364080000001,-83.90906408
991,8.471,24.9724,13.1117,0.0,0.0,0.0,-1.0223,40.7962,10.9238,-169.1887,-17.1598,2.3163343199999997,-71.93590000000002,-14.843465680000001,-86.77936568000003
992,8.031,26.8192,15.4237,0.0,0.0,0.0,-2.224,41.6504,12.1118,-169.9319,-18.0093,2.33624952,-68.11980000000001,-15.67305048,-83.79285048000001
993,6.4145,23.3832,11.9661,0.0,0.0,0.0,-2.4641,39.6269,9.099,-162.7564,-18.1414,2.35061208,-74.7308,-15.790787920000001,-90.52158792
994,7.7788,24.4844,9.8881,0.0,0.0,0.0,-2.1311,39.487,9.1625,-163.1039,-17.7307,2.35727208,-74.4342,-15.37342792,-89.80762792
995,7.3643,22.2803,9.8856,0.0,0.0,0.0,-2.2593,40.451,9.0828,-166.5688,-18.0524,2.33818488,-79.7641,-15.714215119999999,-95.47831511999999
996,6.605,22.9462,14.565,0.0,0.0,0.0,-2.0317,41.1144,9.8095,-171.1386,-17.3182,2.32231752,-78.13019999999999,-14.99588248,-93.12608248
997,8.2111,21.1644,10.9632,0.0,0.0,0.0,-2.0269,39.9209,10.4652,-165.5414,-17.7261,2.3253350399999997,-76.8435,-15.40076496,-92.24426496000001
998,7.2026,26.6102,12.6554,0.0,0.0,0.0,-1.9771,41.3299,11.2682,-172.4267,-16.5789,2.3310813599999998,-75.3375,-14.247818640000002,-89.58531864000001
999,7.4838,26.1135,15.8226,0.0,0.0,0.0,-2.913,40.9777,9.6364,-166.7086,-18.1394,2.3281840799999998,-69.5876,-15.811215919999999,-85.39881591999999
1000,4.2422,34.193,11.2397,0.0,0.0,0.0,-2.4457,40.446,9.1053,-167.6464,-17.0242,2.3371120800000003,-70.86590000000001,-14.68708792,-85.55298792000002
1001,5.4701,23.3378,13.1014,0.0,0.0,0.0,-1.9448,40.3839,9.4391,-165.9864,-17.8192,2.32130304,-76.19890000000001,-15.497896959999999,-91.69679696
1002,3.7317,25.5016,11.4378,0.0,0.0,0.0,-3.1353,40.9455,9.5773,-167.8562,-17.1884,2.33117856,-79.7976,-14.857221440000002,-94.65482144
1003,8.9001,27.4386,9.3692,0.0,0.0,0.0,-2.4332,40.1828,11.8704,-166.8333,-17.7296,2.3201697599999997,-71.5054,-15.409430240000002,-86.91483024
1004,6.3299,29.741,11.432,0.0,0.0,0.0,-2.6697,41.4297,11.183,-171.7594,-16.5804,2.31633792,-74.3135,-14.26406208,-88.57756208
1005,9.9841,29.3016,15.0795,0.0,0.0,0.0,-2.9903,43.0312,9.2478,-174.9953,-17.312,2.3459255999999997,-71.34139999999998,-14.966074400000002,-86.30747439999998
1006,4.4326,28.7234,11.3915,0.0,0.0,0.0,-1.2395,39.982,11.5811,-168.2336,-16.5955,2.32663752,-73.36250000000001,-14.268862480000001,-87.63136248
1007,6.6574,24.7991,11.9899,0.0,0.0,0.0,-2.9946,40.6113,9.746,-166.355,-18.2092,2.34938376,-75.5459,-15.859816239999999,-91.40571624
1008,8.62,18.9764,12.02,0.0,0.0,0.0,-2.6258,39.9524,8.1949,-165.1268,-17.4577,2.33305416,-79.9889,-15.12464584,-95.11354584
1009,4.9189,23.7419,12.8444,0.0,0.0,0.0,-2.6859,41.0377,10.1662,-167.9784,-17.4437,2.3287766399999996,-77.95519999999999,-15.11492336,-93.07012336
1010,6.0614,24.4889,12.7141,0.0,0.0,0.0,0.3037,41.0611,11.8464,-169.0391,-17.1174,2.3313657599999997,-72.56349999999999,-14.78603424,-87.34953424
1011,5.4511,23.1266,13.2532,0.0,0.0,0.0,-1.9628,40.1263,9.0431,-168.5067,-16.5508,2.32239024,-79.4692,-14.228409759999998,-93.69760975999999
1012,9.7482,25.3475,8.0378,0.0,0.0,0.0,-2.175,41.0966,10.1647,-168.238,-17.3676,2.31922296,-76.0182,-15.04837704,-91.06657703999998
1013,8.704,26.4832,10.016,0.0,0.0,0.0,-2.0817,40.5054,10.3288,-167.7129,-17.3237,2.3282920799999998,-73.75719999999998,-14.995407919999998,-88.75260791999999
1014,4.3891,24.8654,9.2086,0.0,0.0,0.0,-2.056,40.4146,10.4312,-169.3222,-16.9507,2.32685064,-82.06930000000001,-14.623849360000001,-96.69314936
1015,9.1741,21.8271,6.9578,0.0,0.0,0.0,-0.0573,40.1034,9.8807,-167.923,-16.444,2.33343576,-80.0372,-14.110564239999999,-94.14776424
1016,7.4926,23.7245,14.0472,0.0,0.0,0.0,-3.1654,41.255,10.1428,-167.81,-18.2484,2.33695008,-74.3133,-15.91144992,-90.22474992000001
1017,7.0416,25.3919,12.6495,0.0,0.0,0.0,-1.167,41.1781,10.5491,-167.9455,-16.9692,2.30419008,-72.30230000000002,-14.665009920000001,-86.96730992000002
1018,5.089,22.4879,13.3397,0.0,0.0,0.0,-2.4911,40.9618,11.3633,-166.6784,-18.9576,2.3256050399999997,-75.92780000000002,-16.63199496,-92.55979496000002
1019,6.9339,24.5259,13.477,0.0,0.0,0.0,-1.6646,40.1795,9.8966,-168.9471,-16.1899,2.30243904,-75.59880000000001,-13.887460960000002,-89.48626096000001
1020,6.157,21.5392,13.3066,0.0,0.0,0.0,-2.9781,41.3833,10.1135,-168.844,-18.0351,2.33508744,-79.32249999999999,-15.70001256,-95.02251256
1021,9.114,20.4163,13.7027,0.0,0.0,0.0,-1.797,40.7178,9.0544,-167.0172,-17.7109,2.34223128,-75.809,-15.368668719999999,-91.17766871999999
1022,6.2452,27.2939,16.2155,0.0,0.0,0.0,-3.1273,41.1069,10.2309,-170.2184,-17.99,2.31045912,-72.2533,-15.679540879999998,-87.93284087999999
1023,6.4249,21.8681,11.2311,0.0,0.0,0.0,-2.0431,40.607,11.124,-165.9873,-17.8969,2.33617176,-76.77530000000002,-15.56072824,-92.33602824000002
1024,6.411,26.1676,16.8936,0.0,0.0,0.0,-3.0164,41.5271,9.865,-169.5888,-18.3005,2.3434459199999997,-71.7409,-15.957054079999999,-87.69795408
1025,6.6211,22.7767,12.9308,0.0,0.0,0.0,-2.4517,41.1445,10.2983,-168.0395,-17.5904,2.32044768,-76.7198,-15.269952319999998,-91.98975232000001
1026,6.8167,24.9266,16.2725,0.0,0.0,0.0,-2.9148,40.3907,12.1612,-168.7265,-17.1552,2.3300697599999998,-71.07359999999998,-14.82513024,-85.89873023999998
1027,5.7982,26.5334,10.6252,0.0,0.0,0.0,-1.9927,41.1684,11.7505,-168.6019,-18.3443,2.3297435999999996,-74.7189,-16.0145564,-90.73345640000001
1028,4.9987,21.4586,18.3251,0.0,0.0,0.0,-2.0835,41.7716,10.0211,-169.9826,-18.2379,2.326122,-75.491,-15.911778,-91.402778
1029,8.9436,26.5058,9.8338,0.0,0.0,0.0,-1.6095,40.736,10.1239,-168.6822,-18.352,2.32222032,-74.1486,-16.02977968,-90.17837968
1030,5.9418,23.1593,14.2318,0.0,0.0,0.0,-1.8691,40.4263,10.3827,-168.1653,-18.2065,2.31886152,-75.89250000000001,-15.887638479999998,-91.78013848000002
1031,6.5405,25.3095,19.0818,0.0,0.0,0.0,-1.9646,41.6087,10.9218,-170.7005,-17.5621,2.3185368,-69.2028,-15.2435632,-84.4463632
1032,8.3401,27.3405,9.7431,0.0,0.0,0.0,-1.976,39.8054,11.6495,-166.2318,-16.4731,2.31285744,-71.3292,-14.160242559999999,-85.48944256
1033,4.8904,27.3603,10.4194,0.0,0.0,0.0,-1.7517,40.3022,10.6406,-166.1409,-17.9152,2.32900632,-74.27969999999999,-15.58619368,-89.86589367999999
1034,9.3445,23.1884,12.7399,0.0,0.0,0.0,-2.3582,40.3229,10.1064,-165.4581,-17.6188,2.34976176,-72.11420000000001,-15.26903824,-87.38323824
1035,9.6342,24.0904,13.7364,0.0,0.0,0.0,-2.0864,40.9719,9.6091,-171.4222,-16.5322,2.3092768799999996,-75.46660000000001,-14.22292312,-89.68952312000002
1036,5.1402,29.4177,9.0106,0.0,0.0,0.0,-0.496,39.7793,10.6606,-167.5168,-16.1622,2.32092216,-74.00439999999999,-13.841277839999998,-87.84567784
1037,9.6819,27.4247,14.898,0.0,0.0,0.0,-1.8927,41.1846,9.4029,-168.1686,-18.1335,2.3191344,-67.46919999999999,-15.814365600000002,-83.28356559999999
1038,8.4503,26.239,10.3245,0.0,0.0,0.0,-0.9295,40.5216,13.1025,-167.6817,-16.5364,2.28315312,-69.9733,-14.25324688,-84.22654688
1039,6.0342,22.6977,15.2108,0.0,0.0,0.0,-2.9789,39.6719,9.006,-164.6914,-17.8018,2.3360868,-75.04969999999999,-15.4657132,-90.51541319999998
1040,6.9721,24.5145,10.4212,0.0,0.0,0.0,-2.2803,41.1605,8.9423,-170.266,-16.9509,2.344518,-80.53569999999998,-14.606382,-95.14208199999999
1041,5.6104,26.099,14.3731,0.0,0.0,0.0,-2.869,41.073,10.7117,-168.8602,-18.4131,2.31915384,-73.862,-16.09394616,-89.95594616
1042,6.769,25.8725,12.827,0.0,0.0,0.0,-2.7697,41.6519,10.4719,-167.991,-17.7303,2.34298728,-73.16840000000002,-15.38731272,-88.55571272000002
1043,4.9596,28.0167,12.1943,0.0,0.0,0.0,-1.134,40.8567,10.7212,-170.5382,-16.202,2.32706592,-74.9237,-13.874934080000003,-88.79863408
1044,5.2819,26.8097,11.9684,0.0,0.0,0.0,-3.003,41.4795,11.3085,-168.5919,-17.6104,2.3152931999999997,-74.74690000000001,-15.2951068,-90.04200680000001
1045,9.2178,22.0894,9.2251,0.0,0.0,0.0,-0.9993,38.6623,9.5412,-163.3451,-17.252,2.3260896,-75.6086,-14.9259104,-90.53451039999999
1046,6.832,24.5938,17.7785,0.0,0.0,0.0,-2.8104,40.6137,9.9498,-168.8196,-17.4116,2.32993368,-71.86220000000002,-15.08166632,-86.94386632000003
1047,4.2198,21.8192,11.8295,0.0,0.0,0.0,-2.8093,41.0415,10.5263,-166.2896,-18.1179,2.33095104,-79.66260000000001,-15.786948959999998,-95.44954896000002
1048,10.5438,25.1461,14.3208,0.0,0.0,0.0,-1.8516,41.9441,9.4942,-171.5107,-17.0974,2.33016192,-71.91330000000002,-14.76723808,-86.68053808000002
1049,7.6546,23.7639,12.0419,0.0,0.0,0.0,-2.3938,40.6537,9.4949,-168.577,-17.7171,2.3396385599999996,-77.36179999999999,-15.37746144,-92.73926143999999
1050,11.0873,22.1372,19.933,0.0,0.0,0.0,-3.0494,41.8897,8.8457,-171.1988,-17.4648,2.34164592,-70.3553,-15.12315408,-85.47845407999999
1051,11.525,24.9232,15.2489,0.0,0.0,0.0,-2.67,41.5234,11.4012,-171.4342,-17.191,2.3270543999999997,-69.4825,-14.8639456,-84.34644560000001
1052,3.9022,30.7476,12.1874,0.0,0.0,0.0,-2.6976,40.7304,10.4763,-168.4345,-18.0685,2.32570008,-73.08820000000001,-15.74279992,-88.83099992000001
1053,5.8724,27.377,17.242,0.0,0.0,0.0,-2.523,40.7225,9.5622,-167.9112,-17.9675,2.3420109599999996,-69.6581,-15.625489040000001,-85.28358904000001
1054,11.4095,23.9997,8.9382,0.0,0.0,0.0,-2.032,39.8128,8.1234,-166.3321,-17.6669,2.3558939999999997,-76.0805,-15.311005999999999,-91.39150599999999
1055,2.9717,24.1451,15.7006,0.0,0.0,0.0,-2.6577,41.003,10.004,-168.1935,-17.7357,2.3214463199999997,-77.0268,-15.414253680000002,-92.44105367999998
1056,5.9438,26.4135,13.7556,0.0,0.0,0.0,-2.8603,40.6428,9.5709,-169.5249,-17.2184,2.31776712,-76.05860000000001,-14.90063288,-90.95923288000002
1057,6.2016,26.722,14.5613,0.0,0.0,0.0,-2.8882,41.2735,11.0975,-168.4106,-17.9648,2.33085744,-71.4429,-15.633942560000001,-87.07684255999999
1058,6.0964,25.8778,12.4583,0.0,0.0,0.0,-3.1814,40.9561,10.4564,-167.3752,-17.6342,2.3377896,-74.7116,-15.2964104,-90.0080104
1059,4.5621,23.0514,13.392,0.0,0.0,0.0,-2.8251,40.377,9.4537,-165.3812,-17.8249,2.35398096,-77.37010000000001,-15.47091904,-92.84101904
1060,5.3065,25.3955,16.3416,0.0,0.0,0.0,-2.9952,41.0178,11.4229,-169.3263,-18.2477,2.3242636799999996,-72.8372,-15.923436319999999,-88.76063631999999
1061,5.7719,28.7312,12.4596,0.0,0.0,0.0,-2.8976,41.1054,11.5206,-169.5253,-17.9958,2.3094446399999997,-72.83419999999998,-15.68635536,-88.52055535999999
1062,9.264,24.4644,12.5876,0.0,0.0,0.0,-1.3977,39.9706,10.6053,-167.5485,-16.9139,2.30810832,-72.05429999999998,-14.605791680000001,-86.66009167999998
1063,5.4043,22.1289,7.8583,0.0,0.0,0.0,-2.1051,41.0316,9.8396,-167.9805,-16.8844,2.3294376,-83.8229,-14.554962399999999,-98.3778624
1064,7.0207,25.0138,14.1809,0.0,0.0,0.0,-2.6267,41.4745,11.19,-168.877,-16.9353,2.3283072,-72.62380000000002,-14.606992800000002,-87.23079280000002
1065,8.2941,20.4671,17.214,0.0,0.0,0.0,-2.52,40.0667,12.0489,-167.6054,-16.3267,2.2860691199999996,-72.03460000000001,-14.040630879999998,-86.07523088000002
1066,10.2454,25.772,13.9763,0.0,0.0,0.0,-3.1404,40.8471,10.16,-167.0797,-17.6586,2.32946856,-69.2193,-15.32913144,-84.54843144000002
1067,10.4308,27.7941,9.1758,0.0,0.0,0.0,-1.518,41.1844,11.1959,-172.5914,-16.3272,2.30550984,-74.3284,-14.021690160000002,-88.35009016000001
1068,7.0989,29.3354,14.1064,0.0,0.0,0.0,-1.4783,40.5037,10.46,-171.373,-16.2555,2.31578136,-71.34689999999998,-13.939718640000002,-85.28661863999997
1069,7.5787,22.8696,11.8976,0.0,0.0,0.0,-0.7924,39.2804,9.9292,-163.9588,-18.9647,2.33411832,-73.1957,-16.63058168,-89.82628168000001
1070,5.0458,25.8784,15.0618,0.0,0.0,0.0,-3.0491,39.9965,9.8573,-165.4293,-17.0735,2.33503992,-72.63860000000003,-14.73846008,-87.37706008000002
1071,9.0676,26.5295,19.5917,0.0,0.0,0.0,-2.611,40.9498,11.1189,-166.4652,-20.306,2.33298072,-61.81870000000001,-17.973019280000003,-79.79171928000001
1072,9.9905,21.6277,17.775,0.0,0.0,0.0,-3.1191,41.2824,11.6105,-170.1857,-16.8538,2.30752296,-71.0187,-14.54627704,-85.56497704
1073,5.6138,25.1771,9.7178,0.0,0.0,0.0,-1.5634,40.6338,11.1259,-168.8204,-16.5447,2.32719408,-78.1154,-14.217505919999999,-92.33290592
1074,4.1722,23.3912,13.8948,0.0,0.0,0.0,-2.3898,39.1817,13.3856,-164.0819,-17.9798,2.3089780799999997,-72.44619999999999,-15.670821920000002,-88.11702191999998
1075,7.6116,22.3977,12.0708,0.0,0.0,0.0,-2.6297,40.8461,10.1039,-167.8629,-17.8297,2.35388304,-77.46249999999999,-15.47581696,-92.93831696
1076,4.4282,27.1461,12.1604,0.0,0.0,0.0,-2.285,40.9608,11.6002,-169.6115,-16.74,2.32239024,-75.60079999999999,-14.417609759999998,-90.01840975999998
1077,6.167,24.4736,9.87,0.0,0.0,0.0,-1.5733,40.3811,10.9817,-167.127,-16.7343,2.3074596,-76.82690000000001,-14.426840400000001,-91.25374040000001
1078,9.9612,22.3108,9.6868,0.0,0.0,0.0,-1.8083,40.7667,9.8773,-169.9986,-17.7951,2.321856,-79.20410000000001,-15.473244000000001,-94.67734400000002
1079,6.1658,26.795,9.7765,0.0,0.0,0.0,0.59,39.501,10.6812,-163.0596,-18.803,2.33287632,-69.55009999999999,-16.47012368,-86.02022367999999
1080,6.644,29.8834,10.0945,0.0,0.0,0.0,-1.7285,40.3227,10.6729,-167.3921,-16.4323,2.3000688,-71.5031,-14.132231200000001,-85.6353312
1081,6.0915,25.7687,18.6849,0.0,0.0,0.0,-2.7584,40.0767,10.8103,-168.482,-16.2143,2.35355832,-69.8083,-13.860741680000002,-83.66904168
1082,3.9654,23.2959,13.6634,0.0,0.0,0.0,-2.7541,39.9906,10.8152,-164.5665,-17.8771,2.32110432,-75.59009999999998,-15.555995679999999,-91.14609567999997
1083,7.0914,22.959,14.777,0.0,0.0,0.0,-2.0282,40.5353,11.5145,-167.8263,-18.2755,2.30289984,-72.97730000000001,-15.97260016,-88.94990016000001
1084,6.3294,25.1755,11.2294,0.0,0.0,0.0,-1.888,40.2715,9.6039,-167.1356,-16.8625,2.3375239199999998,-76.41390000000001,-14.524976080000002,-90.93887608000001
1085,7.5493,23.711,12.6273,0.0,0.0,0.0,-1.9635,39.9812,9.6712,-167.7965,-17.4447,2.32938864,-76.22000000000001,-15.115311360000002,-91.33531136
1086,7.7834,22.7146,12.8149,0.0,0.0,0.0,-2.1591,41.0124,9.2665,-166.7549,-17.9891,2.33901504,-75.32219999999998,-15.650084960000001,-90.97228495999998
1087,10.0484,23.6292,7.6809,0.0,0.0,0.0,-0.903,39.9279,9.9922,-164.8038,-17.8868,2.31597432,-74.4282,-15.57082568,-89.99902568
1088,8.2211,21.1197,8.1307,0.0,0.0,0.0,-2.3277,39.4464,8.6274,-163.3885,-17.5219,2.3415847199999997,-80.1709,-15.180315279999999,-95.35121528
1089,8.4504,33.9413,11.22,0.0,0.0,0.0,-2.5202,42.3031,7.8549,-170.0631,-17.8257,2.37980664,-68.8136,-15.445893360000001,-84.25949336
1090,8.9831,23.7104,16.6251,0.0,0.0,0.0,-2.4252,39.6643,10.2721,-166.665,-18.14,2.32953408,-69.83519999999999,-15.81046592,-85.64566591999998
1091,7.3362,23.1578,16.6597,0.0,0.0,0.0,-2.8868,41.2994,11.116,-171.6981,-17.0607,2.3302231200000003,-75.01580000000001,-14.730476880000001,-89.74627688000001
1092,4.8364,19.408,12.2566,0.0,0.0,0.0,-3.1115,40.0492,10.4976,-165.4133,-17.3237,2.29633992,-81.47699999999998,-15.02736008,-96.50436007999998
1093,5.2621,28.3694,7.4597,0.0,0.0,0.0,-2.0971,40.6799,9.9199,-168.4065,-17.7585,2.3272588799999996,-78.81259999999999,-15.431241120000003,-94.24384111999998
1094,5.5517,25.4974,14.9294,0.0,0.0,0.0,-2.925,41.189,11.187,-169.891,-17.7427,2.32680456,-74.46149999999999,-15.41589544,-89.87739543999999
1095,4.5322,32.1011,11.5445,0.0,0.0,0.0,-1.5369,40.8619,11.7892,-169.4641,-16.4947,2.30547384,-70.1721,-14.189226160000002,-84.36132615999999
1096,3.2385,22.5874,12.9899,0.0,0.0,0.0,-2.8466,41.7806,9.4615,-169.457,-17.3168,2.33989056,-82.2457,-14.97690944,-97.22260944
1097,5.24,27.5047,15.3671,0.0,0.0,0.0,-2.3486,41.7438,9.7753,-171.3941,-16.9136,2.31552576,-74.1118,-14.598074239999999,-88.70987424
1098,7.6376,21.6956,15.0453,0.0,0.0,0.0,-3.1624,40.9569,10.3326,-167.8865,-17.9053,2.3386730399999998,-75.38090000000001,-15.56662696,-90.94752696
1099,5.4679,20.0732,10.0856,0.0,0.0,0.0,-1.3961,39.9118,10.1216,-164.2069,-17.814,2.33243784,-79.94289999999998,-15.48156216,-95.42446215999998
1100,9.174,22.7691,12.2802,0.0,0.0,0.0,-2.3723,40.7591,9.8629,-167.4981,-17.3856,2.30854392,-75.02510000000001,-15.07705608,-90.10215608
1101,9.0627,25.4681,11.4073,0.0,0.0,0.0,-2.9277,40.6863,7.902,-169.1359,-17.3276,2.33561232,-77.5372,-14.991987680000001,-92.52918768
1102,9.0001,25.77,10.0204,0.0,0.0,0.0,-0.6779,39.9797,10.6648,-165.1801,-18.158,2.32907832,-70.42300000000002,-15.82892168,-86.25192168000002
1103,12.1743,24.2178,14.8254,0.0,0.0,0.0,-1.992,41.8654,8.484,-174.1253,-16.7531,2.35438344,-74.55040000000001,-14.39871656,-88.94911656000001
1104,5.7024,23.5537,10.174,0.0,0.0,0.0,-1.637,40.9279,11.2496,-166.1585,-17.7797,2.31226488,-76.1879,-15.467435119999998,-91.65533512
1105,6.9866,25.7433,9.3977,0.0,0.0,0.0,-2.967,41.0381,8.7144,-169.0313,-17.6554,2.33096904,-80.11819999999999,-15.32443096,-95.44263095999999
1106,9.6381,24.3062,13.5039,0.0,0.0,0.0,-2.5112,39.7059,10.7811,-165.3837,-17.1503,2.3259132,-69.95970000000001,-14.824386800000001,-84.78408680000001
1107,5.6296,24.5222,12.8434,0.0,0.0,0.0,-2.2157,40.7225,10.5582,-169.8257,-17.733,2.3152442399999997,-77.7655,-15.41775576,-93.18325576000001
1108,7.8523,21.3047,9.5936,0.0,0.0,0.0,-1.1282,39.6018,10.2207,-165.3136,-17.6091,2.30284872,-77.86870000000002,-15.306251280000001,-93.17495128000002
1109,5.2965,27.9642,9.2118,0.0,0.0,0.0,-2.8858,41.8127,10.7516,-169.3848,-17.1985,2.32387992,-77.23380000000003,-14.87462008,-92.10842008000003
1110,9.1728,23.9423,13.9696,0.0,0.0,0.0,-1.8833,40.7386,11.3286,-168.3884,-17.3852,2.32075872,-71.1198,-15.06444128,-86.18424128
1111,5.3213,24.5013,9.6214,0.0,0.0,0.0,-3.2472,40.8369,10.1819,-165.757,-17.7259,2.32218,-78.5414,-15.40372,-93.94511999999999
1112,7.7752,23.0213,11.2742,0.0,0.0,0.0,-2.5661,39.4685,9.9377,-163.4765,-18.3969,2.3435424,-74.56569999999999,-16.0533576,-90.61905759999999
1113,4.4621,20.9503,11.9215,0.0,0.0,0.0,-2.7412,41.1493,10.6902,-167.6729,-18.546,2.3284764,-81.2407,-16.2175236,-97.4582236
1114,11.2373,27.3279,16.2081,0.0,0.0,0.0,-3.0402,41.4039,9.4249,-169.8382,-18.4405,2.3407207199999998,-67.2763,-16.09977928,-83.37607928000001
1115,7.3558,24.8938,16.9568,0.0,0.0,0.0,-2.6825,41.7081,8.8097,-173.664,-16.9255,2.32944624,-76.6223,-14.59605376,-91.21835376
1116,9.0166,22.9561,10.8667,0.0,0.0,0.0,-2.3588,39.8133,8.4602,-164.847,-17.9976,2.35458432,-76.09290000000001,-15.643015679999998,-91.73591568000002
1117,7.1836,23.8135,13.4144,0.0,0.0,0.0,-2.462,40.564,9.8274,-168.2336,-17.738,2.3100451200000003,-75.8927,-15.42795488,-91.32065488
1118,4.392,23.5709,11.0873,0.0,0.0,0.0,-2.5841,39.2244,11.6028,-163.6346,-17.5125,2.32128576,-76.34129999999999,-15.191214239999999,-91.53251424
1119,8.5007,29.4934,13.561,0.0,0.0,0.0,-1.5751,40.6392,10.4288,-165.9866,-18.8665,2.3365548,-64.93860000000001,-16.5299452,-81.46854520000001
1120,5.5301,26.463,16.7838,0.0,0.0,0.0,-2.3327,41.0152,10.5705,-169.3681,-17.2815,2.3411383199999998,-71.33820000000001,-14.940361680000002,-86.27856168000002
1121,4.9709,23.8329,14.0365,0.0,0.0,0.0,-2.9256,39.6204,8.7363,-163.1846,-18.1395,2.3409972,-74.91319999999999,-15.798502800000001,-90.71170279999998
1122,4.8012,22.5099,10.7079,0.0,0.0,0.0,-1.3468,40.2661,11.4717,-166.5572,-17.0504,2.3000666400000003,-78.1472,-14.750333359999999,-92.89753336
1123,9.577,22.2859,15.6173,0.0,0.0,0.0,-1.833,40.3979,10.0045,-168.6567,-18.2097,2.3137271999999998,-72.6071,-15.895972800000003,-88.5030728
1124,5.7057,21.0862,12.651,0.0,0.0,0.0,-2.3254,41.2739,10.0303,-168.015,-17.5095,2.34040104,-79.59329999999999,-15.16909896,-94.76239895999998
1125,5.1295,25.0552,8.0857,0.0,0.0,0.0,-1.4047,40.8234,12.3388,-169.3826,-16.1886,2.30731056,-79.3547,-13.881289440000002,-93.23598943999998
1126,6.3158,25.4696,13.9047,0.0,0.0,0.0,-2.6393,41.2724,10.0659,-169.7174,-17.0858,2.31081552,-75.3283,-14.774984479999999,-90.10328447999999
1127,7.2855,26.5413,11.2802,0.0,0.0,0.0,-2.5805,40.2886,10.3744,-168.7771,-17.1016,2.33169048,-75.5876,-14.769909520000002,-90.35750952
1128,6.7045,32.5585,19.4514,0.0,0.0,0.0,-2.7746,41.7476,11.3528,-173.5125,-16.6651,2.3402188799999997,-64.47229999999999,-14.324881119999999,-78.79718111999999
1129,11.8283,28.103,12.0795,0.0,0.0,0.0,-2.7409,40.8995,11.7772,-168.34,-17.7515,2.2957416,-66.39339999999999,-15.4557584,-81.84915839999998
1130,4.4085,26.4358,10.1835,0.0,0.0,0.0,-2.8751,41.244,9.9865,-170.97,-16.5024,2.3465836799999997,-81.58680000000001,-14.155816320000001,-95.74261632000001
1131,7.2044,24.1775,17.331,0.0,0.0,0.0,-3.0623,41.6517,11.056,-170.4297,-18.0835,2.32191864,-72.0714,-15.761581360000001,-87.83298135999999
1132,6.569,23.0486,13.002,0.0,0.0,0.0,-2.9723,39.5249,9.0795,-163.9231,-18.0692,2.3420772,-75.6714,-15.727122799999998,-91.3985228
1133,7.4919,27.058,14.0098,0.0,0.0,0.0,-2.3678,42.6063,11.0377,-175.3913,-16.3566,2.32932312,-75.5554,-14.02727688,-89.58267688000001
1134,7.2707,25.2963,15.8558,0.0,0.0,0.0,-2.7565,41.2918,10.6781,-169.4267,-17.816,2.33059248,-71.79050000000001,-15.485407519999999,-87.27590752
1135,8.7664,27.6015,19.0057,0.0,0.0,0.0,-3.175,42.1225,9.0349,-172.4622,-18.1481,2.32867944,-69.10619999999997,-15.81942056,-84.92562055999997
1136,9.5461,27.2053,9.262,0.0,0.0,0.0,-1.6252,39.6048,8.9704,-164.3423,-18.4761,2.32978824,-71.3789,-16.14631176,-87.52521176
1137,9.329,21.598,6.8164,0.0,0.0,0.0,-2.3694,40.0789,8.6318,-167.1081,-16.8371,2.3415732,-83.02340000000001,-14.4955268,-97.5189268
1138,4.8113,21.7529,13.3533,0.0,0.0,0.0,-3.0028,41.2536,10.3743,-167.5129,-17.8522,2.323098,-78.9703,-15.529102,-94.49940199999999
1139,4.6233,23.2079,8.1245,0.0,0.0,0.0,-1.7983,40.4271,10.7083,-168.1628,-16.0319,2.31312528,-82.87,-13.71877472,-96.58877472000002
1140,5.7669,29.1895,9.995,0.0,0.0,0.0,-2.5684,40.842,8.642,-165.8609,-17.8113,2.35291104,-73.9939,-15.458388959999999,-89.45228896
1141,6.4309,23.4967,14.8025,0.0,0.0,0.0,-2.6482,40.8331,11.2682,-169.2097,-16.7442,2.31612048,-75.0265,-14.428079519999999,-89.45457952000001
1142,8.9661,24.8615,13.6628,0.0,0.0,0.0,-2.6503,40.3024,9.9183,-167.5554,-18.0004,2.34178776,-72.49459999999998,-15.65861224,-88.15321223999997
1143,4.473,24.9752,10.1748,0.0,0.0,0.0,-1.8341,41.6641,11.7766,-169.632,-18.0004,2.31458616,-78.4024,-15.685813839999998,-94.08821384
1144,4.8595,22.2732,17.5769,0.0,0.0,0.0,-2.4587,40.6331,10.4377,-170.0151,-17.3084,2.34026928,-76.6934,-14.96813072,-91.66153072
1145,5.4167,27.4667,9.7424,0.0,0.0,0.0,-2.8339,41.1112,11.022,-168.9418,-17.275,2.3059879199999997,-77.0167,-14.969012079999999,-91.98571207999998
1146,3.7594,24.3054,14.0529,0.0,0.0,0.0,-2.7687,39.4959,9.7095,-164.6298,-17.3694,2.32992072,-76.07539999999999,-15.039479279999998,-91.11487927999998
1147,8.4778,25.739,14.684,0.0,0.0,0.0,-0.7983,40.4631,10.7247,-168.6833,-16.8731,2.3303044799999997,-69.39300000000001,-14.542795520000002,-83.93579552000003
1148,4.414,21.8147,15.6997,0.0,0.0,0.0,-2.7857,40.8992,10.3211,-169.4894,-17.2831,2.32963416,-79.12639999999999,-14.953465840000002,-94.07986584
1149,10.2819,20.6116,12.2315,0.0,0.0,0.0,-2.3141,40.4474,9.2032,-167.5057,-17.0982,2.3263084800000002,-77.04419999999999,-14.771891519999999,-91.81609151999999
1150,6.0381,29.3412,9.9191,0.0,0.0,0.0,-2.4384,39.8117,9.5274,-165.3073,-17.728,2.34807984,-73.1082,-15.379920160000001,-88.48812016
1151,5.4843,26.9663,13.1532,0.0,0.0,0.0,-2.6574,40.5565,12.072,-168.3294,-16.385,2.3223837599999997,-72.7545,-14.062616240000002,-86.81711624
1152,9.1473,23.1699,9.838,0.0,0.0,0.0,-2.4987,40.9207,9.3694,-168.0802,-17.5157,2.3460552,-78.13359999999999,-15.169644799999999,-93.30324479999999
1153,5.4017,24.8043,13.5432,0.0,0.0,0.0,-0.7826,39.2213,10.0347,-163.2188,-17.3384,2.31900624,-70.99619999999999,-15.01939376,-86.01559376
1154,4.6206,24.1178,13.9043,0.0,0.0,0.0,-2.6865,40.2987,11.7661,-168.9526,-17.3779,2.32312104,-76.9316,-15.05477896,-91.98637896
1155,8.2346,23.9536,10.7077,0.0,0.0,0.0,-2.5791,41.3092,9.4335,-172.8863,-16.3892,2.30667696,-81.8268,-14.082523039999998,-95.90932304
1156,4.1794,27.506,11.2839,0.0,0.0,0.0,-2.3014,41.0088,10.9003,-168.4204,-18.2317,2.32216056,-75.84339999999999,-15.90953944,-91.75293943999999
1157,5.5191,26.4851,13.8807,0.0,0.0,0.0,-2.9609,40.0068,9.9632,-166.8511,-17.5584,2.32655904,-73.95710000000001,-15.23184096,-89.18894096
1158,8.0173,23.9208,13.0785,0.0,0.0,0.0,-2.2319,41.1497,13.5358,-168.8791,-16.7059,2.30200776,-71.4089,-14.40389224,-85.81279224000001
1159,5.0677,26.6795,13.0597,0.0,0.0,0.0,-2.3809,41.417,10.8462,-170.4101,-17.2865,2.3272257599999997,-75.7209,-14.959274240000001,-90.68017424
1160,5.7911,24.6594,15.0175,0.0,0.0,0.0,-2.3397,41.4896,8.7175,-170.6925,-17.0344,2.32678656,-77.35709999999999,-14.707613440000001,-92.06471343999999
1161,9.8097,24.9838,14.8993,0.0,0.0,0.0,-2.8566,41.4056,9.9752,-171.3996,-17.8253,2.3242557600000002,-73.18260000000001,-15.501044239999999,-88.68364424
1162,6.7736,26.6705,18.7846,0.0,0.0,0.0,-2.6416,42.0648,10.0747,-171.8205,-16.8862,2.30305896,-70.09389999999999,-14.58314104,-84.67704103999999
1163,11.5825,24.2361,13.1313,0.0,0.0,0.0,-2.6792,40.3326,9.2174,-165.3319,-18.3626,2.3469350399999995,-69.5112,-16.015664960000002,-85.52686496
1164,5.387,18.371,15.4564,0.0,0.0,0.0,-2.8701,40.824,11.4092,-168.2424,-17.556,2.30829264,-79.66490000000002,-15.247707360000001,-94.91260736000001
1165,6.1768,28.9274,11.6067,0.0,0.0,0.0,-3.1843,42.0603,10.3962,-172.3091,-16.6603,2.31676776,-76.32600000000002,-14.34353224,-90.66953224000002
1166,6.8196,23.941,11.8802,0.0,0.0,0.0,-2.4371,40.4517,10.6265,-166.1022,-18.558,2.31482448,-74.8203,-16.24317552,-91.06347552
1167,7.504,26.6517,13.0837,0.0,0.0,0.0,-2.8067,43.0333,9.3651,-173.947,-17.7016,2.3513219999999997,-77.1159,-15.350278,-92.466178
1168,7.5058,22.764,10.9631,0.0,0.0,0.0,-1.1689,39.8065,11.3311,-167.4483,-17.7309,2.31291144,-76.2467,-15.417988559999998,-91.66468856
1169,8.824,24.0197,10.7687,0.0,0.0,0.0,-2.3335,39.9844,11.2602,-166.4781,-17.1538,2.33349768,-73.95460000000001,-14.82030232,-88.77490232000002
1170,5.9751,26.6604,7.1697,0.0,0.0,0.0,-2.3168,40.3348,10.1667,-166.484,-17.4263,2.32444944,-78.4941,-15.10185056,-93.59595056
1171,7.2582,22.299,13.9939,0.0,0.0,0.0,-0.8613,41.595,10.918,-171.5314,-16.7513,2.31323112,-76.3286,-14.43806888,-90.76666888
1172,3.6743,21.1121,13.2573,0.0,0.0,0.0,-3.2007,41.3843,10.4211,-168.1119,-17.5859,2.32505352,-81.46349999999998,-15.260846479999998,-96.72434647999998
1173,4.6764,26.0861,12.0629,0.0,0.0,0.0,-2.3952,39.9738,10.0289,-167.5268,-17.5254,2.33972208,-77.09390000000002,-15.185677920000002,-92.27957792000002
1174,2.6103,24.5657,11.7424,0.0,0.0,0.0,-2.7357,40.1197,10.343,-165.9357,-18.1178,2.3463864,-79.29029999999999,-15.771413599999999,-95.06171359999999
1175,8.4961,23.8333,8.1579,0.0,0.0,0.0,-2.376,40.4679,10.2169,-167.154,-16.9591,2.3373071999999997,-78.3579,-14.6217928,-92.97969280000001
1176,7.6659,23.9819,11.1475,0.0,0.0,0.0,-2.7548,39.7348,8.5419,-164.1149,-18.1785,2.36988648,-75.79770000000002,-15.80861352,-91.60631352000001
1177,6.6469,25.2972,8.857,0.0,0.0,0.0,-2.0205,40.8002,8.9245,-166.8705,-17.1969,2.3386492800000003,-78.3652,-14.85825072,-93.22345072
1178,6.4079,24.2717,12.2066,0.0,0.0,0.0,-2.9023,41.1616,9.6946,-168.886,-18.8697,2.34515664,-78.0459,-16.524543360000003,-94.57044336000001
1179,7.6266,22.443,19.8381,0.0,0.0,0.0,-2.3258,41.654,9.2534,-168.6307,-18.2711,2.3259643199999998,-70.14139999999998,-15.94513568,-86.08653567999998
1180,4.4031,28.8656,12.4887,0.0,0.0,0.0,-0.6074,40.0222,10.0792,-168.3272,-17.4889,2.32147224,-73.0758,-15.16742776,-88.24322776
1181,4.9184,22.7486,10.4671,0.0,0.0,0.0,-0.911,39.4076,11.3517,-166.9296,-16.6478,2.3151167999999998,-78.9472,-14.3326832,-93.2798832
1182,5.3274,27.0426,12.9532,0.0,0.0,0.0,-2.7616,41.1167,9.5456,-166.5003,-17.8339,2.33403768,-73.2764,-15.49986232,-88.77626232
1183,3.3766,24.3512,14.209,0.0,0.0,0.0,-1.5016,40.94,10.1921,-170.2064,-16.5736,2.3184511199999998,-78.63910000000001,-14.25514888,-92.89424888
1184,6.1301,24.2314,10.4575,0.0,0.0,0.0,-2.1898,39.5418,10.1131,-166.6077,-16.5308,2.3320116,-78.32359999999998,-14.1987884,-92.52238839999998
1185,7.6266,23.855,6.5239,0.0,0.0,0.0,-1.3752,40.8165,10.7836,-168.9241,-16.7928,2.3265936,-80.6937,-14.4662064,-95.15990640000001
1186,5.1464,27.1496,10.4146,0.0,0.0,0.0,-1.8003,40.2434,11.1061,-164.3197,-18.8844,2.3432349599999998,-72.05990000000001,-16.54116504,-88.60106504000001
1187,5.5056,26.9455,11.3219,0.0,0.0,0.0,-2.1379,40.6795,10.616,-168.2913,-16.9476,2.31633072,-75.36070000000002,-14.631269280000001,-89.99196928000003
1188,7.5312,20.4734,10.6133,0.0,0.0,0.0,-1.9853,37.8544,10.1288,-160.9031,-17.4892,2.33397936,-76.2873,-15.15522064,-91.44252064
1189,8.3527,28.8478,8.8623,0.0,0.0,0.0,-1.2947,39.5829,10.1048,-166.3508,-17.7803,2.34055656,-71.895,-15.43974344,-87.33474344
1190,7.8069,25.5593,8.4964,0.0,0.0,0.0,-2.2227,40.6726,9.7518,-166.8866,-17.2815,2.3423716800000003,-76.82229999999998,-14.939128320000002,-91.76142831999998
1191,4.4019,23.0154,10.2548,0.0,0.0,0.0,-0.9985,39.4141,10.3381,-165.0977,-17.2531,2.3422816799999997,-78.67190000000001,-14.91081832,-93.58271832000001
1192,6.8733,23.1785,13.5611,0.0,0.0,0.0,-2.9616,40.0415,9.5669,-166.4201,-17.3715,2.340882,-76.16039999999998,-15.030618,-91.19101799999999
1193,14.768,26.8328,9.1662,0.0,0.0,0.0,-0.6769,41.2237,10.0629,-172.1951,-16.8825,2.3267253599999997,-70.81840000000001,-14.555774640000001,-85.37417464000002
1194,7.3266,30.7553,7.8615,0.0,0.0,0.0,-1.3797,40.5287,9.6937,-167.3834,-17.1745,2.3260823999999998,-72.59729999999999,-14.848417599999998,-87.44571759999998
1195,3.6902,25.1072,11.5908,0.0,0.0,0.0,-1.9986,38.9881,9.8377,-163.1745,-17.6864,2.34515232,-75.95909999999999,-15.341247679999999,-91.30034768
1196,7.8097,26.2797,7.4736,0.0,0.0,0.0,-1.6611,40.7343,10.4665,-168.2279,-16.9048,2.34010872,-77.1252,-14.564691280000002,-91.68989128
1197,9.9303,25.1828,12.4266,0.0,0.0,0.0,-1.6758,40.6212,10.2235,-167.279,-17.3751,2.3422571999999997,-70.57039999999999,-15.032842800000001,-85.60324279999999
1198,8.3353,22.7162,7.1424,0.0,0.0,0.0,-0.891,40.2258,12.1522,-169.3727,-16.1113,2.30553576,-79.6918,-13.80576424,-93.49756424
1199,4.3248,24.4832,11.684,0.0,0.0,0.0,-2.502,40.6839,9.8602,-167.3973,-17.035,2.32738488,-78.86319999999999,-14.70761512,-93.57081511999999
1200,10.5898,28.4196,12.5373,0.0,0.0,0.0,-2.1928,42.2328,10.5901,-174.8864,-15.9471,2.31798744,-72.7096,-13.629112560000001,-86.33871256
1201,8.4464,23.4545,10.3968,0.0,0.0,0.0,-1.8565,39.7268,9.2485,-165.4528,-17.5349,2.32965648,-76.03629999999998,-15.20524352,-91.24154351999998
1202,4.5157,21.8591,8.4938,0.0,0.0,0.0,-1.4902,40.1823,11.4776,-167.2273,-17.3223,2.3112986399999995,-82.18900000000002,-15.011001359999998,-97.20000136000002
1203,3.3948,24.9901,10.0375,0.0,0.0,0.0,-2.5091,41.8873,11.0794,-168.7354,-17.5828,2.3222325600000002,-79.8554,-15.260567439999999,-95.11596743999999
1204,4.6737,22.6231,10.0231,0.0,0.0,0.0,-1.6518,39.3652,11.085,-164.4075,-16.7005,2.32573032,-78.2892,-14.374769680000002,-92.66396968
1205,8.2141,23.7146,15.0713,0.0,0.0,0.0,-3.0702,41.8963,11.1367,-170.4483,-17.545,2.32488144,-73.48549999999999,-15.220118560000001,-88.70561855999999
1206,8.1828,25.2789,8.5036,0.0,0.0,0.0,-1.5251,40.6225,8.8278,-167.0054,-17.2928,2.33737488,-77.1149,-14.95542512,-92.07032512
1207,8.744,22.27,12.9117,0.0,0.0,0.0,-2.3854,40.7958,9.0463,-166.7623,-18.1186,2.34903888,-75.3799,-15.76956112,-91.14946112000001
1208,9.3751,24.8205,9.1485,0.0,0.0,0.0,-2.3026,41.2246,10.3423,-167.3613,-17.6266,2.32073064,-74.75290000000001,-15.305869359999999,-90.05876936000001
1209,4.7151,21.0904,19.5947,0.0,0.0,0.0,-2.926,40.5999,10.9844,-167.7459,-16.9826,2.3106088799999998,-73.68740000000003,-14.671991120000001,-88.35939112000003
1210,4.692,26.7471,11.8699,0.0,0.0,0.0,-3.0269,39.7256,9.767,-163.0062,-18.3792,2.34226944,-73.23150000000001,-16.036930560000002,-89.26843056000001
1211,5.5911,28.11,13.4051,0.0,0.0,0.0,-2.6095,40.489,11.4349,-169.8262,-16.6622,2.31922728,-73.4056,-14.342972719999999,-87.74857272
1212,7.8346,25.1204,13.2398,0.0,0.0,0.0,-2.5683,42.1762,11.0338,-169.0108,-17.7228,2.31097608,-72.17429999999999,-15.41182392,-87.58612391999999
1213,11.8646,22.2988,10.6272,0.0,0.0,0.0,-2.6972,41.01,10.0352,-168.3002,-17.6857,2.34025416,-75.16159999999999,-15.34544584,-90.50704583999999
1214,7.1548,27.1023,12.2742,0.0,0.0,0.0,-2.222,41.3413,10.9856,-169.8772,-17.137,2.32677216,-73.24099999999999,-14.81022784,-88.05122783999998
1215,6.2499,18.8367,13.4818,0.0,0.0,0.0,-2.7125,39.754,10.0401,-163.2884,-18.9914,2.34358704,-77.6384,-16.64781296,-94.28621296
1216,7.6866,24.0099,10.2584,0.0,0.0,0.0,-2.349,40.0815,11.9593,-168.4908,-17.0409,2.3001343199999997,-76.84410000000001,-14.74076568,-91.58486568000002
1217,5.4252,25.06,10.2159,0.0,0.0,0.0,-1.899,39.9862,9.4875,-166.2188,-16.9334,2.33004456,-77.943,-14.603355439999998,-92.54635543999999
1218,7.3249,25.4086,12.2532,0.0,0.0,0.0,-2.9385,41.1964,10.3411,-171.4238,-16.7763,2.32577064,-77.83810000000001,-14.450529359999999,-92.28862936000002
1219,4.826,23.3665,10.507,0.0,0.0,0.0,-0.8179,40.6546,10.2813,-166.6841,-17.2516,2.32486488,-77.86659999999999,-14.92673512,-92.79333512
1220,9.0692,22.9023,10.5919,0.0,0.0,0.0,-2.329,40.6894,8.8333,-167.1771,-17.133,2.33703216,-77.42,-14.79596784,-92.21596783999999
1221,5.8673,25.2737,12.5068,0.0,0.0,0.0,-1.5161,40.6037,9.844,-170.086,-16.9511,2.32845264,-77.50660000000002,-14.62264736,-92.12924736000002
1222,8.5878,24.3985,14.6699,0.0,0.0,0.0,-2.6093,41.2532,10.393,-168.3624,-18.7896,2.3395276799999998,-71.6693,-16.45007232,-88.11937232
1223,6.6535,22.8343,11.543,0.0,0.0,0.0,-2.9141,42.0364,9.7139,-169.779,-18.5699,2.3470596,-79.912,-16.2228404,-96.13484040000002
1224,3.4624,22.371,10.4662,0.0,0.0,0.0,-2.0915,39.6479,10.4605,-164.9633,-17.7494,2.3224053600000003,-80.64680000000001,-15.42699464,-96.07379464000002
1225,6.892,25.5729,19.4059,0.0,0.0,0.0,-2.2389,42.3247,10.5228,-174.6463,-16.3051,2.29206456,-72.16689999999998,-14.01303544,-86.17993543999998
1226,8.6821,26.5014,10.7211,0.0,0.0,0.0,-3.0215,40.9546,9.0854,-167.9931,-18.2435,2.35809648,-75.07,-15.88540352,-90.95540351999999
1227,7.5886,22.4783,13.2191,0.0,0.0,0.0,-2.4172,41.6204,10.5381,-169.5836,-17.5002,2.32772544,-76.5563,-15.17247456,-91.72877456
1228,6.7164,21.5572,16.3581,0.0,0.0,0.0,-2.3313,41.037,10.5189,-172.4541,-16.2942,2.31307128,-78.5978,-13.981128720000001,-92.57892872000001
1229,9.242,23.6401,15.362,0.0,0.0,0.0,-2.8433,40.4539,10.7221,-169.0883,-16.9374,2.31367752,-72.5115,-14.62372248,-87.13522248
1230,3.188,30.5218,10.627,0.0,0.0,0.0,-0.7182,41.1922,11.3753,-171.0836,-16.755,2.3356476,-74.8975,-14.4193524,-89.31685239999999
1231,7.795,24.0304,14.5634,0.0,0.0,0.0,-2.8637,41.1411,10.0017,-169.0769,-18.3045,2.32928496,-74.40899999999999,-15.975215040000002,-90.38421504
1232,3.5623,24.7762,14.468,0.0,0.0,0.0,-3.1019,40.3625,9.5625,-168.2096,-16.3535,2.3143363200000002,-78.58,-14.03916368,-92.61916368
1233,13.6637,24.8962,16.5014,0.0,0.0,0.0,-2.1888,41.4796,10.0324,-173.2725,-17.1971,2.3243284799999997,-68.888,-14.872771519999999,-83.76077152
1234,12.8317,23.2386,14.4438,0.0,0.0,0.0,-2.9333,39.6414,9.0096,-164.5153,-17.6813,2.3349506399999997,-68.2835,-15.346349360000001,-83.62984936
1235,11.2846,24.3599,9.4256,0.0,0.0,0.0,-1.9659,41.6823,9.1679,-169.1444,-17.4883,2.35048536,-75.19,-15.137814639999998,-90.32781464
1236,7.4517,25.6814,12.4618,0.0,0.0,0.0,-2.9208,40.7623,10.3547,-166.7361,-17.9154,2.3382072,-72.94500000000001,-15.577192800000002,-88.52219280000001
1237,4.674,22.3844,11.9434,0.0,0.0,0.0,-2.5923,40.1895,9.5391,-164.8081,-19.1412,2.3453315999999997,-78.66999999999999,-16.795868400000003,-95.46586839999999
1238,4.78,24.7768,12.9222,0.0,0.0,0.0,-2.5618,39.6345,10.4954,-165.8983,-17.8258,2.3380768799999996,-75.85119999999999,-15.487723120000002,-91.33892311999999
1239,6.0484,25.4744,18.5059,0.0,0.0,0.0,-2.856,41.2029,9.4733,-169.1036,-17.1378,2.34430632,-71.25470000000001,-14.79349368,-86.04819368000001
1240,7.1628,22.6793,11.6879,0.0,0.0,0.0,-2.8333,40.4932,8.9031,-168.4009,-16.4413,2.34598608,-80.30790000000002,-14.095313919999999,-94.40321392000001
1241,8.0815,25.3335,16.4873,0.0,0.0,0.0,-2.9018,41.3832,10.8501,-169.265,-18.6949,2.331846,-70.03119999999998,-16.363054,-86.39425399999999
1242,11.3442,28.9869,9.2421,0.0,0.0,0.0,-1.8189,41.3784,8.6946,-170.0812,-17.8617,2.33531136,-72.2539,-15.526388639999999,-87.78028864
1243,7.7621,22.2746,15.9908,0.0,0.0,0.0,-3.2588,41.8373,9.2254,-167.7284,-18.0666,2.32058952,-73.89699999999999,-15.74601048,-89.64301047999999
1244,6.0567,26.8299,11.5197,0.0,0.0,0.0,-2.4015,40.7502,11.2669,-167.8512,-17.6197,2.30776704,-73.82930000000002,-15.311932960000002,-89.14123296000001
1245,8.0079,25.9394,10.4379,0.0,0.0,0.0,-2.0117,42.5167,9.6257,-173.6213,-16.3234,2.30708592,-79.1054,-14.016314079999999,-93.12171407999999
1246,5.1543,22.3623,14.1692,0.0,0.0,0.0,-2.8449,41.4231,9.9924,-169.5543,-18.0327,2.32121808,-79.29790000000001,-15.711481919999999,-95.00938192000001
1247,8.1492,28.669,11.3764,0.0,0.0,0.0,-2.9676,41.3065,10.6354,-167.5658,-18.0606,2.3334170399999996,-70.39689999999999,-15.72718296,-86.12408295999998
1248,12.8526,27.179,14.3223,0.0,0.0,0.0,-3.0383,41.9795,10.6897,-171.4595,-17.2828,2.3129855999999998,-67.4747,-14.969814400000002,-82.44451439999999
1249,4.0071,27.9424,12.7728,0.0,0.0,0.0,-1.6885,39.9797,10.5726,-167.6773,-16.1058,2.3152154400000002,-74.0912,-13.79058456,-87.88178456
1250,9.072,22.7718,15.2858,0.0,0.0,0.0,-0.3574,40.8414,9.1183,-170.3457,-17.0344,2.3092336799999997,-73.6138,-14.725166320000001,-88.33896632
1251,5.32,25.6392,13.7334,0.0,0.0,0.0,-2.4654,41.6923,11.6334,-169.488,-17.3479,2.32046208,-73.9351,-15.027437919999999,-88.96253792
1252,10.9269,23.3595,13.2492,0.0,0.0,0.0,-2.3476,41.1774,8.734,-168.3496,-17.2732,2.3278248,-73.25020000000002,-14.945375199999999,-88.19557520000002
1253,4.471,21.5984,17.4323,0.0,0.0,0.0,-2.8087,40.3777,10.6325,-167.9486,-16.6898,2.30566536,-76.24540000000002,-14.384134640000003,-90.62953464000002
1254,7.4036,21.354,11.2665,0.0,0.0,0.0,-1.9488,40.5351,10.9517,-168.4122,-16.975,2.2986755999999997,-78.85010000000001,-14.676324400000002,-93.52642440000002
1255,5.2654,21.2665,16.1604,0.0,0.0,0.0,-2.5949,40.7266,9.9337,-167.3701,-18.1852,2.3038459199999997,-76.61240000000001,-15.881354079999998,-92.49375408
1256,12.1391,21.5218,14.6213,0.0,0.0,0.0,-2.9523,41.3362,8.5051,-167.3517,-18.5642,2.3284396800000002,-72.1805,-16.23576032,-88.41626031999999
1257,10.797,23.9321,13.6619,0.0,0.0,0.0,-1.7967,40.8119,10.5408,-168.4751,-16.8403,2.3444726399999998,-70.52809999999998,-14.49582736,-85.02392735999997
1258,10.0757,22.319,19.1403,0.0,0.0,0.0,-2.442,41.267,9.7693,-165.5726,-19.2894,2.31596064,-65.4433,-16.97343936,-82.41673936
1259,10.4911,21.8277,11.1433,0.0,0.0,0.0,-2.9268,39.6049,8.3962,-163.9365,-17.6196,2.3585889599999996,-75.40010000000001,-15.26101104,-90.66111104
1260,8.1199,26.7125,11.3783,0.0,0.0,0.0,-1.1912,39.4155,9.1494,-166.2015,-16.9076,2.32666272,-72.61710000000001,-14.580937279999999,-87.19803728000001
1261,9.393,20.933,12.335,0.0,0.0,0.0,-2.6768,39.8889,9.6032,-164.5076,-17.9638,2.320344,-75.0313,-15.643455999999999,-90.674756
1262,4.2218,22.7168,16.2459,0.0,0.0,0.0,-2.9081,40.32,9.8233,-165.5793,-18.2706,2.3395456799999996,-75.15959999999998,-15.931054320000001,-91.09065431999998
1263,15.6666,29.7406,15.1184,0.0,0.0,0.0,-2.9481,41.5536,8.1472,-170.5457,-17.626,2.3248332,-63.26740000000001,-15.3011668,-78.56856680000001
1264,7.1864,28.4316,12.5041,0.0,0.0,0.0,-2.4687,41.2495,8.9438,-168.7638,-17.5297,2.3352105599999997,-72.9171,-15.194489439999998,-88.11158944
1265,8.1911,26.7002,12.2523,0.0,0.0,0.0,-2.8186,42.4004,10.4966,-170.9605,-17.2462,2.30864688,-73.73849999999999,-14.937553120000002,-88.67605311999999
1266,6.9693,22.62,12.8667,0.0,0.0,0.0,-2.0522,40.2642,10.1948,-167.0608,-18.7467,2.34513144,-76.198,-16.40156856,-92.59956856
1267,8.3562,23.3053,15.6601,0.0,0.0,0.0,-2.6831,40.3619,10.7854,-166.8466,-19.2121,2.31998976,-71.06080000000001,-16.89211024,-87.95291024000002
1268,9.8243,21.7632,9.9274,0.0,0.0,0.0,-1.8191,40.8792,9.2406,-167.4365,-17.5229,2.32166232,-77.6209,-15.20123768,-92.82213768
1269,10.4963,25.5952,6.0366,0.0,0.0,0.0,-0.829,39.4768,8.7482,-165.7279,-16.4633,2.31568776,-76.20380000000002,-14.14761224,-90.35141224000002
1270,6.4676,20.6652,18.7037,0.0,0.0,0.0,-2.2956,39.9916,10.7614,-168.041,-16.9259,2.3178153599999995,-73.7471,-14.60808464,-88.35518464
1271,3.6391,27.7225,11.0925,0.0,0.0,0.0,-1.5511,39.7588,9.2056,-166.0835,-17.7094,2.3458896,-76.21609999999998,-15.3635104,-91.57961039999998
1272,4.9739,30.4586,12.3186,0.0,0.0,0.0,-2.5028,42.1902,12.5012,-169.3094,-18.5902,2.3279630399999998,-69.36970000000001,-16.26223696,-85.63193696
1273,8.7813,26.4119,10.5344,0.0,0.0,0.0,-2.8888,40.123,11.8455,-167.198,-17.2113,2.294874,-72.39070000000002,-14.916426000000001,-87.30712600000004
1274,7.1909,20.774,13.8329,0.0,0.0,0.0,-2.6322,41.352,10.4727,-166.6384,-18.6425,2.31925392,-75.64809999999999,-16.323246079999997,-91.97134607999999
1275,10.5002,23.62,10.5086,0.0,0.0,0.0,0.201,39.9806,8.4712,-165.8139,-17.6043,2.33668008,-72.53229999999999,-15.267619919999998,-87.79991992
1276,6.1004,28.0615,8.3365,0.0,0.0,0.0,-1.2492,40.5119,9.4552,-171.0544,-16.7581,2.3287535999999998,-79.83809999999998,-14.4293464,-94.26744639999998
1277,6.8737,26.6818,12.5332,0.0,0.0,0.0,-1.9615,41.037,9.8598,-171.2225,-16.6633,2.3250592799999996,-76.1985,-14.33824072,-90.53674071999998
1278,4.5812,25.6814,10.9805,0.0,0.0,0.0,-2.5017,40.8881,9.7009,-168.6046,-17.0315,2.3336676,-79.2742,-14.697832400000001,-93.9720324
1279,5.696,20.6442,15.3239,0.0,0.0,0.0,-1.8543,39.6396,10.2373,-164.9853,-17.3643,2.3190688799999997,-75.2986,-15.04523112,-90.34383111999999
1280,3.9481,23.7946,14.1394,0.0,0.0,0.0,-2.8034,41.1355,9.8652,-169.0222,-17.0872,2.3303347199999997,-78.94279999999999,-14.75686528,-93.69966527999999
1281,5.4394,25.5028,9.3721,0.0,0.0,0.0,-2.363,40.7524,10.6636,-168.3125,-16.6398,2.32187544,-78.9452,-14.317924560000002,-93.26312456000001
1282,6.4247,27.5787,11.9191,0.0,0.0,0.0,-2.8103,42.2646,10.5084,-170.7246,-17.5678,2.34097704,-74.83940000000001,-15.226822959999998,-90.06622296000002
1283,7.434,25.311,8.5839,0.0,0.0,0.0,-1.4979,40.7844,9.9265,-167.5585,-17.5073,2.3305716,-77.01660000000001,-15.176728400000002,-92.19332840000001
1284,4.4007,17.8769,16.2575,0.0,0.0,0.0,-2.3822,40.1116,10.0433,-166.2482,-17.4036,2.3226372,-79.9404,-15.080962800000002,-95.02136279999999
1285,5.1121,23.8294,15.0445,0.0,0.0,0.0,-2.4008,41.1836,11.405,-170.3235,-16.7004,2.31537024,-76.1497,-14.385029759999998,-90.53472976
1286,6.9903,21.9291,9.4336,0.0,0.0,0.0,-1.9558,40.7573,9.7823,-167.0855,-17.0054,2.31540192,-80.14869999999999,-14.689998080000002,-94.83869808
1287,10.8577,23.0754,10.2342,0.0,0.0,0.0,-1.677,40.6603,9.934,-168.2009,-16.7701,2.35416312,-75.1163,-14.41593688,-89.53223688
1288,8.1265,24.3257,10.0557,0.0,0.0,0.0,-2.8455,40.7382,10.6606,-167.6738,-17.1587,2.30054904,-76.6126,-14.85815096,-91.47075096
1289,5.8822,27.3352,9.3657,0.0,0.0,0.0,-2.7294,41.3847,11.6249,-169.0779,-16.265,2.3245948800000003,-76.21459999999999,-13.940405120000001,-90.15500511999998
1290,5.3019,27.857,11.068,0.0,0.0,0.0,-3.2141,40.7847,9.0942,-167.8651,-17.6938,2.34177048,-76.97340000000001,-15.352029519999999,-92.32542952000001
1291,4.6152,27.3776,7.9306,0.0,0.0,0.0,-1.3708,40.6226,12.2496,-168.4158,-16.8658,2.32547616,-76.991,-14.54032384,-91.53132384
1292,11.8001,23.4659,6.0623,0.0,0.0,0.0,0.6366,40.6037,10.0849,-169.0467,-16.1679,2.3243860799999996,-76.39319999999998,-13.84351392,-90.23671391999999
1293,2.8949,25.3748,11.3404,0.0,0.0,0.0,-2.3798,40.9593,9.1115,-168.4106,-17.9725,2.3410836,-81.1095,-15.631416399999999,-96.74091639999999
1294,3.6844,22.4525,18.2139,0.0,0.0,0.0,-2.9307,39.519,9.8465,-163.53,-17.7918,2.3256324,-72.7444,-15.466167599999999,-88.21056759999999
1295,5.0424,23.1969,9.195,0.0,0.0,0.0,-2.5983,40.7064,9.9279,-167.2047,-17.4184,2.34206856,-81.73440000000001,-15.076331439999999,-96.81073144000001
1296,11.7751,24.1782,7.2496,0.0,0.0,0.0,-1.0992,39.3156,8.9028,-165.3999,-17.5957,2.3261666400000003,-75.07780000000001,-15.26953336,-90.34733336000002
1297,8.1922,25.9133,11.1246,0.0,0.0,0.0,-1.9071,40.3845,10.2757,-166.0517,-17.9832,2.33532432,-72.0685,-15.64787568,-87.71637568
1298,8.8937,26.7582,14.9299,0.0,0.0,0.0,-2.9456,42.1507,9.7486,-169.7418,-18.5561,2.346642,-70.20630000000001,-16.209458,-86.41575800000001
1299,4.1748,22.7572,12.0959,0.0,0.0,0.0,-2.2993,39.4796,9.8556,-163.459,-17.947,2.33821296,-77.3952,-15.60878704,-93.00398704
1300,7.6747,25.087,13.8197,0.0,0.0,0.0,-2.6733,41.0877,8.8762,-169.9767,-17.2126,2.32087608,-76.1047,-14.891723919999999,-90.99642391999998
1301,3.6188,24.6447,12.8582,0.0,0.0,0.0,-2.3633,40.0352,11.424,-165.6001,-18.1625,2.3392079999999997,-75.3825,-15.823292000000002,-91.20579199999999
1302,4.5847,22.4923,12.0883,0.0,0.0,0.0,-2.6348,40.6491,10.5542,-166.9274,-17.6881,2.3234990399999997,-79.19360000000002,-15.364600959999999,-94.55820096000002
1303,3.2283,24.6227,12.6751,0.0,0.0,0.0,-1.634,40.8585,10.8711,-169.0724,-16.8963,2.30801904,-78.4507,-14.58828096,-93.03898095999999
1304,4.2534,29.7782,16.0727,0.0,0.0,0.0,-2.3097,40.3344,9.6664,-167.6115,-17.6808,2.3465628,-69.81610000000002,-15.3342372,-85.15033720000002
1305,6.0577,24.5424,14.5638,0.0,0.0,0.0,-1.8105,40.1515,9.5165,-167.6486,-17.3209,2.33966088,-74.62719999999999,-14.981239120000001,-89.60843911999999
1306,11.4238,25.3946,14.3656,0.0,0.0,0.0,-3.1226,39.2833,10.6718,-161.1768,-18.5697,2.32820928,-63.16029999999999,-16.24149072,-79.40179072
1307,6.1021,29.9055,15.236,0.0,0.0,0.0,-0.7226,40.7776,10.1093,-171.938,-16.2811,2.31087672,-70.53009999999999,-13.970223279999999,-84.50032327999999
1308,10.1353,21.576,10.1924,0.0,0.0,0.0,-2.2734,40.6388,10.7741,-167.016,-18.954,2.3375268,-75.97279999999998,-16.6164732,-92.58927319999998
1309,4.9957,29.5489,11.9408,0.0,0.0,0.0,-1.9262,40.596,10.3657,-166.9457,-17.341,2.31990984,-71.42479999999999,-15.021090160000002,-86.44589015999999
1310,4.4447,20.3909,9.589,0.0,0.0,0.0,-2.2324,39.7779,11.1626,-166.0936,-17.8604,2.31497424,-82.96090000000001,-15.545425759999999,-98.50632576000001
1311,10.2195,21.8656,11.7227,0.0,0.0,0.0,-2.429,40.695,9.6114,-168.0134,-16.8211,2.31873624,-76.32819999999998,-14.502363760000001,-90.83056375999999
1312,7.0336,22.887,16.5387,0.0,0.0,0.0,-2.6714,40.9516,9.4655,-166.467,-17.2833,2.34190584,-72.26200000000001,-14.941394160000002,-87.20339416000002
1313,9.8212,23.5786,14.7141,0.0,0.0,0.0,-2.3318,41.1868,10.2998,-170.3521,-17.3229,2.33408952,-73.08340000000001,-14.988810480000001,-88.07221048000001
1314,4.682,21.8809,12.1625,0.0,0.0,0.0,-2.9971,40.4894,8.3732,-166.1207,-18.0888,2.3377831199999997,-81.5298,-15.75101688,-97.28081687999999
1315,6.5781,27.293,11.2589,0.0,0.0,0.0,-2.6584,40.2746,8.6349,-165.5966,-18.1284,2.3461862399999998,-74.2155,-15.78221376,-89.99771376000001
1316,6.0669,18.9734,15.3362,0.0,0.0,0.0,-3.0181,40.6319,12.6934,-166.4764,-17.3823,2.30873616,-75.79270000000001,-15.07356384,-90.86626384000002
1317,7.2068,19.997,12.3234,0.0,0.0,0.0,-2.2888,40.4712,9.3874,-166.5283,-17.3507,2.33669664,-79.43130000000001,-15.01400336,-94.44530336000001
1318,5.0897,23.0989,10.6632,0.0,0.0,0.0,-2.6226,40.6872,10.071,-166.2506,-17.2899,2.34771984,-79.2632,-14.94218016,-94.20538016
1319,7.6876,26.4419,11.4209,0.0,0.0,0.0,-3.0929,40.8818,8.9386,-167.4523,-17.4727,2.33951328,-75.17440000000002,-15.13318672,-90.30758672000002
1320,9.2209,21.0723,7.8311,0.0,0.0,0.0,-0.3769,40.8877,10.0954,-165.7228,-18.1295,2.3173632,-76.99230000000001,-15.812136800000001,-92.8044368
1321,6.4767,26.419,10.2008,0.0,0.0,0.0,-2.7482,40.77,11.503,-167.5403,-18.6812,2.33427168,-74.919,-16.34692832,-91.26592832
1322,9.6707,25.0471,11.4676,0.0,0.0,0.0,-1.8707,39.913,8.6514,-166.0097,-17.2657,2.33153352,-73.13060000000002,-14.934166479999998,-88.06476648000002
1323,7.8874,25.4052,13.4229,0.0,0.0,0.0,-2.59,41.8662,9.8454,-170.6091,-17.6804,2.3263567199999997,-74.772,-15.354043279999999,-90.12604328
1324,3.5407,26.1976,13.3984,0.0,0.0,0.0,-2.455,39.9844,9.7446,-168.1408,-16.4715,2.3305262399999997,-77.73010000000001,-14.14097376,-91.87107376000002
1325,6.7072,22.4644,14.3143,0.0,0.0,0.0,-0.9224,40.0647,11.1166,-166.9053,-16.5869,2.29659408,-73.16050000000001,-14.29030592,-87.45080592000001
1326,11.0922,24.0962,10.786,0.0,0.0,0.0,-2.5199,40.1155,9.0529,-167.448,-16.974,2.34398232,-74.82510000000002,-14.63001768,-89.45511768000003
1327,10.0702,21.1586,18.4274,0.0,0.0,0.0,-2.8128,40.6349,10.2195,-171.9603,-15.6335,2.31238008,-74.2625,-13.32111992,-87.58361992
1328,8.0274,22.9901,11.4081,0.0,0.0,0.0,-1.8235,40.1732,9.8687,-165.6394,-17.4575,2.3294448,-74.99539999999999,-15.128055199999999,-90.12345519999998
1329,7.5479,23.0272,13.2056,0.0,0.0,0.0,-2.2013,40.6014,10.9216,-166.805,-18.7065,2.34655632,-73.70260000000002,-16.359943679999997,-90.06254368000002
1330,10.7404,27.1482,13.4403,0.0,0.0,0.0,-2.5541,40.3425,8.5468,-169.774,-16.6643,2.3501627999999997,-72.1099,-14.314137200000001,-86.42403719999999
1331,5.4432,25.135,16.816,0.0,0.0,0.0,-1.4937,41.001,9.5004,-167.5869,-17.4435,2.3279759999999996,-71.18500000000002,-15.115524,-86.30052400000002
1332,6.9335,23.4013,13.3705,0.0,0.0,0.0,-2.4595,40.5911,10.4155,-165.8128,-18.6157,2.3485212,-73.56040000000002,-16.2671788,-89.82757880000003
1333,8.5302,22.705,13.2315,0.0,0.0,0.0,-2.8727,41.1361,9.7254,-168.0659,-17.4409,2.32875792,-75.6104,-15.112142079999998,-90.72254208
1334,6.6345,24.556,12.2757,0.0,0.0,0.0,-2.3057,40.0325,9.9449,-165.0974,-17.9752,2.32540128,-73.95949999999999,-15.649798720000001,-89.60929872
1335,4.3882,26.3661,12.4934,0.0,0.0,0.0,-2.0943,41.4819,11.9835,-171.4979,-17.1014,2.3019789599999996,-76.8791,-14.799421040000002,-91.67852103999999
1336,4.4703,26.9979,11.1342,0.0,0.0,0.0,-1.9381,40.347,12.0183,-166.4661,-16.79,2.3208912,-73.43650000000001,-14.469108799999999,-87.90560880000001
1337,10.639,28.1849,19.8549,0.0,0.0,0.0,-1.9851,41.1138,9.6992,-168.5861,-18.5398,2.30506776,-61.07939999999999,-16.23473224,-77.31413223999999
1338,3.9279,26.7283,14.9789,0.0,0.0,0.0,-2.4553,40.1155,12.3915,-170.0334,-16.4514,2.28574944,-74.3466,-14.16565056,-88.51225056
1339,5.9191,26.2727,16.7423,0.0,0.0,0.0,-3.0169,40.0533,9.4434,-168.363,-17.6593,2.31889464,-72.9491,-15.340405360000002,-88.28950536
1340,8.0464,21.3584,13.1147,0.0,0.0,0.0,-2.3725,40.4098,9.7126,-164.9488,-18.0966,2.3257115999999995,-74.67940000000002,-15.770888399999999,-90.4502884
1341,5.9889,26.0751,12.532,0.0,0.0,0.0,-2.1652,40.6082,9.8438,-166.7247,-17.8605,2.32977096,-73.84190000000001,-15.530729039999999,-89.37262904
1342,8.9513,25.8742,11.0531,0.0,0.0,0.0,-1.5173,40.4879,10.047,-168.173,-16.8316,2.34690264,-73.27680000000001,-14.484697360000002,-87.76149736000002
1343,5.4038,22.3474,11.2728,0.0,0.0,0.0,-1.5595,40.3865,9.5905,-167.2591,-17.9602,2.31623928,-79.81759999999998,-15.64396072,-95.46156071999998
1344,11.1253,23.1189,16.6015,0.0,0.0,0.0,-2.9897,41.6888,11.932,-170.7707,-17.2679,2.3155056,-69.2939,-14.952394400000001,-84.2462944
1345,7.0934,29.9653,12.8271,0.0,0.0,0.0,-2.2707,40.8503,10.4331,-167.4893,-17.3212,2.33024184,-68.59079999999999,-14.990958160000002,-83.58175815999999
1346,6.2941,26.3166,16.269,0.0,0.0,0.0,-2.899,40.5876,11.0398,-168.1024,-17.9842,2.3229885599999998,-70.4943,-15.661211440000002,-86.15551144
1347,6.0304,22.1892,16.4199,0.0,0.0,0.0,-2.8635,41.142,9.3056,-167.929,-17.2915,2.3162652,-75.7054,-14.975234799999999,-90.68063479999999
1348,5.8812,21.3049,14.0736,0.0,0.0,0.0,-2.7933,40.8889,9.4173,-167.7682,-18.1177,2.3149764,-78.99560000000001,-15.8027236,-94.7983236
1349,6.9773,24.2335,16.2083,0.0,0.0,0.0,-2.7576,40.8838,10.375,-169.4637,-17.161,2.31918984,-73.54339999999999,-14.841810160000001,-88.38521015999999
1350,6.9945,19.749,14.2382,0.0,0.0,0.0,-1.8072,40.4782,10.497,-168.0094,-16.9641,2.3098824,-77.8597,-14.654217599999999,-92.5139176
1351,8.5342,24.1675,9.6326,0.0,0.0,0.0,-2.3641,39.8819,11.0004,-166.0949,-17.2546,2.33467488,-75.24239999999999,-14.91992512,-90.16232511999999
1352,5.2256,26.6686,12.8063,0.0,0.0,0.0,-2.7805,40.974,11.8209,-167.9122,-17.0265,2.33792424,-73.19730000000001,-14.688575759999999,-87.88587576
1353,8.0162,24.3822,15.8555,0.0,0.0,0.0,-2.4599,41.5193,9.6177,-171.4101,-16.4332,2.3251881599999997,-74.4791,-14.10801184,-88.58711184
1354,9.407,22.1179,11.2754,0.0,0.0,0.0,-1.2916,40.1128,10.1,-167.0579,-17.314,2.3227056,-75.3364,-14.991294400000001,-90.32769439999998
1355,8.5635,28.2517,12.0887,0.0,0.0,0.0,-2.306,40.5675,10.6527,-168.4531,-18.0453,2.3310648,-70.635,-15.714235200000001,-86.34923520000001
1356,8.3382,23.5101,19.5904,0.0,0.0,0.0,-2.6133,41.5172,10.4288,-168.2342,-19.0326,2.30347008,-67.46279999999999,-16.72912992,-84.19192991999999
1357,4.2095,25.678,10.7684,0.0,0.0,0.0,-2.7919,40.4494,10.1919,-167.5612,-17.6882,2.3325443999999997,-79.05590000000001,-15.355655599999999,-94.4115556
1358,5.3294,25.1315,12.9096,0.0,0.0,0.0,-2.3584,40.6468,10.9216,-169.9242,-15.6816,2.29322376,-77.34370000000003,-13.38837624,-90.73207624000003
1359,12.0186,24.0337,10.7215,0.0,0.0,0.0,-2.2284,41.0181,11.1316,-170.8494,-16.923,2.32212744,-74.15429999999999,-14.60087256,-88.75517255999999
1360,11.8594,24.3214,12.2786,0.0,0.0,0.0,-2.7208,40.8833,10.2979,-170.8233,-16.9831,2.33606304,-73.90349999999998,-14.647036960000001,-88.55053695999999
1361,5.763,25.3511,8.7091,0.0,0.0,0.0,-1.6435,40.5399,10.4198,-169.047,-17.1818,2.3156229600000002,-79.9076,-14.866177039999998,-94.77377704
1362,8.1958,23.6,8.9891,0.0,0.0,0.0,-1.03,41.4532,10.3372,-169.0771,-18.25,2.34092952,-77.5318,-15.90907048,-93.44087048
1363,9.2876,23.5531,13.3293,0.0,0.0,0.0,-2.3183,41.2453,9.956,-168.875,-17.9809,2.31188256,-73.82199999999999,-15.669017439999998,-89.49101744
1364,4.2506,33.0315,17.3214,0.0,0.0,0.0,-2.8199,41.6091,9.6318,-168.1787,-20.3188,2.33863128,-65.1542,-17.980168719999998,-83.13436872
1365,8.7749,25.6739,10.2128,0.0,0.0,0.0,-2.1162,40.4685,11.0692,-166.4771,-17.5484,2.32478784,-72.394,-15.223612160000002,-87.61761216000001
1366,4.5389,21.567,11.875,0.0,0.0,0.0,-1.3068,40.5489,10.9813,-168.6246,-17.4206,2.3345424,-80.42029999999998,-15.0860576,-95.50635759999997
1367,6.1737,24.6008,11.7242,0.0,0.0,0.0,-2.4955,41.011,10.6712,-166.9534,-18.3603,2.33576136,-75.26799999999999,-16.02453864,-91.29253863999998
1368,10.7193,22.157,10.232,0.0,0.0,0.0,-2.6672,40.1731,9.1971,-165.7055,-17.7587,2.34384624,-75.8942,-15.414853760000002,-91.30905376
1369,6.2807,26.054,8.8302,0.0,0.0,0.0,-1.6457,40.8647,9.6718,-167.9697,-17.639,2.32052976,-77.91399999999999,-15.31847024,-93.23247023999998
1370,6.7838,20.6925,19.1598,0.0,0.0,0.0,-2.7378,41.2664,10.0146,-169.5322,-17.9789,2.3180328,-74.35289999999999,-15.660867199999998,-90.01376719999999
1371,5.9233,24.0637,10.6634,0.0,0.0,0.0,-2.783,41.1568,11.1581,-166.3626,-18.9055,2.32270128,-76.18029999999997,-16.58279872,-92.76309871999997
1372,8.5537,26.4469,11.1894,0.0,0.0,0.0,-2.9372,40.598,8.9106,-167.3009,-17.6328,2.345166,-74.53950000000002,-15.287634,-89.82713400000002
1373,6.1364,23.4489,13.3313,0.0,0.0,0.0,-2.3661,41.716,11.1231,-169.222,-17.5273,2.31469272,-75.8324,-15.21260728,-91.04500728000001
1374,8.4919,21.1902,12.5782,0.0,0.0,0.0,-2.1879,41.1578,10.7698,-171.1463,-16.7811,2.32010352,-79.1463,-14.460996479999999,-93.60729647999999
1375,6.4723,28.9492,10.7515,0.0,0.0,0.0,-2.5633,41.6154,9.7731,-171.9392,-16.7153,2.31392952,-76.941,-14.401370479999999,-91.34237048
1376,4.2826,27.6823,14.4616,0.0,0.0,0.0,-3.1753,42.0525,11.5848,-170.026,-16.4859,2.32345224,-73.1375,-14.162447760000001,-87.29994776000001
1377,6.6194,29.0727,11.8553,0.0,0.0,0.0,-2.9614,41.2334,8.8115,-169.2681,-17.7917,2.33200872,-74.6372,-15.459691279999998,-90.09689128
1378,5.1375,27.4348,10.3574,0.0,0.0,0.0,-2.3699,41.0744,11.8663,-168.9077,-17.5096,2.30832144,-75.40720000000002,-15.201278559999999,-90.60847856000002
1379,7.4727,27.7166,9.3052,0.0,0.0,0.0,-2.6362,41.8366,11.7045,-170.2403,-17.2505,2.3221375199999996,-74.8409,-14.928362479999999,-89.76926248000001
1380,4.9431,22.1742,13.211,0.0,0.0,0.0,-2.8562,40.2459,10.116,-166.2216,-18.2368,2.34533592,-78.3876,-15.891464079999999,-94.27906408000001
1381,5.2778,21.2286,11.3493,0.0,0.0,0.0,-2.712,41.5584,9.2703,-169.8131,-17.678,2.35532736,-83.84069999999998,-15.32267264,-99.16337263999998
1382,11.1245,27.7597,13.4049,0.0,0.0,0.0,-3.1178,41.3663,10.9846,-170.6655,-15.8496,2.3092718399999996,-69.14330000000001,-13.540328160000001,-82.68362816000001
1383,9.4642,20.9322,19.2496,0.0,0.0,0.0,-2.2256,41.3599,10.9101,-170.2427,-17.5414,2.31654816,-70.5523,-15.22485184,-85.77715184
1384,5.7508,25.4372,12.5483,0.0,0.0,0.0,-2.9963,40.866,9.9345,-168.2734,-17.556,2.3317200000000002,-76.73290000000001,-15.22428,-91.95718000000001
1385,6.9229,25.0705,12.8858,0.0,0.0,0.0,-0.2975,40.2204,12.7374,-165.6289,-17.2352,2.30568912,-68.0894,-14.929510879999999,-83.01891088
1386,6.9768,20.0851,15.7343,0.0,0.0,0.0,-3.158,40.2704,11.1861,-165.3272,-17.7343,2.29661856,-74.2325,-15.43768144,-89.67018144000001
1387,8.3715,27.2094,12.0769,0.0,0.0,0.0,-2.7983,40.348,9.5712,-167.5525,-17.7467,2.3183316,-72.7738,-15.4283684,-88.2021684
1388,10.8744,25.9407,11.3494,0.0,0.0,0.0,-1.2679,40.55,9.8954,-169.9318,-16.6523,2.32015176,-72.58980000000001,-14.33214824,-86.92194824
1389,7.1429,28.5435,8.897,0.0,0.0,0.0,-0.8534,40.6916,9.4526,-170.4325,-17.1881,2.31765192,-76.5583,-14.87044808,-91.42874807999999
1390,7.2064,27.138,9.6773,0.0,0.0,0.0,-1.9029,41.4296,11.4792,-173.1303,-16.8955,2.32836264,-78.1027,-14.567137359999998,-92.66983736
1391,7.0348,24.2779,13.6831,0.0,0.0,0.0,-2.4129,40.8799,8.6373,-165.8005,-18.2048,2.35869264,-73.7004,-15.846107359999998,-89.54650736
1392,11.3564,26.2699,9.9617,0.0,0.0,0.0,-2.2928,40.1609,9.8346,-166.656,-17.1471,2.33353008,-71.36530000000002,-14.813569919999999,-86.17886992000001
1393,8.3574,26.3489,11.793,0.0,0.0,0.0,-1.9055,40.1339,11.4766,-165.2994,-19.1758,2.3149425599999995,-69.09509999999999,-16.86085744,-85.95595743999998
1394,5.8848,29.0483,10.6693,0.0,0.0,0.0,-2.3247,41.3085,11.4263,-171.114,-16.6743,2.30879304,-75.1015,-14.36550696,-89.46700696
1395,7.5752,22.8583,10.3105,0.0,0.0,0.0,-1.0961,40.03,11.9764,-165.2569,-17.2978,2.33627112,-73.60260000000001,-14.96152888,-88.56412888
1396,6.3488,19.8448,13.8067,0.0,0.0,0.0,-2.0972,39.849,11.4953,-165.7384,-16.8738,2.3183244000000003,-76.49100000000003,-14.5554756,-91.04647560000004
1397,5.6512,23.2079,10.6459,0.0,0.0,0.0,-2.8262,40.4475,11.7451,-164.5725,-17.9646,2.29736304,-75.7011,-15.66723696,-91.36833696000001
1398,7.9455,23.5647,12.7309,0.0,0.0,0.0,-2.5223,41.2748,10.4039,-168.1888,-18.3762,2.31781248,-74.7913,-16.05838752,-90.84968752
1399,6.5554,25.2808,14.0563,0.0,0.0,0.0,-2.1581,40.6625,9.9302,-170.3518,-17.2689,2.35844064,-76.0247,-14.910459359999999,-90.93515936
1400,5.1776,22.5631,16.1998,0.0,0.0,0.0,-2.733,39.9827,8.989,-166.588,-17.2139,2.3514847199999998,-76.40879999999999,-14.862415279999999,-91.27121527999998
1401,3.8386,24.0552,15.2442,0.0,0.0,0.0,-2.8089,40.3652,11.0134,-167.676,-18.3107,2.3309964,-75.96829999999999,-15.9797036,-91.94800359999998
1402,6.7642,24.4502,13.1508,0.0,0.0,0.0,-2.3156,41.1006,10.1148,-170.158,-17.9402,2.33285184,-76.89299999999999,-15.60734816,-92.50034815999999
1403,6.8806,25.8493,10.9404,0.0,0.0,0.0,-1.8448,38.9858,10.7124,-163.3335,-17.321,2.31261552,-71.8098,-15.008384480000002,-86.81818448
1404,6.2162,21.3213,14.5139,0.0,0.0,0.0,-2.2452,39.2355,9.0924,-163.529,-18.4452,2.3266749599999996,-75.39489999999999,-16.11852504,-91.51342503999999
1405,4.1482,24.8752,15.2622,0.0,0.0,0.0,-1.9367,39.4575,10.8255,-166.5955,-16.9184,2.30854896,-73.96359999999999,-14.609851039999999,-88.57345103999998
1406,4.7762,22.29,16.9331,0.0,0.0,0.0,-2.8195,41.5743,9.6468,-169.4217,-16.9184,2.3058828,-77.0208,-14.6125172,-91.6333172
1407,4.4858,24.1843,13.5501,0.0,0.0,0.0,-2.5657,40.5841,11.2852,-169.0767,-17.0148,2.3260788,-77.55289999999998,-14.688721200000002,-92.24162119999997
1408,5.9155,21.5547,12.5079,0.0,0.0,0.0,-2.6656,40.1884,11.052,-167.5591,-17.0036,2.3264647199999997,-79.0062,-14.677135279999998,-93.68333528000001
1409,12.9677,24.3381,12.0311,0.0,0.0,0.0,-2.534,41.8225,10.7005,-172.2876,-17.4941,2.3107701599999997,-72.96169999999998,-15.183329839999999,-88.14502983999998
1410,6.2527,27.3871,12.4305,0.0,0.0,0.0,-1.7468,41.663,12.891,-172.3709,-16.4952,2.3129315999999998,-73.4934,-14.182268400000002,-87.67566839999999
1411,8.7206,24.6648,13.5515,0.0,0.0,0.0,-2.943,41.1016,9.5616,-167.5723,-18.3442,2.34883008,-72.91520000000003,-15.995369920000002,-88.91056992000003
1412,8.4493,25.0357,12.0849,0.0,0.0,0.0,-3.11,41.1717,9.7894,-166.3118,-17.787,2.3381784,-72.89080000000001,-15.448821599999999,-88.33962160000002
1413,8.2955,28.4746,10.8025,0.0,0.0,0.0,-2.1148,40.052,9.4322,-165.3756,-18.3881,2.32730568,-70.4336,-16.060794320000003,-86.49439432
1414,7.5776,23.7108,15.293,0.0,0.0,0.0,-1.4644,40.7375,10.2653,-171.586,-15.5412,2.33367624,-75.46620000000001,-13.20752376,-88.67372376000002
1415,5.9815,27.2939,11.2562,0.0,0.0,0.0,-1.6577,39.6969,11.2246,-163.296,-18.9928,2.3373806399999997,-69.5006,-16.65541936,-86.15601936
1416,6.0952,29.7624,14.5599,0.0,0.0,0.0,-2.7082,41.8362,10.8904,-171.1655,-16.3099,2.32442208,-70.7296,-13.98547792,-84.71507792
1417,2.5692,27.7546,14.1285,0.0,0.0,0.0,-2.283,41.1579,11.1608,-169.2281,-18.737,2.3231692799999997,-74.74010000000001,-16.41383072,-91.15393072
1418,6.8885,23.4412,12.1541,0.0,0.0,0.0,-2.324,41.1449,10.9617,-170.3574,-17.5799,2.31196032,-78.09100000000001,-15.267939679999998,-93.35893968
1419,9.0463,24.6354,7.112,0.0,0.0,0.0,-2.0172,39.956,11.247,-166.3656,-16.8145,2.313774,-76.3861,-14.500725999999998,-90.886826
1420,6.3706,22.2759,10.7271,0.0,0.0,0.0,-1.5283,40.4636,10.6534,-165.9054,-17.8054,2.34170712,-76.94309999999999,-15.463692879999998,-92.40679287999998
1421,6.8765,24.3642,10.6509,0.0,0.0,0.0,-2.0825,40.7461,9.9478,-167.1492,-17.0527,2.31443928,-76.64620000000002,-14.738260720000001,-91.38446072000002
1422,8.6069,21.508,14.7308,0.0,0.0,0.0,-2.3564,41.042,9.7469,-169.2988,-17.8775,2.3379299999999996,-76.0206,-15.539570000000001,-91.56017
1423,8.1967,23.7267,12.8245,0.0,0.0,0.0,-1.4974,40.8902,9.402,-169.4636,-17.2062,2.30743512,-75.9209,-14.898764879999998,-90.81966488
1424,9.1336,21.872,12.551,0.0,0.0,0.0,-2.0092,40.8284,10.9619,-167.9977,-16.7449,2.33274312,-74.66000000000001,-14.412156880000001,-89.07215688000001
1425,3.7175,24.5346,17.8826,0.0,0.0,0.0,-2.2543,40.6505,10.4882,-168.8219,-17.2386,2.3142852,-73.80279999999999,-14.924314800000001,-88.7271148
1426,13.3534,26.8231,7.8137,0.0,0.0,0.0,-1.0925,39.851,9.7638,-165.3451,-18.5928,2.3416387199999997,-68.8326,-16.25116128,-85.08376127999999
1427,7.4557,24.5826,12.1576,0.0,0.0,0.0,-2.5919,41.0191,10.0949,-168.7937,-18.2572,2.32084656,-76.07570000000001,-15.936353440000001,-92.01205344
1428,4.8517,25.4869,15.8499,0.0,0.0,0.0,-1.6519,42.3902,10.1919,-174.1606,-16.4856,2.3316544799999996,-77.04189999999998,-14.153945520000002,-91.19584551999999
1429,5.8886,22.3374,17.0191,0.0,0.0,0.0,-1.6147,39.9834,8.7462,-169.1971,-16.7409,2.3333688,-76.8371,-14.4075312,-91.2446312
1430,11.5887,23.4509,17.7479,0.0,0.0,0.0,-3.0127,41.2107,10.5899,-169.0844,-18.2648,2.31914016,-67.50899999999999,-15.945659840000001,-83.45465983999999
1431,4.1748,19.6269,14.868,0.0,0.0,0.0,-0.7697,39.6596,9.8441,-166.88,-16.6828,2.33214264,-79.47630000000001,-14.35065736,-93.82695736000001
1432,8.5515,31.6858,10.4222,0.0,0.0,0.0,-2.6677,41.2399,10.1778,-167.6332,-18.5118,2.35496376,-68.22369999999997,-16.15683624,-84.38053623999997
1433,9.2353,28.2624,17.9012,0.0,0.0,0.0,-2.1492,41.2848,9.0964,-172.1837,-16.242,2.3442624,-68.55279999999999,-13.897737600000001,-82.45053759999999
1434,5.5299,21.9796,12.8024,0.0,0.0,0.0,-3.0975,40.8138,9.9894,-166.3902,-18.0108,2.32275096,-78.37259999999999,-15.68804904,-94.06064904
1435,4.9775,24.6374,10.8755,0.0,0.0,0.0,-2.5777,40.786,9.6308,-165.6447,-18.2283,2.3427381599999997,-77.3152,-15.885561840000001,-93.20076184000001
1436,4.2651,24.7951,12.7923,0.0,0.0,0.0,-1.5378,40.7089,11.0463,-167.4646,-17.0538,2.31788592,-75.39469999999999,-14.735914079999999,-90.13061407999999
1437,3.9185,24.4462,9.7601,0.0,0.0,0.0,-1.732,40.0569,11.0726,-165.8296,-17.3385,2.3175144,-78.3073,-15.0209856,-93.3282856
1438,6.7892,24.925,10.0003,0.0,0.0,0.0,-1.1536,41.5728,10.6294,-172.3146,-16.7001,2.3126515199999997,-79.5515,-14.38744848,-93.93894848
1439,5.9924,28.3667,12.5274,0.0,0.0,0.0,-2.452,39.9977,9.3892,-165.4178,-17.142,2.34566424,-71.5964,-14.79633576,-86.39273576
1440,4.9975,22.7548,16.7187,0.0,0.0,0.0,-2.2715,40.0982,9.6955,-167.1492,-18.6021,2.34901728,-75.15600000000002,-16.253082720000002,-91.40908272000001
1441,8.3247,18.6855,18.484,0.0,0.0,0.0,-2.3781,41.1334,10.3705,-170.1394,-17.7118,2.31348456,-75.51939999999999,-15.398315440000001,-90.91771543999998
1442,7.5819,29.5202,13.3203,0.0,0.0,0.0,-2.7644,41.9138,8.7951,-171.5874,-18.0945,2.3580381599999996,-73.2205,-15.73646184,-88.95696183999999
1443,10.4291,23.5291,12.8357,0.0,0.0,0.0,-2.8398,40.3824,9.3928,-167.7088,-17.2851,2.31090552,-73.9795,-14.97419448,-88.95369448
1444,8.6489,29.8962,17.3198,0.0,0.0,0.0,-2.4677,41.3398,8.8314,-171.3482,-18.1144,2.3487192,-67.7798,-15.7656808,-83.54548079999999
1445,4.6288,25.0298,14.1313,0.0,0.0,0.0,-1.4255,40.8153,11.1115,-169.4078,-17.2129,2.3370659999999996,-75.1166,-14.875834000000001,-89.99243400000002
1446,7.4869,28.1848,11.4294,0.0,0.0,0.0,-2.8092,40.0488,11.0516,-167.441,-17.5067,2.30511096,-72.0487,-15.201589039999998,-87.25028904
1447,6.2636,23.0597,15.2844,0.0,0.0,0.0,-2.5063,39.7406,9.2915,-167.1575,-17.5508,2.37385584,-76.024,-15.176944159999998,-91.20094415999999
1448,6.524,26.1469,14.6749,0.0,0.0,0.0,-2.8381,39.6078,9.4583,-165.8645,-17.3615,2.33521344,-72.2907,-15.026286559999999,-87.31698655999999
1449,7.1818,25.2837,15.5727,0.0,0.0,0.0,-2.7457,42.6646,9.6724,-172.5603,-17.3887,2.34976608,-74.93080000000002,-15.03893392,-89.96973392000002
1450,6.1304,23.9504,9.5263,0.0,0.0,0.0,-2.0603,40.1391,11.2189,-167.0544,-16.6622,2.3236221599999998,-78.14959999999998,-14.33857784,-92.48817783999998
1451,5.6719,25.3197,19.8973,0.0,0.0,0.0,-2.4995,40.3482,10.0328,-166.9645,-17.0617,2.34796968,-68.19409999999998,-14.713730319999998,-82.90783031999997
1452,4.1775,25.2937,12.597,0.0,0.0,0.0,-0.3199,38.9994,13.3827,-164.624,-16.8216,2.30581584,-70.49359999999999,-14.515784159999999,-85.00938416
1453,6.3749,26.2818,9.5508,0.0,0.0,0.0,-0.3808,39.1401,11.0758,-164.7148,-17.0208,2.3241348,-72.67219999999999,-14.696665200000002,-87.36886519999999
1454,12.1258,24.8904,10.9109,0.0,0.0,0.0,-1.8574,39.8443,8.1708,-164.9066,-17.2674,2.36309904,-70.82180000000001,-14.904300959999999,-85.72610096000001
1455,6.1616,17.974,15.6181,0.0,0.0,0.0,-2.8949,40.1828,9.4395,-167.0877,-17.9615,2.3436129599999997,-80.60660000000001,-15.617887040000001,-96.22448704000001
1456,11.3724,24.5017,13.7592,0.0,0.0,0.0,-2.3885,40.2044,12.4538,-164.4366,-18.5938,2.3040057600000003,-64.5336,-16.289794240000003,-80.82339424000001
1457,8.9322,22.8013,7.2651,0.0,0.0,0.0,-2.171,40.7445,9.1921,-166.75,-16.8912,2.35206144,-79.9858,-14.539138560000001,-94.52493856
1458,8.9255,26.7441,12.3784,0.0,0.0,0.0,-2.9267,41.6053,10.0587,-167.757,-17.6647,2.3057452799999996,-70.9717,-15.35895472,-86.33065472
1459,6.0647,29.0655,9.9566,0.0,0.0,0.0,-2.4411,41.1598,8.957,-167.4499,-18.6245,2.33593056,-74.68740000000003,-16.28856944,-90.97596944000003
1460,5.0663,24.0963,13.2041,0.0,0.0,0.0,-2.6828,42.1297,11.852,-171.8204,-16.4189,2.2854362399999997,-78.15480000000001,-14.133463760000001,-92.28826376
1461,4.4644,19.9137,7.7005,0.0,0.0,0.0,-0.8735,39.2979,12.0854,-163.6085,-17.1963,2.3043952799999996,-81.02009999999999,-14.891904720000001,-95.91200472
1462,3.4929,23.5042,19.7344,0.0,0.0,0.0,-2.6172,40.1474,10.6761,-167.362,-17.0973,2.32279056,-72.4242,-14.774509440000001,-87.19870944
1463,7.0748,20.8017,13.5988,0.0,0.0,0.0,-2.1943,41.0292,10.4853,-168.1492,-16.7232,2.30695416,-77.3537,-14.416245839999998,-91.76994583999999
1464,4.1074,29.9385,11.107,0.0,0.0,0.0,-2.3411,40.8659,10.835,-169.9332,-16.3945,2.32486632,-75.42049999999998,-14.06963368,-89.49013367999997
1465,3.8565,22.2703,9.0253,0.0,0.0,0.0,-2.1547,40.3035,9.5114,-165.3192,-18.1994,2.33566632,-82.5069,-15.863733680000001,-98.37063368
1466,7.9828,26.9498,12.0484,0.0,0.0,0.0,-1.7282,39.852,8.5573,-166.3268,-17.7503,2.33591472,-72.6647,-15.41438528,-88.07908527999999
1467,8.0255,20.4443,10.68,0.0,0.0,0.0,-2.7349,40.4588,9.1492,-165.2091,-17.4676,2.3412311999999997,-79.18620000000001,-15.126368800000002,-94.31256880000002
1468,7.0793,21.7194,12.4615,0.0,0.0,0.0,-2.5667,41.171,9.4495,-167.105,-18.0027,2.3562575999999997,-77.791,-15.646442400000002,-93.4374424
1469,6.1925,28.4496,9.7501,0.0,0.0,0.0,-2.5729,39.8075,8.5651,-164.7749,-18.7885,2.3781823199999996,-74.583,-16.41031768,-90.99331768
1470,7.7195,26.1495,14.6555,0.0,0.0,0.0,-3.0183,40.8042,10.7479,-167.2479,-17.3085,2.32415064,-70.18959999999997,-14.98434936,-85.17394935999997
1471,1.468,28.086,13.6189,0.0,0.0,0.0,-2.8455,41.6005,11.5301,-169.5112,-17.5483,2.3407696799999997,-76.0532,-15.207530320000002,-91.26073032000001
1472,9.8102,23.3215,14.6589,0.0,0.0,0.0,-2.52,40.4972,10.4404,-167.663,-17.9258,2.33053776,-71.45480000000002,-15.595262239999998,-87.05006224000002
1473,9.2198,25.0901,14.6965,0.0,0.0,0.0,-2.8612,41.7712,11.2513,-172.7688,-16.5286,2.3127443999999997,-73.60109999999999,-14.215855600000001,-87.81695559999999
1474,10.3655,21.9207,9.4312,0.0,0.0,0.0,-2.4333,41.0675,9.7099,-169.0702,-16.8883,2.3377572,-79.0087,-14.5505428,-93.5592428
1475,6.3,21.5599,11.2206,0.0,0.0,0.0,-1.9185,39.0857,9.3774,-164.8179,-16.4601,2.33494776,-79.1928,-14.12515224,-93.31795224
1476,10.6181,26.7134,14.2158,0.0,0.0,0.0,-2.4212,40.6562,8.818,-168.2394,-17.6591,2.3519318399999998,-69.6391,-15.30716816,-84.94626815999999
1477,5.9838,22.5085,14.5387,0.0,0.0,0.0,-2.7727,40.8873,10.9233,-167.4448,-17.8912,2.31981984,-75.37589999999999,-15.57138016,-90.94728015999999
1478,5.5809,23.9784,13.2911,0.0,0.0,0.0,-2.5618,40.5105,10.1025,-166.5916,-18.1475,2.3645196,-75.69,-15.782980400000001,-91.47298040000001
1479,3.9824,22.8954,15.4081,0.0,0.0,0.0,-1.9135,40.0443,10.4575,-168.2721,-16.4422,2.3305622400000003,-77.3979,-14.111637759999999,-91.50953776
1480,7.3223,21.6187,13.1724,0.0,0.0,0.0,-1.8613,40.2059,8.0001,-167.2064,-17.2676,2.33629344,-78.7483,-14.931306560000001,-93.67960656
1481,6.8857,22.212,11.1432,0.0,0.0,0.0,-2.5424,40.6536,9.221,-167.7179,-17.5723,2.3336387999999997,-80.14479999999999,-15.2386612,-95.38346119999999
1482,6.3163,22.5004,14.3196,0.0,0.0,0.0,-2.4302,39.211,9.237,-164.5603,-17.0064,2.32974792,-75.40620000000001,-14.67665208,-90.08285208000001
1483,10.612,22.7324,8.3437,0.0,0.0,0.0,-0.9718,39.8934,10.1193,-167.1945,-16.6805,2.3379552,-76.4655,-14.342544799999999,-90.8080448
1484,9.2771,23.0235,13.2028,0.0,0.0,0.0,-2.5435,41.9168,10.6389,-171.0958,-16.4898,2.3116608000000003,-75.58019999999999,-14.178139199999999,-89.7583392
1485,3.8036,23.3411,9.9065,0.0,0.0,0.0,-2.7324,40.5578,9.5791,-167.9188,-16.9226,2.32606152,-83.46310000000001,-14.59653848,-98.05963848000002
1486,5.4078,27.0543,16.0179,0.0,0.0,0.0,-2.7724,41.4455,12.0787,-172.1041,-16.4932,2.3107788,-72.87229999999998,-14.182421200000002,-87.05472119999999
1487,7.4659,24.7819,11.9106,0.0,0.0,0.0,-2.6136,40.8129,12.4435,-169.7052,-16.8655,2.3164473599999997,-74.904,-14.549052640000001,-89.45305264
1488,5.4246,20.2832,12.0295,0.0,0.0,0.0,-2.6347,40.4291,9.5882,-166.3099,-18.0051,2.3431248,-81.19,-15.661975199999999,-96.8519752
1489,3.6245,26.3539,18.6893,0.0,0.0,0.0,-2.5139,40.2986,8.4415,-167.4894,-17.7725,2.3310755999999997,-72.59549999999999,-15.4414244,-88.03692439999999
1490,12.9406,23.1005,18.833,0.0,0.0,0.0,-3.0387,41.4768,9.3923,-171.5285,-17.4104,2.35157256,-68.82400000000001,-15.058827439999998,-83.88282744000001
1491,7.1327,24.8956,16.1545,0.0,0.0,0.0,-0.4308,40.7989,9.0131,-170.6833,-16.5782,2.3259549600000002,-73.1193,-14.252245039999998,-87.37154503999999
1492,5.3151,24.2874,5.5462,0.0,0.0,0.0,-1.5337,40.6252,11.4,-167.6243,-16.4998,2.3192388,-81.9841,-14.1805612,-96.16466120000001
1493,8.4742,24.0535,12.7888,0.0,0.0,0.0,-2.5357,40.8768,9.1442,-167.9654,-18.3634,2.33889264,-75.16359999999999,-16.024507359999998,-91.18810735999999
1494,5.6901,21.301,15.1092,0.0,0.0,0.0,-1.5913,39.552,10.8984,-165.0617,-17.8224,2.34680328,-74.1023,-15.475596719999999,-89.57789672
1495,7.7379,25.6844,9.5862,0.0,0.0,0.0,0.4677,39.3192,9.4644,-164.7324,-17.1601,2.31018768,-72.47260000000001,-14.84991232,-87.32251232000002
1496,7.9228,21.726,17.046,0.0,0.0,0.0,-1.9116,39.6127,10.3167,-163.5966,-17.7305,2.34113256,-68.884,-15.38936744,-84.27336743999999
1497,7.533,24.4444,16.5103,0.0,0.0,0.0,-1.1419,41.1196,9.4443,-170.8118,-16.8581,2.32607304,-72.9021,-14.53202696,-87.43412696
1498,9.3827,24.3458,9.2499,0.0,0.0,0.0,-1.3474,39.7282,9.2848,-164.5963,-17.4158,2.3391640799999998,-73.95230000000002,-15.076635920000001,-89.02893592000002
1499,8.3409,25.2372,8.5411,0.0,0.0,0.0,-1.422,39.5485,10.3809,-165.7014,-17.4279,2.31836184,-75.07480000000001,-15.109538160000001,-90.18433816000001

DELTA Energy Terms
Frame #,BOND,ANGLE,DIHED,UB,IMP,CMAP,VDWAALS,EEL,1-4 VDW,1-4 EEL,EGB,ESURF,DELTA G gas,DELTA G solv,DELTA TOTAL
0,-2.3092638912203256e-14,-7.105427357601002e-15,3.552713678800501e-15,0.0,0.0,0.0,-31.15990000000005,-27.696799999999897,-2.842170943040401e-14,-5.115907697472721e-13,34.603600000000036,-4.736134799999997,-58.856700000000515,29.86746519999995,-28.98923480000056
1,-4.085620730620576e-14,-0.0001000000001170065,-9.999999986298747e-05,0.0,0.0,0.0,-31.5569,-33.46399999999848,-1.2434497875801753e-14,0.0,38.63480000000017,-4.720533120000006,-65.02109999999863,33.914266880000156,-31.106833119998456
2,-4.618527782440651e-14,-0.0001000000000423995,7.460698725481052e-14,0.0,0.0,0.0,-29.460600000000035,-30.122400000000866,3.197442310920451e-14,6.536993168992922e-13,36.646300000000004,-4.8480947999999975,-59.583099999999604,31.79820520000007,-27.78489479999908
3,9.999999998022702e-05,1.2789769243681803e-13,9.85878045867139e-14,0.0,0.0,0.0,-30.802499999999956,-32.62779999999951,-2.6645352591003757e-14,1.7053025658242404e-13,38.089900000000064,-4.711420800000003,-63.43019999999889,33.37847920000014,-30.05172079999852
4,1.5987211554602254e-14,-6.394884621840902e-14,7.460698725481052e-14,0.0,0.0,0.0,-31.43190000000009,-24.346500000000006,-3.375077994860476e-14,3.694822225952521e-13,31.51109999999999,-4.716674640000003,-55.77839999999995,26.79442535999982,-28.983974639999673
5,-1.4210854715202004e-14,7.105427357601002e-15,9.592326932761353e-14,0.0,0.0,0.0,-29.718099999999982,-21.435299999999117,-3.552713678800501e-15,-5.400124791776761e-13,29.161899999999836,-4.575829680000004,-51.15340000000069,24.58607031999982,-26.567329680000867
6,-1.5987211554602254e-14,-1.4210854715202004e-14,-8.08242361927114e-14,0.0,0.0,0.0,-24.033000000000065,-26.33679999999967,3.375077994860476e-14,0.00010000000048648872,32.75250000000004,-4.52331504,-50.36969999999961,28.22918496000018,-22.140515039999656
7,8.881784197001252e-16,0.00010000000000331966,-1.5987211554602254e-13,0.0,0.0,0.0,-29.094000000000015,-29.471699999998336,1.5987211554602254e-14,4.547473508864641e-13,35.72990000000004,-4.571184960000004,-58.565599999998895,31.158715040000093,-27.406884959999033
8,-8.881784197001252e-16,-6.750155989720952e-14,0.0001000000000672685,0.0,0.0,0.0,-29.59229999999999,-33.60530000000061,-1.7763568394002505e-15,4.831690603168681e-13,40.40899999999981,-4.657875840000001,-63.19749999999915,35.75112415999976,-27.446375839999618
9,-0.00010000000000509601,4.618527782440651e-14,2.3092638912203256e-14,0.0,0.0,0.0,-23.74229999999998,-32.41409999999878,1.4210854715202004e-14,-4.831690603168681e-13,39.211099999999966,-4.373658719999996,-56.15649999999951,34.83744128000005,-21.319058719999703
10,9.999999999266151e-05,1.5987211554602254e-13,1.2434497875801753e-14,0.0,0.0,0.0,-27.040399999999973,-31.947699999999145,-5.329070518200751e-15,-9.999999986121111e-05,36.95860000000013,-4.321482479999997,-58.98809999999881,32.63711751999996,-26.350982479998393
11,3.6415315207705135e-14,1.0302869668521453e-13,1.3855583347321954e-13,0.0,0.0,0.0,-25.81279999999999,-34.08460000000022,-2.3092638912203256e-14,1.1368683772161603e-13,38.294399999999925,-4.54542768,-59.89739999999905,33.748972320000064,-26.14842767999876
12,-9.999999999976694e-05,9.592326932761353e-14,-1.1723955140041653e-13,0.0,0.0,0.0,-26.574100000000005,-28.48309999999949,0.00010000000002818865,0.0,37.06139999999991,-4.4745091200000005,-55.05719999999971,32.58689087999996,-22.470309119999968
13,-4.796163466380676e-14,6.394884621840902e-14,-1.2434497875801753e-14,0.0,0.0,0.0,-30.05799999999998,-22.832599999998692,0.0001000000000139778,-7.389644451905042e-13,35.51390000000001,-4.743091439999998,-52.890499999999676,30.770808559999907,-22.119691439999997
14,-9.999999998555609e-05,2.4868995751603507e-14,-9.059419880941277e-14,0.0,0.0,0.0,-26.544000000000008,-33.418099999999484,-1.7763568394002505e-15,-1.1368683772161603e-13,36.99450000000004,-4.492227599999998,-59.962199999998916,32.50227240000004,-27.45992759999909
15,1.9984014443252818e-14,9.237055564881302e-14,-2.1316282072803006e-14,0.0,0.0,0.0,-25.857600000000026,-31.992199999998498,-9.999999999976694e-05,1.4210854715202004e-13,36.087599999999966,-4.51515096,-57.84989999999817,31.57244903999998,-26.277450959997964
16,-1.687538997430238e-14,-1.2079226507921703e-13,0.00010000000009036114,0.0,0.0,0.0,-26.988499999999963,-28.116999999999948,-1.5987211554602254e-14,5.684341886080802e-14,30.413000000000167,-4.362568559999994,-55.105399999999335,26.05043144000024,-29.054968559999097
17,-2.6645352591003757e-15,0.00010000000000331966,1.3500311979441904e-13,0.0,0.0,0.0,-21.799500000000002,-29.795000000000222,2.4868995751603507e-14,9.999999994647624e-05,31.199500000000135,-4.350149279999998,-51.59429999999938,26.849350720000167,-24.744949279999204
18,-3.375077994860476e-14,-1.1013412404281553e-13,-1.4210854715202004e-14,0.0,0.0,0.0,-26.150599999999944,-33.51270000000167,3.552713678800501e-15,3.126388037344441e-13,40.1275000000002,-4.395727440000005,-59.663300000000945,35.73177256000011,-23.931527440000153
19,-2.220446049250313e-14,-1.4210854715202004e-13,-8.526512829121202e-14,0.0,0.0,0.0,-18.876800000000017,-38.25630000000004,0.0,-3.410605131648481e-13,39.7221000000002,-4.688516159999999,-57.13310000000024,35.03358384000037,-22.099516159999638
20,2.5757174171303632e-14,-1.4210854715202004e-14,1.829647544582258e-13,0.0,0.0,0.0,-29.45270000000001,-33.11020000000071,0.0,8.526512829121202e-14,37.77640000000012,-4.768768079999998,-62.56290000000055,33.00763192000008,-29.555268080000246
21,-1.2434497875801753e-14,-1.0302869668521453e-13,0.00010000000009924292,0.0,0.0,0.0,-28.30629999999998,-18.61790000000056,0.00010000000002108322,0.0,27.769699999999922,-4.581869760000001,-46.9240000000011,23.187830240000036,-23.73616976000129
22,-1.0658141036401503e-14,2.4868995751603507e-14,-0.00010000000006193943,0.0,0.0,0.0,-27.842499999999923,-28.91620000000004,-0.00010000000000331966,1.9895196601282805e-13,28.90440000000009,-4.556278079999996,-56.75890000000015,24.34812192000006,-32.41077807999963
23,-2.6645352591003757e-14,9.999999987186925e-05,-3.019806626980426e-14,0.0,0.0,0.0,-22.78580000000007,-29.203600000001202,1.2434497875801753e-14,-1.1368683772161603e-13,34.736800000000116,-4.572411120000005,-51.98930000000202,30.16438888000012,-21.8249111200019
24,-0.00010000000000420783,2.1316282072803006e-14,-0.00010000000000687237,0.0,0.0,0.0,-26.199000000000062,-26.876599999999165,4.618527782440651e-14,-0.00010000000037280188,29.155899999999974,-4.683013920000001,-53.07589999999932,24.472886080000045,-28.60301391999883
25,2.6645352591003757e-15,7.460698725481052e-14,1.3500311979441904e-13,0.0,0.0,0.0,-28.95279999999997,-23.16570000000005,7.105427357601002e-15,4.263256414560601e-13,30.33349999999998,-4.640678640000002,-52.118499999998875,25.69282135999983,-26.425678639998807
26,-4.440892098500626e-15,5.3290705182007514e-14,-1.9539925233402755e-14,0.0,0.0,0.0,-21.906500000000058,-28.864200000000046,9.999999999266151e-05,8.526512829121202e-14,38.82770000000005,-4.60979496,-50.77060000000057,34.21790504000016,-16.552694960000636
27,2.398081733190338e-14,-2.1316282072803006e-14,8.881784197001252e-15,0.0,0.0,0.0,-26.189000000000085,-11.577800000000892,-9.999999999088516e-05,3.126388037344441e-13,22.580800000000004,-4.40825472,-37.76690000000052,18.172545279999916,-19.594354720001064
28,-4.796163466380676e-14,-7.105427357601002e-15,1.0658141036401503e-14,0.0,0.0,0.0,-23.631399999999996,-19.99679999999975,8.881784197001252e-15,4.263256414560601e-13,23.61929999999983,-4.391255520000003,-43.628199999998785,19.228044479999973,-24.4001555199995
29,1.9539925233402755e-14,5.3290705182007514e-14,7.460698725481052e-14,0.0,0.0,0.0,-30.366300000000038,-29.157899999999998,-1.7763568394002505e-15,-0.00010000000031595846,38.56439999999997,-4.697769600000003,-59.52430000000135,33.866630399999835,-25.657669600001284
30,1.7763568394002505e-15,6.750155989720952e-14,0.00010000000001042508,0.0,0.0,0.0,-23.00380000000003,-33.974899999999764,-0.00010000000002996501,0.00010000000017384991,42.552699999999945,-4.424341679999989,-56.978600000000256,38.12835832000003,-18.850241680000224
31,4.618527782440651e-14,0.00010000000003174137,-1.8118839761882555e-13,0.0,0.0,0.0,-22.475199999999987,-36.67080000000029,2.6645352591003757e-14,7.958078640513122e-13,43.59760000000014,-4.538079360000003,-59.14589999999973,39.05952064000016,-20.086379359999796
32,-7.105427357601002e-15,-9.947598300641403e-14,-8.171241461241152e-14,0.0,0.0,0.0,-26.299899999999937,-33.183899999999426,1.7763568394002505e-15,-0.00010000000000331966,37.54339999999989,-4.714837200000001,-59.48389999999938,32.82856279999993,-26.65533719999968
33,2.3092638912203256e-14,9.999999985055297e-05,-1.1368683772161603e-13,0.0,0.0,0.0,-24.85100000000002,-25.84420000000079,-1.4210854715202004e-14,-9.999999997489795e-05,28.108799999999984,-4.389164640000004,-50.6952000000003,23.719635359999867,-26.975564639999973
34,0.00010000000002730047,-0.0001000000002235879,-9.999999988963282e-05,0.0,0.0,0.0,-29.13299999999997,-34.90440000000018,-1.0658141036401503e-14,1.4210854715202004e-13,41.45589999999986,-4.708610640000003,-64.03750000000085,36.747289360000025,-27.290210640000822
35,-7.549516567451064e-15,1.0658141036401503e-13,-1.7763568394002505e-15,0.0,0.0,0.0,-21.74490000000005,-34.47469999999835,-8.881784197001252e-15,9.99999998327894e-05,36.60340000000011,-4.616274959999998,-56.21949999999832,31.987125040000247,-24.23237495999807
36,2.1316282072803006e-14,0.00010000000005305765,3.552713678800501e-14,0.0,0.0,0.0,-26.010399999999965,-26.196200000000182,-3.552713678800501e-15,-0.00010000000000331966,35.96619999999989,-4.455945359999997,-52.2065999999989,31.51025464,-20.696345359999356
37,-1.2434497875801753e-14,-9.947598300641403e-14,9.999999990739639e-05,0.0,0.0,0.0,-24.282500000000088,-31.778600000000814,-2.4868995751603507e-14,-8.526512829121202e-14,35.42159999999994,-4.496781599999993,-56.06100000000083,30.924818399999797,-25.136181600000583
38,2.1316282072803006e-14,0.00010000000008147936,-1.2789769243681803e-13,0.0,0.0,0.0,-23.580199999999994,-26.556499999999815,0.0,-3.979039320256561e-13,36.48580000000005,-4.172364719999992,-50.13660000000057,32.313435280000064,-17.823164720000506
39,-6.217248937900877e-15,-1.1368683772161603e-13,-1.2434497875801753e-13,0.0,0.0,0.0,-25.557800000000007,-25.63759999999955,-3.552713678800501e-15,-0.00010000000054333213,33.82979999999999,-4.16253744,-51.19550000000052,29.667262559999973,-21.528237440000538
40,-2.1316282072803006e-14,1.7763568394002505e-14,3.552713678800501e-14,0.0,0.0,0.0,-28.32969999999991,-24.892499999999593,-2.1316282072803006e-14,0.00010000000006016307,32.690199999999905,-4.171061520000006,-53.22209999999939,28.51913847999989,-24.702961519999945
41,1.7763568394002505e-15,9.947598300641403e-14,-2.1316282072803006e-14,0.0,0.0,0.0,-27.368200000000023,-26.809499999999446,-3.197442310920451e-14,-1.4210854715202004e-13,37.00009999999999,-4.480102080000001,-54.17769999999928,32.519997919999994,-21.65770207999904
42,-1.0658141036401503e-14,4.973799150320701e-14,2.6645352591003757e-14,0.0,0.0,0.0,-27.507900000000063,-31.06079999999983,9.999999996956888e-05,-1.7053025658242404e-13,33.76759999999997,-4.605712560000001,-58.56860000000026,29.161887440000136,-29.406712560000358
43,1.5987211554602254e-14,-0.00010000000005661036,2.4868995751603507e-14,0.0,0.0,0.0,-26.84820000000005,-25.945499999999477,-1.4210854715202004e-14,-2.842170943040401e-14,37.54329999999996,-4.386746879999997,-52.79379999999885,33.15655311999993,-19.6372468799987
44,2.842170943040401e-14,3.552713678800501e-15,9.237055564881302e-14,0.0,0.0,0.0,-18.94409999999994,-41.06080000000087,8.881784197001252e-15,5.684341886080802e-14,46.48770000000003,-4.206513600000001,-60.0049000000006,42.281186399999996,-17.72371360000062
45,-9.999999998466791e-05,-1.0658141036401503e-13,8.881784197001252e-14,0.0,0.0,0.0,-28.897199999999998,-26.297500000000454,2.3092638912203256e-14,0.0,35.074900000000206,-4.513803840000001,-55.19480000000105,30.56109616000029,-24.63370384000055
46,9.999999999088516e-05,-1.6342482922482304e-13,0.00010000000007082122,0.0,0.0,0.0,-31.613899999999933,-22.777499999998838,-2.4868995751603507e-14,4.831690603168681e-13,29.37520000000006,-4.683324960000001,-54.39119999999946,24.691875040000024,-29.69932495999943
47,-9.769962616701378e-15,-3.552713678800501e-15,-1.5987211554602254e-14,0.0,0.0,0.0,-24.244599999999977,-32.61819999999965,4.973799150320701e-14,0.0001000000001454282,31.961599999999997,-4.378029839999998,-56.86269999999945,27.583570160000086,-29.27912984000004
48,-4.440892098500626e-15,-7.815970093361102e-14,1.580957587066223e-13,0.0,0.0,0.0,-22.765899999999945,-34.193000000000524,9.999999998022702e-05,-2.842170943040401e-14,37.720199999999906,-4.247063279999997,-56.95880000000028,33.47313671999986,-23.485663280000423
49,-2.4868995751603507e-14,-0.00010000000002463594,8.881784197001252e-14,0.0,0.0,0.0,-22.243999999999982,-42.65119999999963,-0.0001000000000139778,9.999999946330718e-05,42.44590000000004,-4.915542959999997,-64.89530000000013,37.53035703999998,-27.36494296000062
50,1.865174681370263e-14,-9.947598300641403e-14,-2.842170943040401e-14,0.0,0.0,0.0,-25.92919999999998,-28.259599999999104,-0.0001000000000423995,9.999999969068085e-05,31.72050000000005,-4.217693759999998,-54.18879999999983,27.502806240000012,-26.685993759999818
51,-0.00010000000000776055,-3.552713678800501e-15,-0.00010000000007615029,0.0,0.0,0.0,-25.394400000000005,-25.09930000000041,3.375077994860476e-14,4.263256414560601e-13,33.32639999999999,-4.496399280000002,-50.493900000000565,28.83000072000005,-21.66389928000052
52,-0.00010000000000687237,1.4210854715202004e-14,-9.999999997489795e-05,0.0,0.0,0.0,-24.572399999999995,-36.24479999999956,1.9539925233402755e-14,-4.831690603168681e-13,41.7606000000001,-4.505834879999999,-60.817400000000035,37.2547651200002,-23.56263488000029
53,-3.552713678800501e-15,-1.0658141036401503e-14,0.00010000000017207356,0.0,0.0,0.0,-29.049100000000056,-27.626400000000807,3.019806626980426e-14,5.684341886080802e-14,36.56510000000007,-4.439790000000003,-56.67540000000085,32.12530999999999,-24.55009000000109
54,2.930988785010413e-14,0.00010000000003884679,-9.592326932761353e-14,0.0,0.0,0.0,-25.85219999999996,-18.498799999999115,-9.999999999799059e-05,1.7053025658242404e-13,32.788199999999975,-4.479184799999999,-44.350999999998876,28.3090152,-16.041984799998886
55,-9.999999999266151e-05,-3.552713678800501e-14,-0.00010000000011878285,0.0,0.0,0.0,-20.82209999999998,-34.95970000000083,1.7763568394002505e-15,-5.400124791776761e-13,41.29089999999993,-4.336481519999998,-55.782000000001716,36.95441847999999,-18.827581520001942
56,0.00010000000003618226,6.750155989720952e-14,-0.00010000000005838672,0.0,0.0,0.0,-23.265499999999985,-16.6257000000007,-3.552713678800501e-15,5.684341886080802e-14,26.368899999999837,-3.8286662400000013,-39.891200000000765,22.540233760000014,-17.350966240000744
57,-0.00010000000001486598,-0.00010000000001042508,-1.6342482922482304e-13,0.0,0.0,0.0,-24.43680000000001,-35.373500000000085,0.00010000000001042508,2.8421709430404007e-13,38.377100000000155,-4.676158799999997,-59.81039999999953,33.70094120000029,-26.1094587999997
58,0.00010000000003618226,1.2434497875801753e-13,-8.881784197001252e-14,0.0,0.0,0.0,-24.98080000000008,-31.74079999999872,0.00010000000002996501,-1.7053025658242404e-13,38.8350999999999,-4.626894960000003,-56.7213999999975,34.2082050399998,-22.513194959997705
59,0.0001000000000139778,0.00010000000009569021,9.999999988963282e-05,0.0,0.0,0.0,-26.540599999999987,-26.73550000000045,3.907985046680551e-14,-3.410605131648481e-13,37.15799999999998,-4.399035120000002,-53.27580000000164,32.758964880000015,-20.51683512000163
60,2.6645352591003757e-15,1.0658141036401503e-14,0.00010000000009746657,0.0,0.0,0.0,-26.754500000000004,-26.403299999999383,3.552713678800501e-15,-5.968558980384842e-13,31.48439999999996,-4.522861440000007,-53.157700000000546,26.96153855999985,-26.19616144000092
61,-0.00010000000004417586,5.684341886080802e-14,9.999999991627817e-05,0.0,0.0,0.0,-28.58370000000002,-27.52359999999922,-1.2434497875801753e-14,8.526512829121202e-14,34.903599999999855,-4.621867199999999,-56.10729999999998,30.281732799999922,-25.82556719999961
62,8.881784197001252e-15,-7.105427357601002e-14,1.4566126083082054e-13,0.0,0.0,0.0,-22.62229999999992,-32.08299999999926,-1.4210854715202004e-14,-5.115907697472721e-13,40.095700000000036,-4.413967919999999,-54.70530000000018,35.68173208000013,-19.023567920000275
63,1.2434497875801753e-14,3.552713678800501e-14,3.552713678800501e-14,0.0,0.0,0.0,-27.82039999999997,-27.605199999999627,-3.375077994860476e-14,-9.99999995485723e-05,36.358499999999935,-4.422259439999992,-55.42569999999904,31.936240560000044,-23.489459439999223
64,2.220446049250313e-14,-1.7053025658242404e-13,-1.0658141036401503e-13,0.0,0.0,0.0,-19.667499999999976,-27.571599999999776,9.999999996779252e-05,5.968558980384842e-13,37.81109999999994,-4.015878480000005,-47.23899999999921,33.795221519999885,-13.443778479999551
65,-3.2862601528904634e-14,1.4210854715202004e-14,-0.00010000000017384991,0.0,0.0,0.0,-25.097799999999992,-21.329200000000036,-0.00010000000001220144,6.821210263296962e-13,29.02640000000008,-3.844771920000001,-46.42720000000013,25.181628080000188,-21.245571920000174
66,-0.00010000000000243148,0.00010000000002463594,-8.704148513061227e-14,0.0,0.0,0.0,-22.922200000000004,-34.33189999999922,-1.5987211554602254e-14,6.536993168992922e-13,41.27330000000008,-4.4418254399999935,-57.254099999997905,36.831474559999975,-20.422625439997475
67,-0.00010000000001930687,9.999999998200337e-05,-5.3290705182007514e-14,0.0,0.0,0.0,-27.506100000000075,-32.54379999999982,-3.6415315207705135e-14,-2.5579538487363607e-13,39.94789999999986,-4.733215920000002,-60.04990000000096,35.214684079999884,-24.835215920001076
68,-2.6645352591003757e-15,-9.999999998555609e-05,-0.00010000000009391385,0.0,0.0,0.0,-24.979099999999914,-33.50650000000098,0.00010000000000331966,-5.400124791776761e-13,34.961000000000055,-4.3282547999999945,-58.485700000002254,30.632745200000073,-27.852954800002408
69,9.999999999354969e-05,9.999999997134523e-05,-1.2079226507921703e-13,0.0,0.0,0.0,-23.67450000000002,-27.73490000000075,-9.999999998022702e-05,5.684341886080802e-14,34.23250000000003,-4.545841680000004,-51.40930000000159,29.686658320000006,-21.72264168000136
70,-3.730349362740526e-14,8.171241461241152e-14,-1.0391687510491465e-13,0.0,0.0,0.0,-26.856500000000054,-27.624300000000872,2.3092638912203256e-14,3.410605131648481e-13,35.99510000000004,-4.366994399999999,-54.48079999999982,31.62810560000008,-22.85269439999975
71,3.019806626980426e-14,2.4868995751603507e-14,5.5067062021407764e-14,0.0,0.0,0.0,-25.052899999999987,-31.227099999998565,3.019806626980426e-14,-6.536993168992922e-13,35.716599999999815,-4.12229159999999,-56.28000000000003,31.594308399999665,-24.685691599999913
72,-5.5067062021407764e-14,1.4210854715202004e-13,-4.263256414560601e-14,0.0,0.0,0.0,-26.615500000000065,-27.199799999999158,-9.99999999766743e-05,-2.2737367544323206e-13,35.73280000000004,-4.336693920000008,-53.815399999998306,31.396106080000155,-22.41929391999838
73,-7.549516567451064e-15,0.0001000000000423995,-9.999999990739639e-05,0.0,0.0,0.0,-28.57670000000003,-21.659400000000772,1.7763568394002505e-15,4.263256414560601e-13,30.108200000000124,-4.324338719999995,-50.23609999999951,25.78386128000021,-24.452238719999755
74,2.042810365310288e-14,1.7763568394002505e-14,9.237055564881302e-14,0.0,0.0,0.0,-24.002699999999916,-31.977499999998827,3.552713678800501e-15,-3.126388037344441e-13,37.14330000000005,-4.244261759999997,-55.98019999999893,32.899038239999946,-23.08116175999899
75,-3.907985046680551e-14,0.00010000000003529408,1.4210854715202004e-13,0.0,0.0,0.0,-26.65660000000004,-28.204399999999488,-1.7763568394002505e-15,7.673861546209082e-13,30.87529999999996,-4.28297544,-54.860899999999646,26.59232455999976,-28.26857544000012
76,-7.993605777301127e-15,-2.842170943040401e-14,1.7763568394002505e-15,0.0,0.0,0.0,-26.250199999999996,-29.823200000001215,8.881784197001252e-15,2.842170943040401e-14,37.153299999999994,-4.446167760000002,-56.07340000000052,32.70713223999989,-23.36626776000041
77,2.4868995751603507e-14,2.4868995751603507e-14,-1.0302869668521453e-13,0.0,0.0,0.0,-27.26980000000003,-28.836200000000183,-0.00010000000003707044,2.2737367544323206e-13,36.328700000000126,-4.341164399999997,-56.106100000001604,31.987535600000072,-24.118564400001077
78,-3.2862601528904634e-14,0.0,0.00010000000007082122,0.0,0.0,0.0,-26.954399999999996,-37.89670000000038,3.907985046680551e-14,-8.526512829121202e-14,42.51179999999999,-4.707552240000007,-64.85099999999976,37.80424775999988,-27.046752239999208
79,-2.4868995751603507e-14,-6.394884621840902e-14,4.796163466380676e-14,0.0,0.0,0.0,-24.618299999999973,-30.038800000000393,9.999999998200337e-05,2.2737367544323206e-13,36.67840000000002,-4.204312560000005,-54.656999999999584,32.47408744,-22.182912559999593
80,-3.552713678800501e-15,-9.592326932761353e-14,-0.00010000000019161348,0.0,0.0,0.0,-30.013500000000004,-28.25290000000038,1.5987211554602254e-14,3.979039320256561e-13,31.538899999999888,-4.384015919999996,-58.26650000000129,27.154884079999885,-31.111615920001398
81,-9.999999999976694e-05,1.0658141036401503e-14,0.00010000000006904486,0.0,0.0,0.0,-27.08570000000003,-33.29250000000085,5.1514348342607263e-14,-3.410605131648481e-13,40.65079999999994,-4.435230959999998,-60.37820000000205,36.215569039999906,-24.16263096000216
82,-1.3322676295501878e-14,4.263256414560601e-14,1.0125233984581428e-13,0.0,0.0,0.0,-22.93080000000003,-29.770599999999035,-7.105427357601002e-15,-8.526512829121202e-14,37.66899999999994,-4.208644800000002,-52.70139999999992,33.460355199999945,-19.241044799999983
83,-7.105427357601002e-15,1.5631940186722204e-13,2.0961010704922955e-13,0.0,0.0,0.0,-26.349499999999978,-22.73360000000082,-2.1316282072803006e-14,-4.831690603168681e-13,27.756600000000137,-3.969325440000006,-49.08310000000077,23.78727456000006,-25.29582544000094
84,-1.0658141036401503e-14,1.0658141036401503e-14,-9.999999982390761e-05,0.0,0.0,0.0,-21.606400000000015,-26.970300000000876,0.00010000000003351772,3.126388037344441e-13,30.483300000000092,-4.001292719999997,-48.57670000000026,26.48200728000009,-22.094692720000637
85,-0.00010000000001308962,5.684341886080802e-14,-2.1316282072803006e-14,0.0,0.0,0.0,-26.21869999999994,-27.366700000001387,-8.881784197001252e-15,-4.831690603168681e-13,37.061099999999996,-4.231373040000003,-53.58550000000146,32.82972696000001,-20.75577304000123
86,-4.440892098500626e-15,8.171241461241152e-14,1.1191048088221578e-13,0.0,0.0,0.0,-21.482000000000035,-33.05669999999899,4.085620730620576e-14,-2.5579538487363607e-13,39.22510000000007,-4.426494480000004,-54.538699999998656,34.79860551999997,-19.74009447999846
87,-9.999999999532605e-05,9.99999998860801e-05,-4.085620730620576e-14,0.0,0.0,0.0,-25.435500000000044,-37.3375000000002,-1.7763568394002505e-14,-5.684341886080802e-14,38.37639999999992,-4.641585840000005,-62.77300000000035,33.73481415999986,-29.038185840000494
88,-5.3734794391857577e-14,2.842170943040401e-14,-0.0001000000000139778,0.0,0.0,0.0,-24.847699999999996,-36.16520000000133,1.2434497875801753e-14,5.115907697472721e-13,37.006799999999885,-4.499709119999997,-61.01300000000056,32.50709087999984,-28.505909120000496
89,4.440892098500626e-14,-0.00010000000002818865,-3.197442310920451e-14,0.0,0.0,0.0,-29.70100000000009,-24.03280000000038,7.105427357601002e-15,-1.4210854715202004e-13,34.28280000000002,-4.551823440000002,-53.73390000000029,29.730976559999966,-24.002923440000103
90,-3.552713678800501e-15,-3.197442310920451e-14,1.2967404927621828e-13,0.0,0.0,0.0,-24.861900000000023,-29.467900000000334,-1.4210854715202004e-14,9.999999991805453e-05,31.939499999999992,-4.211838719999997,-54.32970000000036,27.727661280000017,-26.60203872000011
91,-8.881784197001252e-15,0.00010000000008147936,6.572520305780927e-14,0.0,0.0,0.0,-27.55580000000004,-26.971700000000645,4.973799150320701e-14,4.263256414560601e-13,34.48340000000008,-4.587161759999997,-54.52740000000165,29.896238239999956,-24.63116176000102
92,1.3322676295501878e-14,9.999999989318553e-05,9.999999996246345e-05,0.0,0.0,0.0,-24.754899999999928,-28.06949999999992,-2.6645352591003757e-14,0.00010000000003174137,36.846099999999936,-4.4022232799999985,-52.82409999999912,32.443876719999864,-20.380223279998802
93,-3.197442310920451e-14,-2.1316282072803006e-14,3.730349362740526e-14,0.0,0.0,0.0,-26.805299999999974,-26.299099999999292,-4.085620730620576e-14,4.831690603168681e-13,31.680000000000113,-4.373479439999999,-53.10439999999828,27.30652056000025,-25.79787943999827
94,6.217248937900877e-15,1.0658141036401503e-13,3.197442310920451e-14,0.0,0.0,0.0,-29.79099999999999,-35.30849999999838,-2.1316282072803006e-14,2.842170943040401e-14,40.22819999999989,-4.681239839999995,-65.0994999999981,35.54696016000009,-29.552539839998005
95,0.0001000000000219714,5.684341886080802e-14,-5.684341886080802e-14,0.0,0.0,0.0,-20.49770000000004,-40.76480000000083,-1.4210854715202004e-14,3.979039320256561e-13,45.14110000000008,-4.3661447999999945,-61.26240000000068,40.774955200000136,-20.487444800001228
96,1.4210854715202004e-14,-5.684341886080802e-14,-2.220446049250313e-13,0.0,0.0,0.0,-25.804399999999934,-24.746300000000815,2.842170943040401e-14,8.526512829121202e-14,29.584699999999874,-4.135008959999999,-50.5507000000009,25.449691039999962,-25.10100896000094
97,-0.00010000000002108322,1.2079226507921703e-13,1.3500311979441904e-13,0.0,0.0,0.0,-25.288399999999925,-22.35530000000066,-9.999999998022702e-05,-0.00010000000025911504,30.03230000000001,-4.234953599999996,-47.64400000000023,25.797346399999977,-21.846653600000707
98,-1.5987211554602254e-14,-9.999999992160724e-05,9.999999990739639e-05,0.0,0.0,0.0,-30.215499999999988,-19.70009999999953,-8.881784197001252e-15,-1.7053025658242404e-13,33.51769999999995,-4.50160848,-49.91560000000037,29.016091519999904,-20.899508480000236
99,-0.00010000000001664233,0.00010000000013477006,2.042810365310288e-14,0.0,0.0,0.0,-29.953699999999973,-27.45699999999964,-1.7763568394002505e-15,2.842170943040401e-14,31.64900000000019,-4.63773024,-57.410699999999906,27.01126976000036,-30.399430239999774
100,-0.00010000000003529408,-1.4566126083082054e-13,7.815970093361102e-14,0.0,0.0,0.0,-31.56880000000001,-25.94800000000027,9.999999999976694e-05,9.999999980436769e-05,34.55970000000006,-4.758456960000002,-57.51670000000041,29.801243040000173,-27.715456960000694
101,-9.999999999799059e-05,-0.00010000000001753051,4.440892098500626e-14,0.0,0.0,0.0,-27.634699999999967,-25.953199999999597,-1.7763568394002505e-14,5.684341886080801e-13,35.451200000000014,-4.766585040000008,-53.5880999999995,30.68461496000012,-22.90348504000029
102,4.440892098500626e-15,-1.6697754290362354e-13,-2.7533531010703882e-14,0.0,0.0,0.0,-29.292099999999994,-21.939700000000066,-0.00010000000002463594,9.99999992359335e-05,31.35400000000006,-4.445696880000003,-51.23180000000042,26.908303120000156,-24.32349688000049
103,-9.999999996068709e-05,7.105427357601002e-15,-1.0302869668521453e-13,0.0,0.0,0.0,-30.049000000000017,-26.771400000000916,1.4210854715202004e-14,5.684341886080802e-14,37.48120000000012,-4.645578240000004,-56.82050000000143,32.83562176000003,-23.984878240001407
104,-1.687538997430238e-14,4.618527782440651e-14,-4.085620730620576e-14,0.0,0.0,0.0,-28.18829999999999,-22.030400000000327,-0.00010000000004417586,5.684341886080801e-13,26.40950000000014,-4.172680080000006,-50.21880000000003,22.236819920000155,-27.981980080000326
105,-1.5987211554602254e-14,0.0,3.907985046680551e-14,0.0,0.0,0.0,-24.013700000000014,-26.79619999999978,7.105427357601002e-15,0.0,33.164400000000064,-4.303954079999993,-50.80989999999909,28.86044591999998,-21.949454079998432
106,1.4210854715202004e-14,1.0658141036401503e-13,9.999999990739639e-05,0.0,0.0,0.0,-23.36880000000008,-33.297399999998476,2.6645352591003757e-14,-8.526512829121202e-13,36.71570000000004,-4.7354255999999975,-56.6660999999998,31.9802744000001,-24.685825599999475
107,-5.329070518200751e-15,0.00010000000000331966,-9.999999999621423e-05,0.0,0.0,0.0,-17.887399999999925,-37.98350000000047,2.6645352591003757e-14,1.1368683772161603e-13,42.1575999999999,-4.156344720000003,-55.8709000000007,38.0012552799998,-17.869644720000892
108,7.993605777301127e-15,-3.552713678800501e-15,-1.3500311979441904e-13,0.0,0.0,0.0,-22.62470000000002,-28.67229999999995,1.7763568394002505e-14,-2.842170943040401e-14,40.64229999999995,-4.240668239999998,-51.29700000000062,36.40163175999993,-14.895368240000693
109,-9.99999999766743e-05,-3.197442310920451e-14,7.105427357601002e-15,0.0,0.0,0.0,-25.669900000000048,-35.06129999999957,-1.2434497875801753e-14,3.126388037344441e-13,35.91169999999995,-4.547044079999999,-60.731299999998754,31.364655920000125,-29.366644079998864
110,-2.5757174171303632e-14,-8.526512829121202e-14,1.438849039914203e-13,0.0,0.0,0.0,-25.000800000000012,-25.323499999999967,2.1316282072803006e-14,-7.389644451905042e-13,32.32790000000005,-4.289887440000002,-50.32430000000116,28.038012560000112,-22.28628744000082
111,-1.7763568394002505e-14,-1.4210854715202004e-14,-1.4210854715202004e-14,0.0,0.0,0.0,-23.286299999999997,-28.71560000000059,-1.7763568394002505e-15,-3.979039320256561e-13,31.049099999999942,-4.1483930400000055,-52.0019000000012,26.900706960000157,-25.101193040000823
112,-4.085620730620576e-14,-0.00010000000019161348,-1.0658141036401503e-14,0.0,0.0,0.0,-27.035300000000007,-22.37619999999982,9.999999999266151e-05,1.9895196601282805e-13,33.534300000000115,-4.340669039999994,-49.41149999999847,29.19363095999997,-20.217869039998035
113,-7.105427357601002e-15,9.237055564881302e-14,-5.1514348342607263e-14,0.0,0.0,0.0,-24.911199999999987,-27.58470000000132,9.99999999766743e-05,8.526512829121202e-14,34.18020000000017,-4.356424799999996,-52.49580000000161,29.823775200000235,-22.672024800001594
114,0.0001000000000095369,-1.2079226507921703e-13,-0.00010000000012944099,0.0,0.0,0.0,-27.13610000000001,-29.13970000000071,-2.1316282072803006e-14,-1.4210854715202004e-13,32.79740000000006,-4.426524720000003,-56.27580000000111,28.370875280000156,-27.904924720001404
115,-4.085620730620576e-14,7.105427357601002e-15,-1.2434497875801753e-13,0.0,0.0,0.0,-17.208600000000036,-43.33319999999884,9.999999997312159e-05,-6.252776074688882e-13,44.400300000000016,-4.1888959199999976,-60.54169999999979,40.211404080000094,-20.33029591999947
116,2.1316282072803006e-14,0.00010000000008147936,-1.1191048088221578e-13,0.0,0.0,0.0,-31.544199999999982,-26.749099999999714,8.881784197001252e-15,1.4210854715202004e-13,30.44569999999981,-4.652926559999997,-58.29319999999937,25.792773439999948,-32.500426559999426
117,9.999999995002895e-05,3.552713678800501e-15,-7.815970093361102e-14,0.0,0.0,0.0,-27.085200000000036,-33.203899999999926,-3.197442310920451e-14,3.694822225952521e-13,37.56310000000015,-4.552584479999997,-60.288999999999575,33.01051552000017,-27.278484479999634
118,-9.999999999532605e-05,1.5276668818842154e-13,-8.881784197001252e-15,0.0,0.0,0.0,-23.542300000000004,-19.856499999999926,4.263256414560601e-14,1.9895196601282805e-13,31.1275000000001,-4.094996399999997,-43.39889999999994,27.032503600000062,-16.36639640000034
119,0.00010000000004328768,1.4210854715202004e-14,-7.105427357601002e-15,0.0,0.0,0.0,-26.445100000000025,-30.08599999999897,1.4210854715202004e-14,-0.0001000000004296453,32.267799999999966,-4.526671679999996,-56.53109999999931,27.74112832000012,-28.789971679999198
120,0.00010000000000598419,-1.0658141036401503e-14,9.999999992515995e-05,0.0,0.0,0.0,-25.200500000000012,-24.79609999999969,1.9539925233402755e-14,-5.115907697472721e-13,34.930599999999984,-4.352032079999994,-49.99639999999977,30.57856792,-19.41783207999977
121,9.999999996601616e-05,7.460698725481052e-14,-0.00010000000001042508,0.0,0.0,0.0,-31.086799999999975,-25.235500000000002,-3.197442310920451e-14,-0.00010000000031595846,33.21410000000009,-4.537896480000006,-56.32239999999945,28.67620352000003,-27.64619647999919
122,0.0001000000000015433,4.618527782440651e-14,-0.00010000000015608634,0.0,0.0,0.0,-28.20290000000007,-28.554200000000108,1.5987211554602254e-14,2.5579538487363607e-13,33.2521999999999,-4.262800319999997,-56.75710000000156,28.98939968000002,-27.767700320001538
123,-3.552713678800501e-15,-7.105427357601002e-14,-4.796163466380676e-14,0.0,0.0,0.0,-25.548000000000027,-31.235000000000532,0.0,-2.842170943040401e-14,37.53769999999997,-4.507217999999998,-56.78299999999935,33.03048200000008,-23.752517999999725
124,0.00010000000000065512,0.00010000000000331966,0.00010000000005838672,0.0,0.0,0.0,-24.822300000000006,-29.567999999999017,1.7763568394002505e-14,2.842170943040401e-14,36.74500000000006,-4.307869440000008,-54.38999999999949,32.43713056,-21.95286943999949
125,-7.993605777301127e-15,9.99999999642398e-05,-3.019806626980426e-14,0.0,0.0,0.0,-21.77319999999994,-31.721499999999693,-0.00010000000004062315,-2.5579538487363607e-13,37.13680000000011,-4.357447920000003,-53.49470000000035,32.77935208000015,-20.715347920000426
126,6.217248937900877e-15,0.00010000000012055921,-6.394884621840902e-14,0.0,0.0,0.0,-26.73699999999993,-24.493999999999538,-3.552713678800501e-14,-4.547473508864641e-13,31.48719999999987,-4.307697360000001,-51.230899999999735,27.179502640000038,-24.051397359999697
127,3.4638958368304884e-14,-1.0658141036401503e-13,3.197442310920451e-14,0.0,0.0,0.0,-23.803399999999968,-14.410500000001129,0.00010000000005305765,-5.684341886080801e-13,28.14910000000001,-4.136229360000001,-38.21380000000261,24.012870640000074,-14.200929360002306
128,2.4868995751603507e-14,8.881784197001252e-14,3.907985046680551e-14,0.0,0.0,0.0,-17.820200000000085,-33.129099999998964,9.999999998377973e-05,-5.115907697472721e-13,36.52190000000002,-3.8840363999999945,-50.949199999999976,32.637863599999974,-18.31133639999932
129,5.329070518200751e-15,8.881784197001252e-14,-5.1514348342607263e-14,0.0,0.0,0.0,-25.192900000000044,-24.673999999999182,-2.3092638912203256e-14,-9.999999957699401e-05,28.538399999999967,-4.4596720800000025,-49.86699999999874,24.078727920000027,-25.788272079998933
130,-2.842170943040401e-14,7.460698725481052e-14,-2.1316282072803006e-14,0.0,0.0,0.0,-29.89040000000004,-25.391900000000106,3.907985046680551e-14,-7.389644451905042e-13,33.40389999999991,-4.462738559999993,-55.28230000000035,28.941161439999988,-26.34113856000036
131,-3.9968028886505635e-15,-9.999999993226538e-05,-3.019806626980426e-14,0.0,0.0,0.0,-22.488900000000008,-22.85419999999992,-5.329070518200751e-15,-9.999999969068085e-05,30.354300000000084,-4.247494560000005,-45.343299999998735,26.10680543999998,-19.236494559998306
132,-2.6645352591003757e-15,8.881784197001252e-14,-9.237055564881302e-14,0.0,0.0,0.0,-26.02979999999996,-25.435500000000033,1.4210854715202004e-14,0.0,29.90810000000013,-4.143187440000003,-51.46530000000004,25.764912560000127,-25.700387439999687
133,-4.618527782440651e-14,-9.999999991450181e-05,1.2434497875801753e-13,0.0,0.0,0.0,-29.551900000000003,-17.044700000001008,-2.1316282072803006e-14,-1.1368683772161603e-13,28.884799999999803,-4.576313519999999,-46.596700000001334,24.308486479999647,-22.288213520001236
134,3.4638958368304884e-14,-1.3500311979441904e-13,-5.3290705182007514e-14,0.0,0.0,0.0,-25.658900000000017,-28.79899999999975,1.7763568394002505e-15,-6.821210263296962e-13,35.01280000000003,-4.6212069599999985,-54.45790000000038,30.39159304000018,-24.066306959999977
135,-2.1316282072803006e-14,1.4921397450962104e-13,-7.638334409421077e-14,0.0,0.0,0.0,-27.61769999999997,-21.859999999998806,-1.2434497875801753e-14,3.126388037344441e-13,31.77039999999985,-4.392408240000005,-49.47769999999876,27.377991759999922,-22.099708239998606
136,2.930988785010413e-14,-4.618527782440651e-14,1.3855583347321954e-13,0.0,0.0,0.0,-30.711900000000064,-17.42030000000114,2.3092638912203256e-14,4.547473508864641e-13,26.659699999999997,-4.410820080000001,-48.13220000000044,22.248879920000146,-25.883320080000743
137,3.108624468950438e-14,2.1316282072803006e-14,4.618527782440651e-14,0.0,0.0,0.0,-21.769400000000036,-27.064199999999957,2.3092638912203256e-14,-0.00010000000057175384,32.74390000000008,-4.390836479999999,-48.83370000000049,28.353063519999964,-20.480636480000072
138,-1.0658141036401503e-14,8.526512829121202e-14,7.460698725481052e-14,0.0,0.0,0.0,-27.048299999999944,-28.202000000000126,-0.00010000000001042508,-9.999999971910256e-05,31.950999999999908,-4.354711920000004,-55.250499999999874,27.596288080000054,-27.654211920000506
139,-4.3520742565306136e-14,3.552713678800501e-14,1.1723955140041653e-13,0.0,0.0,0.0,-27.74279999999999,-29.444999999999915,0.00010000000002818865,-8.526512829121202e-14,39.588199999999816,-4.536869759999993,-57.18769999999978,35.05133023999992,-22.136369760000306
140,9.999999997578612e-05,1.4566126083082054e-13,5.3290705182007514e-14,0.0,0.0,0.0,-27.029499999999956,-30.203999999999823,2.4868995751603507e-14,-9.999999963383743e-05,33.263499999999944,-4.28622192,-57.23349999999847,28.97727807999976,-28.25622191999848
141,9.769962616701378e-15,6.750155989720952e-14,-1.1457501614131615e-13,0.0,0.0,0.0,-29.013600000000018,-22.641300000000236,3.019806626980426e-14,-9.99999998327894e-05,30.11369999999999,-4.50460296,-51.6550000000006,25.609097040000005,-26.045902960000134
142,1.9539925233402755e-14,-9.999999999976694e-05,-1.1546319456101628e-13,0.0,0.0,0.0,-26.314699999999956,-20.003899999998524,1.2434497875801753e-14,4.263256414560601e-13,30.498099999999994,-4.226898960000001,-46.31869999999887,26.271201039999873,-20.047498959999004
143,7.105427357601002e-15,4.973799150320701e-14,1.7763568394002505e-15,0.0,0.0,0.0,-27.847099999999966,-25.27579999999879,-0.00010000000001930687,-5.968558980384842e-13,33.67649999999997,-4.485684240000003,-53.12299999999904,29.19081575999992,-23.93218423999889
144,1.2434497875801753e-14,2.0961010704922955e-13,-0.0001000000000264123,0.0,0.0,0.0,-24.300500000000003,-32.938400000000776,4.973799150320701e-14,0.00010000000085597094,42.41999999999999,-4.471015680000001,-57.23889999999943,37.94898431999994,-19.289915679999268
145,-2.3092638912203256e-14,0.00010000000006371579,-9.999999983989483e-05,0.0,0.0,0.0,-16.790699999999905,-40.34209999999975,2.930988785010413e-14,-9.999999966225914e-05,45.27699999999982,-4.242967200000002,-57.1328999999983,41.0340327999998,-16.098867199998736
146,0.00010000000000687237,-8.526512829121202e-14,-1.7763568394002505e-14,0.0,0.0,0.0,-25.892999999999937,-27.140699999999256,1.7763568394002505e-15,-4.831690603168681e-13,36.789399999999986,-4.434323760000004,-53.03359999999893,32.35507624000006,-20.67852375999864
147,-6.217248937900877e-15,-6.750155989720952e-14,8.704148513061227e-14,0.0,0.0,0.0,-21.754300000000047,-31.748900000000532,-0.00010000000002463594,4.831690603168681e-13,37.462599999999995,-4.459275359999993,-53.503299999999825,33.00332464000003,-20.49997535999981
148,-8.881784197001252e-15,0.00010000000005305765,-0.00010000000003707044,0.0,0.0,0.0,-25.71559999999999,-22.631500000000507,-9.999999999799059e-05,3.410605131648481e-13,28.195399999999978,-4.297378319999996,-48.3472000000005,23.898021679999975,-24.4491783200003
149,1.7763568394002505e-15,-8.881784197001252e-14,-9.999999985943475e-05,0.0,0.0,0.0,-28.657700000000013,-28.75130000000069,0.0,-2.5579538487363607e-13,35.9940000000001,-4.703044320000005,-57.40910000000085,31.290955680000145,-26.11814432000071
150,-2.220446049250313e-14,-9.999999985055297e-05,-1.687538997430238e-13,0.0,0.0,0.0,-24.551499999999987,-29.422299999999503,-5.329070518200751e-15,-9.999999957699401e-05,35.79979999999996,-4.404902399999999,-53.97399999999894,31.394897600000014,-22.579102399999385
151,-8.881784197001252e-15,1.3500311979441904e-13,0.0001000000000139778,0.0,0.0,0.0,-24.933699999999995,-30.34950000000068,-3.375077994860476e-14,-1.1368683772161603e-13,30.846999999999912,-4.453031519999994,-55.2831000000013,26.393968479999764,-28.889131520001087
152,-0.0001000000000015433,1.3500311979441904e-13,-1.2434497875801753e-14,0.0,0.0,0.0,-22.052499999999977,-29.733499999999644,3.375077994860476e-14,5.115907697472721e-13,37.241499999999945,-4.514148720000003,-51.78609999999976,32.72735127999999,-19.05874871999977
153,0.0001000000000423995,1.0658141036401503e-14,3.552713678800501e-14,0.0,0.0,0.0,-24.677300000000006,-28.437799999999598,-3.552713678800501e-14,3.126388037344441e-13,34.13650000000013,-4.530358800000002,-53.11499999999981,29.606141199999996,-23.50885880000004
154,9.999999998377973e-05,-9.237055564881302e-14,-5.684341886080802e-14,0.0,0.0,0.0,-30.444199999999984,-31.375899999999064,4.618527782440651e-14,8.526512829121202e-14,37.09759999999992,-4.669816319999997,-61.819999999998686,32.427783679999976,-29.39221631999918
155,-6.217248937900877e-15,0.00010000000002463594,9.999999996779252e-05,0.0,0.0,0.0,-26.42779999999996,-34.5358000000009,-2.842170943040401e-14,2.2737367544323206e-13,41.25859999999982,-4.599241920000008,-60.96340000000066,36.659358079999755,-24.304041920001595
156,-2.220446049250313e-14,9.999999986476382e-05,-1.5987211554602254e-14,0.0,0.0,0.0,-31.816299999999988,-30.94730000000059,1.7763568394002505e-15,-0.00010000000031595846,35.66800000000019,-4.7567224800000005,-62.763600000001816,30.91127752000021,-31.852322480001376
157,8.881784197001252e-15,-1.4210854715202004e-14,5.5067062021407764e-14,0.0,0.0,0.0,-31.71009999999995,-32.78800000000106,9.999999996068709e-05,1.7053025658242404e-13,35.39010000000001,-4.7796343199999995,-64.49800000000089,30.61046567999987,-33.887534320000796
158,9.999999995002895e-05,5.684341886080802e-14,-1.3322676295501878e-13,0.0,0.0,0.0,-29.16879999999998,-33.622300000000294,-1.2434497875801753e-14,8.526512829121202e-14,40.393900000000016,-4.676127840000004,-62.790999999999826,35.717772160000095,-27.073227840000413
159,-3.019806626980426e-14,0.00010000000007792664,-1.6697754290362354e-13,0.0,0.0,0.0,-30.401099999999985,-32.19130000000013,0.00010000000005128129,-5.684341886080801e-13,36.49520000000014,-4.701212640000001,-62.5922000000006,31.793987360000063,-30.798212640000543
160,-4.440892098500626e-15,8.526512829121202e-14,1.4210854715202004e-14,0.0,0.0,0.0,-27.206500000000045,-30.445000000000412,0.000100000000054834,7.673861546209082e-13,36.68500000000015,-4.639122720000003,-57.651400000000336,32.04587728000009,-25.605522720000252
161,-1.7763568394002505e-15,7.105427357601002e-15,-1.1013412404281553e-13,0.0,0.0,0.0,-23.080700000000007,-26.983700000000184,5.329070518200751e-15,1.1368683772161603e-13,32.21120000000015,-4.359241440000002,-50.06439999999921,27.85195856000017,-22.212441439998585
162,2.1316282072803006e-14,-4.263256414560601e-14,-2.5757174171303632e-14,0.0,0.0,0.0,-23.933000000000003,-20.418700000000335,0.0001000000000015433,7.958078640513122e-13,26.66380000000008,-3.973713119999997,-44.35159999999942,22.690086880000152,-21.661513119999498
163,-3.8191672047105385e-14,-1.1013412404281553e-13,-1.7763568394002505e-15,0.0,0.0,0.0,-25.882200000000026,-20.172999999999156,-1.5987211554602254e-14,-5.400124791776761e-13,32.09140000000015,-4.251297600000006,-46.055200000000056,27.84010240000014,-18.215097599999908
164,9.999999995891073e-05,2.1316282072803006e-14,-3.730349362740526e-14,0.0,0.0,0.0,-24.96749999999994,-27.767600000001288,3.375077994860476e-14,-5.684341886080801e-13,30.94679999999991,-4.100860079999999,-52.735000000001534,26.84593992000002,-25.88906008000197
165,3.730349362740526e-14,-2.1316282072803006e-14,-3.552713678800501e-15,0.0,0.0,0.0,-28.774000000000022,-19.405799999998607,-1.4210854715202004e-14,-5.684341886080802e-14,23.824399999999958,-4.17783384,-48.17979999999851,19.646566159999935,-28.533233839999028
166,-7.105427357601002e-15,-6.750155989720952e-14,7.993605777301127e-14,0.0,0.0,0.0,-22.032499999999946,-13.217900000000256,-1.2434497875801753e-14,-2.2737367544323206e-13,26.8560999999999,-4.222337760000007,-35.25040000000065,22.633762239999854,-12.616637760000572
167,-3.108624468950438e-14,-0.00010000000010279564,-0.0001000000001170065,0.0,0.0,0.0,-27.46360000000002,-19.874099999999693,-5.329070518200751e-15,1.1368683772161603e-13,24.25690000000003,-4.264592400000003,-47.33789999999945,19.992307600000004,-27.34559239999922
168,-3.375077994860476e-14,-1.7763568394002505e-14,-1.3500311979441904e-13,0.0,0.0,0.0,-21.83959999999999,-42.70840000000111,7.105427357601002e-15,-3.979039320256561e-13,45.3844999999999,-4.5111376799999965,-64.54800000000077,40.8733623199997,-23.674637680000373
169,-5.329070518200751e-15,-0.00010000000009924292,-3.907985046680551e-14,0.0,0.0,0.0,-24.561299999999946,-28.94639999999947,0.0,0.00010000000040122359,35.10880000000009,-4.365681120000006,-53.50769999999791,30.743118880000225,-22.764581119997686
170,0.00010000000002463594,1.1723955140041653e-13,9.947598300641403e-14,0.0,0.0,0.0,-21.004800000000095,-32.5368000000014,-1.9539925233402755e-14,0.00010000000006016307,35.770399999999896,-4.387488480000005,-53.54140000000115,31.382911519999922,-22.158488480001907
171,-2.6645352591003757e-14,-1.7763568394002505e-14,4.263256414560601e-14,0.0,0.0,0.0,-26.91509999999993,-26.788499999999104,-3.552713678800501e-15,-0.0001000000001454282,31.63050000000002,-4.44484872,-53.703699999999685,27.18565128000014,-26.51804872000001
172,-4.3520742565306136e-14,-2.4868995751603507e-14,1.3322676295501878e-13,0.0,0.0,0.0,-25.21310000000004,-29.86780000000155,-4.440892098500626e-14,2.5579538487363607e-13,33.41239999999992,-4.827538079999989,-55.0809000000004,28.584861919999813,-26.496038080000588
173,-9.999999998733244e-05,2.4868995751603507e-14,0.00010000000012766463,0.0,0.0,0.0,-22.2957000000001,-28.09549999999912,7.105427357601002e-15,3.126388037344441e-13,32.40370000000001,-4.4559770399999925,-50.39119999999892,27.947722959999986,-22.443477039998925
174,9.999999999088516e-05,7.815970093361102e-14,-1.5987211554602254e-14,0.0,0.0,0.0,-24.808900000000044,-30.17949999999866,-0.00010000000000331966,0.00010000000008858478,36.82779999999987,-4.3912051199999995,-54.98829999999833,32.436594879999824,-22.55170511999873
175,0.0001000000000139778,6.039613253960852e-14,-6.039613253960852e-14,0.0,0.0,0.0,-27.095199999999988,-35.06430000000057,3.552713678800501e-15,-2.2737367544323206e-13,44.19519999999988,-4.528422720000001,-62.159400000000716,39.666777279999685,-22.49262272000034
176,6.217248937900877e-15,9.999999999621423e-05,9.99999998860801e-05,0.0,0.0,0.0,-18.249399999999998,-32.988899999999866,-1.4210854715202004e-14,-8.526512829121202e-14,38.14780000000011,-4.57029072,-51.23810000000019,33.57750928000007,-17.6605907200001
177,3.552713678800501e-15,-6.039613253960852e-14,-7.815970093361102e-14,0.0,0.0,0.0,-24.0688,-27.876399999999016,-5.329070518200751e-15,0.00010000000034438017,36.95520000000007,-4.571429040000004,-51.945100000000394,32.383770960000106,-19.56132903999982
178,1.5987211554602254e-14,4.973799150320701e-14,-1.0658141036401503e-13,0.0,0.0,0.0,-27.724900000000027,-29.423699999999656,1.4210854715202004e-14,-5.684341886080801e-13,36.38330000000007,-4.775806800000002,-57.14860000000057,31.607493200000054,-25.541106800000748
179,3.730349362740526e-14,2.1316282072803006e-14,-1.3145040611561853e-13,0.0,0.0,0.0,-27.633799999999898,-23.534800000000224,0.0,-2.842170943040401e-14,30.658300000000107,-4.24254024,-51.16860000000074,26.415759760000185,-24.752840240000324
180,-3.730349362740526e-14,-8.171241461241152e-14,-1.794120407794253e-13,0.0,0.0,0.0,-25.739199999999965,-33.051999999998685,-3.197442310920451e-14,-0.000100000000458067,38.4094,-4.470970320000001,-58.79129999999853,33.93842967999991,-24.852870319998843
181,-3.019806626980426e-14,-4.973799150320701e-14,1.723066134218243e-13,0.0,0.0,0.0,-21.812999999999946,-27.701600000000333,8.881784197001252e-15,8.526512829121202e-13,37.48390000000005,-4.178683440000005,-49.514599999999774,33.30521656000019,-16.20938343999981
182,0.00010000000000509601,9.999999999976694e-05,9.999999988963282e-05,0.0,0.0,0.0,-27.173299999999998,-19.572999999999745,-4.973799150320701e-14,-5.684341886080802e-14,28.991800000000044,-4.409585279999992,-46.74600000000001,24.582214719999897,-22.16378528000034
183,0.00010000000000598419,-3.197442310920451e-14,3.730349362740526e-14,0.0,0.0,0.0,-21.71690000000003,-30.989599999999534,-3.730349362740526e-14,-7.958078640513122e-13,34.46949999999991,-4.329586800000003,-52.70640000000101,30.139913199999924,-22.566486800000405
184,9.99999999562462e-05,-1.4210854715202004e-14,6.927791673660977e-14,0.0,0.0,0.0,-27.00269999999999,-18.96770000000069,1.9539925233402755e-14,2.8421709430404007e-13,28.19000000000002,-4.441363199999998,-45.97030000000082,23.7486368,-22.22166320000059
185,-2.398081733190338e-14,-9.237055564881302e-14,-9.999999981502583e-05,0.0,0.0,0.0,-26.190700000000007,-28.284100000001565,8.881784197001252e-15,-1.4210854715202004e-13,38.48780000000006,-4.861406879999995,-54.47490000000208,33.626393120000095,-20.84850688000175
186,1.4210854715202004e-14,-1.4210854715202004e-14,1.5987211554602254e-14,0.0,0.0,0.0,-32.59259999999992,-29.146500000001588,2.1316282072803006e-14,-2.5579538487363607e-13,38.20860000000012,-4.514223600000003,-61.73910000000126,33.69437639999999,-28.044723600001262
187,-6.217248937900877e-15,-6.039613253960852e-14,-0.00010000000002996501,0.0,0.0,0.0,-31.71930000000002,-24.084699999999685,-4.440892098500626e-14,1.9895196601282805e-13,32.33259999999995,-4.752376560000002,-55.8040999999988,27.580223439999884,-28.223876559998914
188,-0.0001000000000095369,-9.999999999266151e-05,1.4210854715202004e-14,0.0,0.0,0.0,-29.57969999999996,-26.0490999999993,1.9539925233402755e-14,1.9895196601282805e-13,34.7937,-4.636066319999999,-55.628999999998925,30.15763368000004,-25.47136631999888
189,-3.907985046680551e-14,1.4210854715202004e-13,1.1546319456101628e-13,0.0,0.0,0.0,-24.694700000000083,-23.778900000000213,-2.1316282072803006e-14,0.00010000000077070581,26.41980000000001,-4.261211999999999,-48.47349999999861,22.15858800000005,-26.314911999998557
190,9.325873406851315e-15,0.0,-9.99999999766743e-05,0.0,0.0,0.0,-29.73109999999991,-35.87509999999979,-8.881784197001252e-15,3.694822225952521e-13,41.87029999999996,-4.471016399999994,-65.60629999999942,37.39928359999995,-28.207016399999247
191,9.999999998733244e-05,-7.105427357601002e-14,0.00010000000010279564,0.0,0.0,0.0,-25.0689000000001,-26.223600000000815,0.00010000000000509601,-6.536993168992922e-13,34.29750000000013,-4.439500559999993,-51.29220000000183,29.857999440000036,-21.43420056000157
192,-1.2434497875801753e-14,8.881784197001252e-14,-8.526512829121202e-14,0.0,0.0,0.0,-24.715199999999967,-17.461699999999112,4.440892098500626e-14,5.684341886080802e-14,28.660600000000166,-4.387168800000002,-42.17689999999898,24.273431200000143,-17.90346879999838
193,-0.00010000000002019505,-1.0302869668521453e-13,-1.0480505352461478e-13,0.0,0.0,0.0,-26.82699999999996,-31.167700000000174,-1.9539925233402755e-14,-2.8421709430404007e-13,38.316199999999874,-4.370148719999998,-57.994800000000325,33.94605127999992,-24.04874872000086
194,4.440892098500626e-15,-4.263256414560601e-14,8.526512829121202e-14,0.0,0.0,0.0,-26.51709999999996,-23.91080000000052,-5.329070518200751e-15,-1.9895196601282805e-13,36.46109999999991,-4.438849679999999,-50.42790000000173,32.02225031999981,-18.405649680001247
195,-1.7763568394002505e-15,-7.105427357601002e-15,0.00010000000005305765,0.0,0.0,0.0,-27.23399999999999,-30.31779999999941,3.907985046680551e-14,6.536993168992922e-13,39.60070000000003,-4.476017520000006,-57.551699999998036,35.12468248000009,-22.42701751999772
196,3.8191672047105385e-14,5.3290705182007514e-14,7.105427357601002e-15,0.0,0.0,0.0,-25.455500000000068,-35.48559999999967,-0.00010000000000509601,-5.684341886080802e-14,42.769400000000005,-4.537467359999994,-60.941199999999355,38.231932640000124,-22.709267359999245
197,2.7533531010703882e-14,7.105427357601002e-15,-2.842170943040401e-14,0.0,0.0,0.0,-31.43240000000003,-23.28930000000141,2.6645352591003757e-14,8.526512829121202e-14,29.005300000000016,-4.479101999999996,-54.72170000000098,24.5261980000001,-30.195502000001326
198,1.7763568394002505e-14,7.460698725481052e-14,4.263256414560601e-14,0.0,0.0,0.0,-24.568799999999946,-27.616699999999256,-2.3092638912203256e-14,-4.831690603168681e-13,37.08220000000014,-4.549949279999998,-52.18549999999918,32.5322507200002,-19.6532492799992
199,9.769962616701378e-15,9.99999999891088e-05,-6.039613253960852e-14,0.0,0.0,0.0,-26.824899999999943,-14.313200000000947,9.999999998377973e-05,2.842170943040401e-14,19.751900000000052,-4.09427352,-41.13790000000003,15.657626479999939,-25.480273519999642
200,-2.6645352591003757e-15,-3.552713678800501e-15,-8.881784197001252e-15,0.0,0.0,0.0,-24.67170000000008,-30.445700000000542,-2.6645352591003757e-14,3.694822225952521e-13,38.37419999999997,-4.276429920000005,-55.11739999999938,34.09777008000003,-21.019629919999346
201,-3.375077994860476e-14,6.039613253960852e-14,-1.3145040611561853e-13,0.0,0.0,0.0,-21.637599999999978,-35.59699999999986,4.973799150320701e-14,1.9895196601282805e-13,40.27470000000012,-4.393478160000004,-57.2346000000002,35.881221840000194,-21.353378160000247
202,-3.019806626980426e-14,4.618527782440651e-14,-1.7763568394002505e-15,0.0,0.0,0.0,-26.560700000000033,-22.213700000000692,8.881784197001252e-15,-2.5579538487363607e-13,28.237400000000036,-4.212236159999994,-48.77440000000118,24.025163840000236,-24.749236160000947
203,9.999999999976694e-05,-9.999999996779252e-05,-4.796163466380676e-14,0.0,0.0,0.0,-26.405200000000033,-25.401899999999827,0.00010000000003174137,-2.2737367544323206e-13,31.033500000000082,-4.099386240000004,-51.80700000000087,26.93411376000012,-24.872886240000966
204,1.5987211554602254e-14,3.552713678800501e-15,4.440892098500626e-14,0.0,0.0,0.0,-22.748100000000075,-32.3041000000002,2.3092638912203256e-14,3.979039320256561e-13,37.0571,-4.21664688,-55.052199999998805,32.8404531199999,-22.211746879998685
205,-1.509903313490213e-14,6.750155989720952e-14,4.440892098500626e-14,0.0,0.0,0.0,-18.871899999999933,-31.701200000000902,1.7763568394002505e-15,0.00010000000034438017,37.26629999999987,-4.358237039999995,-50.57300000000039,32.90806295999977,-17.664937040000623
206,5.3290705182007514e-14,7.815970093361102e-14,-1.8118839761882555e-13,0.0,0.0,0.0,-26.132299999999937,-38.09189999999972,0.00010000000000509601,0.00010000000054333213,38.016300000000115,-4.656741839999999,-64.22399999999979,33.35955816000012,-30.8644418399999
207,-1.0658141036401503e-14,-7.105427357601002e-15,1.3677947663381929e-13,0.0,0.0,0.0,-29.05399999999994,-28.206100000000966,-0.00010000000000331966,3.410605131648481e-13,35.76570000000005,-4.639134239999996,-57.26020000000182,31.126565759999984,-26.133634240001143
208,-2.1316282072803006e-14,0.0001000000000139778,-5.3290705182007514e-14,0.0,0.0,0.0,-23.63779999999997,-31.599699999999984,-2.3092638912203256e-14,2.2737367544323206e-13,36.272400000000026,-4.524643439999993,-55.23740000000009,31.74775656000004,-23.489643440000506
209,-1.2434497875801753e-14,-7.105427357601002e-14,-1.2967404927621828e-13,0.0,0.0,0.0,-30.477699999999924,-24.256999999998996,-9.99999999642398e-05,1.9895196601282805e-13,33.18719999999998,-4.524053040000002,-54.73479999999945,28.66314695999994,-26.071653039999745
210,0.0,1.8829382497642655e-13,5.5067062021407764e-14,0.0,0.0,0.0,-30.077999999999985,-18.16320000000149,5.3290705182007514e-14,6.536993168992922e-13,26.049500000000045,-4.255500240000002,-48.24120000000097,21.793999759999856,-26.447200240001123
211,-1.1102230246251565e-14,-5.684341886080802e-14,-0.00010000000001930687,0.0,0.0,0.0,-29.05339999999994,-24.245600000000685,-1.0658141036401503e-14,-9.99999995485723e-05,31.772499999999894,-4.368414239999999,-53.29920000000119,27.404085759999788,-25.895114240001178
212,1.7763568394002505e-14,-3.907985046680551e-14,-1.3322676295501878e-13,0.0,0.0,0.0,-28.21669999999994,-30.68890000000026,9.999999996779252e-05,8.526512829121202e-13,32.60889999999999,-4.810896719999995,-58.90549999999874,27.798003280000078,-31.107496719998892
213,2.5757174171303632e-14,-3.907985046680551e-14,-7.283063041541027e-14,0.0,0.0,0.0,-26.89929999999997,-27.47389999999998,-1.0658141036401503e-14,-5.684341886080802e-14,35.63179999999988,-4.487470560000002,-54.37319999999981,31.144329439999776,-23.22887055999982
214,-1.3322676295501878e-14,-3.552713678800501e-14,-9.999999992515995e-05,0.0,0.0,0.0,-24.423399999999948,-27.342999999999265,4.085620730620576e-14,-0.00010000000006016307,34.25260000000014,-4.716412559999996,-51.76659999999926,29.53618744000027,-22.230412559998996
215,3.6415315207705135e-14,-7.105427357601002e-15,1.1901590823981678e-13,0.0,0.0,0.0,-26.71410000000005,-36.37399999999997,-4.263256414560601e-14,-1.1368683772161603e-13,42.70999999999995,-4.626663840000007,-63.088100000000196,38.08333615999992,-25.00476384000028
216,-9.999999998200337e-05,-1.4921397450962104e-13,-9.059419880941277e-14,0.0,0.0,0.0,-27.195899999999988,-30.421900000000065,-2.842170943040401e-14,-9.999999963383743e-05,35.364699999999914,-4.586627519999997,-57.61799999999954,30.77807247999986,-26.839927519999677
217,8.881784197001252e-16,7.105427357601002e-15,-1.936228954946273e-13,0.0,0.0,0.0,-24.557999999999993,-29.018600000000035,0.0,3.694822225952521e-13,42.24470000000001,-4.388248800000001,-53.57659999999893,37.85645119999999,-15.72014879999918
218,1.5987211554602254e-14,9.999999999621423e-05,-3.552713678800501e-15,0.0,0.0,0.0,-26.52759999999996,-24.16210000000082,9.999999995535802e-05,8.526512829121202e-14,32.41690000000014,-4.351069439999998,-50.68950000000147,28.06583055999998,-22.62366944000172
219,-2.5757174171303632e-14,9.999999985410568e-05,9.237055564881302e-14,0.0,0.0,0.0,-26.80619999999997,-23.434200000000466,8.881784197001252e-15,-0.00010000000025911504,29.303700000000077,-4.273999920000004,-50.2404000000011,25.029700080000236,-25.21069992000109
220,1.5987211554602254e-14,0.00010000000002108322,-9.999999992871267e-05,0.0,0.0,0.0,-25.670899999999968,-22.001500000000384,-3.552713678800501e-14,-0.00010000000006016307,28.232400000000123,-4.252166639999993,-47.67250000000061,23.980233360000113,-23.69226664000027
221,0.0,1.3500311979441904e-13,1.5631940186722204e-13,0.0,0.0,0.0,-29.765899999999974,-31.185100000001555,-4.618527782440651e-14,1.1368683772161603e-13,37.93729999999999,-4.611802320000001,-60.95100000000032,33.32549768000009,-27.625502320001132
222,-8.881784197001252e-15,7.105427357601002e-14,0.00010000000002463594,0.0,0.0,0.0,-24.74940000000008,-33.393400000000725,0.00010000000001575415,-7.958078640513122e-13,34.00099999999999,-4.453973999999994,-58.142600000000584,29.54702600000014,-28.595574000000667
223,8.881784197001252e-16,-4.618527782440651e-14,3.019806626980426e-14,0.0,0.0,0.0,-27.435199999999984,-27.637099999999734,7.105427357601002e-15,-2.5579538487363607e-13,31.48279999999986,-4.336182720000003,-55.07229999999919,27.146617279999834,-27.92568271999913
224,-3.552713678800501e-15,-1.1723955140041653e-13,9.592326932761353e-14,0.0,0.0,0.0,-30.942299999999946,-24.12840000000095,-3.019806626980426e-14,-5.684341886080802e-14,32.321000000000026,-4.557060719999992,-55.070700000001125,27.763939280000056,-27.306760720000838
225,-1.5987211554602254e-14,0.00010000000008503207,-0.00010000000002996501,0.0,0.0,0.0,-28.837999999999997,-22.854000000000326,-1.2434497875801753e-14,8.526512829121202e-14,30.865500000000136,-4.383007919999999,-51.692000000000164,26.482492080000164,-25.209507919999766
226,-1.4210854715202004e-14,0.0,7.993605777301127e-14,0.0,0.0,0.0,-19.37240000000001,-30.365600000000022,7.105427357601002e-15,-2.842170943040401e-14,32.63749999999989,-4.150722240000005,-49.738000000000966,28.486777759999907,-21.251222240001056
227,0.00010000000002818865,4.973799150320701e-14,1.2079226507921703e-13,0.0,0.0,0.0,-24.247099999999993,-20.65830000000029,0.00010000000001753051,-2.5579538487363607e-13,32.72109999999998,-4.194475920000001,-44.90520000000019,28.526624079999802,-16.37857592000016
228,8.881784197001252e-16,1.7763568394002505e-14,-9.999999991450181e-05,0.0,0.0,0.0,-22.91920000000007,-33.338000000000385,1.7763568394002505e-15,-5.115907697472721e-13,41.751100000000164,-4.410944640000002,-56.25730000000131,37.340155360000225,-18.91714464000154
229,-2.7533531010703882e-14,6.039613253960852e-14,-1.3500311979441904e-13,0.0,0.0,0.0,-20.285699999999988,-27.151200000000998,-9.999999999443787e-05,-2.2737367544323206e-13,37.53039999999993,-3.9876062399999945,-47.43700000000182,33.54279376000003,-13.894206240001779
230,1.5987211554602254e-14,-9.99999999642398e-05,9.99999999109491e-05,0.0,0.0,0.0,-24.627600000000058,-32.33049999999948,-1.2434497875801753e-14,8.242295734817162e-13,36.094100000000125,-4.499890559999996,-56.95809999999882,31.594209440000032,-25.363890559998552
231,0.0001000000000344059,0.00010000000002463594,-1.1191048088221578e-13,0.0,0.0,0.0,-29.374000000000002,-20.345500000000968,-9.999999998022702e-05,2.842170943040401e-14,27.50469999999982,-4.581042480000001,-49.71939999999961,22.923657519999704,-26.79574247999969
232,-9.769962616701378e-15,9.999999998555609e-05,-9.999999995891073e-05,0.0,0.0,0.0,-27.122200000000056,-35.25269999999987,1.0658141036401503e-14,-3.410605131648481e-13,45.93219999999992,-4.49259336,-62.37490000000035,41.439606639999916,-20.93529336000043
233,-0.0001000000000015433,-4.263256414560601e-14,-9.769962616701378e-14,0.0,0.0,0.0,-21.460800000000106,-18.76129999999943,-9.999999995713438e-05,-5.115907697472721e-13,27.03509999999998,-4.124822400000001,-40.22229999999878,22.9102775999999,-17.312022399998426
234,-4.440892098500626e-14,-9.99999999891088e-05,1.5276668818842154e-13,0.0,0.0,0.0,-24.437599999999982,-27.822400000000577,-4.085620730620576e-14,8.526512829121202e-14,33.496599999999844,-4.158606239999996,-52.26010000000005,29.33799375999982,-22.922106240000005
235,-1.687538997430238e-14,-1.2789769243681803e-13,-4.796163466380676e-14,0.0,0.0,0.0,-26.51250000000008,-20.323300000000543,0.0,3.694822225952521e-13,29.488100000000024,-4.011618240000001,-46.83580000000079,25.476481760000045,-21.35931824000052
236,-1.2434497875801753e-14,-7.815970093361102e-14,0.00010000000002463594,0.0,0.0,0.0,-20.864000000000008,-38.980699999999935,-1.5987211554602254e-14,0.00010000000048648872,40.48350000000005,-4.435588799999994,-59.84450000000096,36.047911200000044,-23.79658880000069
237,8.881784197001252e-16,-0.00010000000002463594,-9.414691248821327e-14,0.0,0.0,0.0,-25.719499999999968,-15.786099999998754,-0.00010000000004950493,5.968558980384842e-13,26.838700000000088,-4.329336239999999,-41.505799999997436,22.50936376000016,-18.996436239997053
238,3.907985046680551e-14,9.592326932761353e-14,-1.1723955140041653e-13,0.0,0.0,0.0,-22.651000000000003,-29.407399999999143,-4.440892098500626e-14,5.684341886080802e-14,37.290800000000004,-4.493225520000001,-52.05839999999917,32.797574479999966,-19.2608255199992
239,-2.3092638912203256e-14,0.0001000000000423995,1.0835776720341528e-13,0.0,0.0,0.0,-28.577600000000093,-18.489200000000118,8.881784197001252e-15,1.7053025658242404e-13,26.965900000000016,-4.214674800000001,-47.06670000000092,22.7512252000002,-24.315474800000715
240,1.509903313490213e-14,-9.99999999891088e-05,-1.1013412404281553e-13,0.0,0.0,0.0,-22.366199999999925,-20.596900000001213,4.085620730620576e-14,6.821210263296962e-13,28.422700000000148,-4.088211839999998,-42.96319999999942,24.334488160000127,-18.628711839999056
241,1.1546319456101628e-14,-1.4210854715202004e-14,-8.881784197001252e-14,0.0,0.0,0.0,-25.669899999999934,-17.967700000000427,-7.105427357601002e-14,1.7053025658242404e-13,28.76119999999987,-3.6707925599999998,-43.63759999999989,25.09040743999975,-18.547192559999914
242,-9.999999997134523e-05,-2.842170943040401e-14,-9.592326932761353e-14,0.0,0.0,0.0,-25.055399999999945,-16.521199999999716,-3.197442310920451e-14,9.999999971910256e-05,26.194299999999817,-4.306610879999997,-41.576600000000866,21.887689119999926,-19.6889108800014
243,8.881784197001252e-16,1.3500311979441904e-13,-4.973799150320701e-14,0.0,0.0,0.0,-28.502899999999944,-20.215500000001114,-9.999999999443787e-05,-0.0001000000001454282,24.376199999999958,-4.444367759999998,-48.71860000000139,19.931832239999945,-28.78676776000121
244,-0.00010000000001486598,8.171241461241152e-14,-3.552713678800501e-15,0.0,0.0,0.0,-22.39439999999994,-34.59730000000066,-2.3092638912203256e-14,-3.694822225952521e-13,37.77889999999996,-4.454947440000003,-56.99180000000007,33.32395255999994,-23.667847440000116
245,-8.881784197001252e-16,-6.394884621840902e-14,-8.348877145181177e-14,0.0,0.0,0.0,-19.57079999999998,-27.801500000000715,3.730349362740526e-14,0.00010000000077070581,32.08800000000006,-4.136670719999998,-47.37220000000049,27.95132928000004,-19.420870720000664
246,5.329070518200751e-15,2.1671553440683056e-13,1.4210854715202004e-13,0.0,0.0,0.0,-26.5509,-22.054400000000427,0.0001000000000423995,0.0001000000001454282,26.765599999999885,-4.324176720000002,-48.605099999998956,22.441423280000002,-26.163676719999188
247,0.00010000000003351772,-7.460698725481052e-14,1.0835776720341528e-13,0.0,0.0,0.0,-28.238299999999917,-34.09550000000115,3.552713678800501e-15,9.999999926435521e-05,39.32460000000006,-4.534415280000003,-62.333600000001965,34.79018472000013,-27.543415280002293
248,9.999999996779252e-05,0.00010000000002108322,1.723066134218243e-13,0.0,0.0,0.0,-28.985500000000037,-29.150399999999507,1.4210854715202004e-14,5.684341886080802e-14,35.02650000000003,-4.506682319999998,-58.13569999999909,30.519817680000088,-27.615882319999685
249,8.881784197001252e-16,1.2434497875801753e-13,-1.1368683772161603e-13,0.0,0.0,0.0,-24.057900000000004,-22.62609999999895,-3.730349362740526e-14,-1.9895196601282805e-13,30.34689999999994,-4.191986160000004,-46.68399999999998,26.154913839999907,-20.529086160000304
250,3.019806626980426e-14,-2.842170943040401e-14,7.549516567451064e-14,0.0,0.0,0.0,-24.013899999999985,-41.92410000000109,3.019806626980426e-14,5.968558980384842e-13,44.00389999999999,-4.4110072800000015,-65.93799999999958,39.59289272000001,-26.34510727999934
251,2.1316282072803006e-14,-1.5276668818842154e-13,1.0658141036401503e-13,0.0,0.0,0.0,-21.534200000000034,-24.449599999999172,2.4868995751603507e-14,2.5579538487363607e-13,32.543200000000006,-4.232612880000001,-45.983799999999064,28.31058712000006,-17.673212879998772
252,0.00010000000001753051,-7.460698725481052e-14,9.237055564881302e-14,0.0,0.0,0.0,-27.05459999999995,-24.923000000000393,1.2434497875801753e-14,-1.7053025658242404e-13,31.12949999999998,-4.404089519999998,-51.97749999999921,26.725410480000008,-25.252089519998975
253,-0.00010000000001042508,-9.947598300641403e-14,-9.999999988430375e-05,0.0,0.0,0.0,-20.520300000000045,-23.17920000000116,-1.7763568394002505e-14,-5.115907697472721e-13,32.16189999999982,-4.042474560000001,-43.69970000000218,28.119425439999784,-15.580274560002621
254,3.730349362740526e-14,3.552713678800501e-14,9.999999985232932e-05,0.0,0.0,0.0,-25.402900000000013,-22.231700000000565,-3.552713678800501e-15,-5.684341886080801e-13,28.99470000000007,-4.345129440000003,-47.63450000000128,24.649570560000107,-22.984929440000954
255,5.329070518200751e-15,7.815970093361102e-14,-6.572520305780927e-14,0.0,0.0,0.0,-28.4882,-23.814200000000852,1.2434497875801753e-14,4.263256414560601e-13,30.72849999999991,-4.42283688,-52.30239999999982,26.305663119999934,-25.996736880000114
256,-1.5987211554602254e-14,9.999999995358166e-05,-3.197442310920451e-14,0.0,0.0,0.0,-23.858500000000014,-38.03440000000038,-1.5987211554602254e-14,8.526512829121202e-14,45.81409999999998,-4.46232024,-61.89280000000036,41.351779760000056,-20.541020240000307
257,-3.730349362740526e-14,0.00010000000003529408,1.9895196601282805e-13,0.0,0.0,0.0,-27.219999999999988,-25.507999999999925,0.00010000000002818865,-8.526512829121202e-14,27.48799999999992,-4.336593119999996,-52.72779999999915,23.151406879999847,-29.5763931199984
258,-1.4210854715202004e-14,-3.552713678800501e-14,7.460698725481052e-14,0.0,0.0,0.0,-23.703600000000055,-20.373800000000386,9.999999999621423e-05,-3.979039320256561e-13,30.99699999999988,-3.8979878399999928,-44.07730000000137,27.09901215999988,-16.978287840000817
259,-9.999999998733244e-05,-0.00010000000007437393,-1.0480505352461478e-13,0.0,0.0,0.0,-29.240699999999975,-18.626900000000845,1.4210854715202004e-14,2.842170943040401e-14,29.512400000000042,-4.4609543999999985,-47.867800000001566,25.051445600000065,-22.8163544000015
260,1.1546319456101628e-14,4.618527782440651e-14,-4.263256414560601e-14,0.0,0.0,0.0,-31.51469999999993,-21.151800000000172,-3.375077994860476e-14,2.2737367544323206e-13,30.628200000000092,-4.57105464,-52.66650000000041,26.05714536000027,-26.60935464000059
261,3.019806626980426e-14,1.6342482922482304e-13,0.00010000000002996501,0.0,0.0,0.0,-26.98219999999998,-27.39820000000028,-1.9539925233402755e-14,9.99999998327894e-05,31.804000000000116,-4.2411268799999995,-54.38020000000016,27.56287312000016,-26.817326880000223
262,6.217248937900877e-15,4.263256414560601e-14,-9.999999984167118e-05,0.0,0.0,0.0,-23.645900000000022,-22.022800000000807,0.0,-4.547473508864641e-13,27.292800000000145,-3.775907519999995,-45.6688000000009,23.516892480000003,-22.15190752000113
263,-5.773159728050814e-15,9.999999999976694e-05,-1.3322676295501878e-13,0.0,0.0,0.0,-20.268299999999968,-31.520600000000798,5.329070518200751e-15,8.526512829121202e-14,34.32670000000013,-4.021709040000005,-51.78880000000133,30.304990960000175,-21.483809040001603
264,1.687538997430238e-14,1.0658141036401503e-14,-1.0480505352461478e-13,0.0,0.0,0.0,-29.826500000000046,-31.32669999999886,2.1316282072803006e-14,1.4210854715202004e-13,38.99900000000008,-4.455421919999994,-61.15319999999903,34.54357808,-26.6096219199988
265,-1.2434497875801753e-14,4.263256414560601e-14,1.7053025658242404e-13,0.0,0.0,0.0,-26.737100000000012,-31.323599999999878,3.730349362740526e-14,-1.4210854715202004e-13,34.83690000000004,-4.241142000000002,-58.06070000000041,30.59575799999999,-27.46494200000042
266,3.4638958368304884e-14,-9.999999989673825e-05,-5.5067062021407764e-14,0.0,0.0,0.0,-29.808099999999992,-21.51829999999986,4.618527782440651e-14,-4.263256414560601e-13,31.841200000000164,-4.5742392,-51.326500000000436,27.266960800000213,-24.05953920000023
267,-5.329070518200751e-15,9.99999999891088e-05,2.1316282072803006e-14,0.0,0.0,0.0,-26.765500000000003,-33.37959999999897,-2.1316282072803006e-14,9.999999974752427e-05,43.08750000000019,-4.535343359999995,-60.144899999999126,38.55215664000023,-21.59274335999889
268,9.999999998733244e-05,-9.947598300641403e-14,1.616484723854228e-13,0.0,0.0,0.0,-26.711800000000036,-15.483500000000888,-0.00010000000003707044,2.8421709430404007e-13,24.02130000000001,-4.324106160000001,-42.19530000000091,19.697193840000033,-22.498106160001115
269,9.769962616701378e-15,9.99999999109491e-05,1.4921397450962104e-13,0.0,0.0,0.0,-25.111099999999976,-31.19370000000101,7.105427357601002e-15,-5.968558980384842e-13,33.82539999999982,-4.3997961599999975,-56.30470000000099,29.425603839999724,-26.879096160000813
270,1.0658141036401503e-14,-8.171241461241152e-14,2.3092638912203256e-14,0.0,0.0,0.0,-20.792099999999955,-32.437899999999516,-2.1316282072803006e-14,2.842170943040401e-14,36.37070000000003,-4.3959945599999966,-53.230000000000416,31.974705440000044,-21.255294560000593
271,0.00010000000001930687,-7.105427357601002e-15,2.842170943040401e-14,0.0,0.0,0.0,-25.179599999999997,-30.786900000000294,-1.9539925233402755e-14,-5.684341886080802e-14,40.1555999999999,-4.579903440000004,-55.96640000000038,35.57569655999985,-20.39070344000031
272,3.552713678800501e-14,-6.394884621840902e-14,1.1013412404281553e-13,0.0,0.0,0.0,-25.68409999999994,-33.35419999999875,3.019806626980426e-14,-3.979039320256561e-13,39.561500000000024,-4.58162712,-59.038299999999026,34.97987288000013,-24.058427119998896
273,2.930988785010413e-14,2.4868995751603507e-14,9.999999995002895e-05,0.0,0.0,0.0,-25.68410000000007,-32.8909,-1.7763568394002505e-14,1.9895196601282805e-13,34.357799999999955,-4.239261359999997,-58.574899999998976,30.11853863999995,-28.456361359998795
274,0.00010000000001042508,6.750155989720952e-14,1.971756091734278e-13,0.0,0.0,0.0,-33.60549999999994,-15.69559999999948,-3.552713678800501e-15,-2.842170943040401e-14,26.254500000000036,-4.60616832,-49.30099999999918,21.648331679999828,-27.652668319999123
275,3.197442310920451e-14,3.552713678800501e-15,9.769962616701378e-14,0.0,0.0,0.0,-31.581999999999965,-19.14830000000031,1.7763568394002505e-15,9.999999940646376e-05,26.14700000000005,-4.569747839999998,-50.730200000001474,21.577252160000096,-29.15294784000139
276,-1.5987211554602254e-14,-0.00010000000000687237,0.00010000000000331966,0.0,0.0,0.0,-27.97870000000004,-30.932499999998903,-2.3092638912203256e-14,0.00010000000034438017,33.278000000000034,-4.6005091200000106,-58.91109999999898,28.677490879999873,-30.233609119999116
277,8.881784197001252e-15,3.907985046680551e-14,5.861977570020827e-14,0.0,0.0,0.0,-24.170600000000025,-30.228599999999282,-0.00010000000001841869,2.5579538487363607e-13,38.914299999999955,-4.490778240000003,-54.399299999999144,34.423521760000014,-19.975778239999585
278,-9.999999998022702e-05,-1.5987211554602254e-13,5.684341886080802e-14,0.0,0.0,0.0,-22.807100000000094,-29.899299999999812,-3.907985046680551e-14,3.410605131648481e-13,35.62269999999992,-4.551688800000008,-52.70649999999992,31.071011199999937,-21.635488799999976
279,3.552713678800501e-14,-0.0001000000000423995,-1.5987211554602254e-14,0.0,0.0,0.0,-23.023400000000017,-28.057399999999106,-0.00010000000000864873,2.842170943040401e-14,35.51309999999992,-4.234104000000005,-51.08099999999844,31.278995999999857,-19.802003999998576
280,-1.9539925233402755e-14,5.3290705182007514e-14,-1.6697754290362354e-13,0.0,0.0,0.0,-24.169499999999967,-30.62099999999903,-2.4868995751603507e-14,-2.5579538487363607e-13,36.52319999999993,-4.389371999999998,-54.79049999999987,32.13382799999978,-22.656672000000086
281,-2.6645352591003757e-14,1.2079226507921703e-13,8.881784197001252e-15,0.0,0.0,0.0,-29.10890000000008,-27.826100000001766,-3.197442310920451e-14,9.999999980436769e-05,34.95699999999991,-4.468945679999997,-56.934900000002756,30.488054319999865,-26.446845680003122
282,-4.440892098500626e-15,-1.2079226507921703e-13,5.5067062021407764e-14,0.0,0.0,0.0,-26.212200000000056,-21.660500000000802,-1.9539925233402755e-14,-0.00010000000025911504,32.050200000000096,-4.546798560000006,-47.872800000000055,27.503401439999976,-20.369398560000093
283,-0.00010000000003618226,-4.973799150320701e-14,6.750155989720952e-14,0.0,0.0,0.0,-25.87500000000001,-22.552400000000347,0.00010000000001930687,-2.2737367544323206e-13,27.45680000000015,-4.381590239999998,-48.4274000000011,23.07520976000026,-25.35219024000085
284,-0.00010000000000864873,7.105427357601002e-15,-1.723066134218243e-13,0.0,0.0,0.0,-26.3793000000001,-33.3756000000005,2.3092638912203256e-14,-1.1368683772161603e-13,39.85310000000004,-4.512517199999997,-59.75500000000109,35.340582800000206,-24.414417200000415
285,-8.881784197001252e-15,2.1316282072803006e-14,-1.1723955140041653e-13,0.0,0.0,0.0,-30.244499999999917,-26.539199999998985,3.552713678800501e-15,9.999999960541572e-05,32.140600000000006,-4.753116719999995,-56.78359999999934,27.38748327999998,-29.396116719999355
286,-4.440892098500626e-15,6.750155989720952e-14,7.105427357601002e-14,0.0,0.0,0.0,-22.18590000000004,-30.422200000000693,9.999999995002895e-05,0.00010000000000331966,38.8443000000001,-4.6768233600000055,-52.6079000000006,34.16747664000023,-18.440423360000366
287,-7.993605777301127e-15,8.171241461241152e-14,-0.0001000000000921375,0.0,0.0,0.0,-29.8503999999999,-27.927900000000662,-1.7763568394002505e-15,-2.8421709430404007e-13,35.41150000000001,-4.407202079999998,-57.77840000000137,31.00429791999995,-26.77410208000164
288,9.999999998555609e-05,-9.999999986831654e-05,-2.4868995751603507e-14,0.0,0.0,0.0,-21.118100000000037,-29.677700000000314,0.00010000000000864873,4.263256414560601e-13,33.103300000000075,-4.340175120000001,-50.79570000000098,28.763124880000127,-22.03257512000107
289,-9.999999999266151e-05,-2.1316282072803006e-14,-1.3145040611561853e-13,0.0,0.0,0.0,-28.194900000000032,-18.858800000001565,2.3092638912203256e-14,-2.842170943040401e-14,29.77760000000015,-4.146671519999997,-47.053800000001914,25.63092848000008,-21.422871520001834
290,2.398081733190338e-14,-2.842170943040401e-14,5.1514348342607263e-14,0.0,0.0,0.0,-27.3079,-26.483399999999662,-4.440892098500626e-14,9.999999997489795e-05,36.0163,-4.569926400000002,-53.79119999999922,31.446373600000108,-22.344826399999107
291,-9.999999997489795e-05,-0.00010000000001042508,1.580957587066223e-13,0.0,0.0,0.0,-22.908900000000017,-35.6043000000008,9.999999998555609e-05,2.842170943040401e-14,37.95079999999993,-4.337701919999999,-58.51330000000023,33.61309807999994,-24.90020192000074
292,-2.6645352591003757e-14,-9.592326932761353e-14,-9.999999996246345e-05,0.0,0.0,0.0,-29.2049,-24.706800000000413,-2.4868995751603507e-14,-5.684341886080801e-13,32.13459999999982,-4.503600000000002,-53.91180000000166,27.630999999999993,-26.280800000001662
293,-9.999999996068709e-05,3.907985046680551e-14,-9.999999993492992e-05,0.0,0.0,0.0,-25.814499999999953,-29.878900000001074,-3.730349362740526e-14,-5.400124791776761e-13,36.613999999999976,-4.408349760000004,-55.69360000000209,32.20565024000004,-23.487949760002053
294,0.00010000000003174137,9.947598300641403e-14,-6.927791673660977e-14,0.0,0.0,0.0,-26.56389999999998,-21.642399999999093,3.552713678800501e-15,-6.252776074688882e-13,31.13420000000011,-4.524112800000005,-48.20619999999947,26.610087199999985,-21.596112799999716
295,-8.881784197001252e-16,-6.750155989720952e-14,-1.4210854715202004e-14,0.0,0.0,0.0,-18.34990000000006,-28.905600000000717,1.0658141036401503e-14,-1.4210854715202004e-13,32.80810000000008,-4.085175599999998,-47.25550000000122,28.722924400000203,-18.532575600001238
296,-5.329070518200751e-15,-0.00010000000008858478,1.3500311979441904e-13,0.0,0.0,0.0,-22.177000000000042,-33.26840000000087,-8.881784197001252e-15,0.00010000000065701897,41.936799999999984,-4.1771044799999935,-55.44539999999914,37.75969551999994,-17.685704479999202
297,5.0182080713057076e-14,9.999999991805453e-05,-0.00010000000013477006,0.0,0.0,0.0,-25.31329999999997,-28.213299999999833,-4.618527782440651e-14,-4.263256414560601e-13,34.45690000000007,-4.466240640000002,-53.5265999999997,29.990659360000137,-23.535940639999808
298,9.325873406851315e-15,-0.00010000000007437393,-3.907985046680551e-14,0.0,0.0,0.0,-27.709099999999978,-27.796799999999955,-9.99999999891088e-05,9.999999997489795e-05,33.81699999999996,-4.256211599999995,-55.50599999999976,29.560788399999844,-25.94521159999968
299,0.00010000000000687237,-8.881784197001252e-14,1.829647544582258e-13,0.0,0.0,0.0,-27.987499999999994,-22.317199999999467,4.085620730620576e-14,-2.842170943040401e-14,36.58249999999994,-4.32273168,-50.30460000000076,32.2597683200001,-18.04483168000158
300,-9.999999999976694e-05,-3.552713678800501e-14,3.552713678800501e-14,0.0,0.0,0.0,-19.282300000000088,-22.055799999999657,3.552713678800501e-15,-6.821210263296962e-13,31.53270000000009,-3.956484959999995,-41.33820000000105,27.576215039999994,-13.761984960000603
301,1.4210854715202004e-14,5.684341886080802e-14,5.1514348342607263e-14,0.0,0.0,0.0,-18.097500000000036,-29.240399999999276,7.105427357601002e-15,0.00010000000062859726,35.54399999999997,-4.0562632800000005,-47.33779999999851,31.48773672000012,-15.850063279998167
302,1.7763568394002505e-14,-0.00010000000014187549,1.0658141036401503e-14,0.0,0.0,0.0,-19.717599999999965,-28.444199999999476,1.2434497875801753e-14,3.694822225952521e-13,36.98470000000013,-3.9243535199999995,-48.16190000000081,33.060346480000035,-15.101553520001005
303,-4.085620730620576e-14,-9.592326932761353e-14,-0.00010000000006549215,0.0,0.0,0.0,-24.039899999999946,-26.252099999999878,7.105427357601002e-15,-6.252776074688882e-13,35.5967,-4.093482240000004,-50.29210000000032,31.503217759999863,-18.788882239999765
304,2.6645352591003757e-14,-4.263256414560601e-14,-7.105427357601002e-15,0.0,0.0,0.0,-22.71089999999997,-34.45599999999977,7.105427357601002e-15,-9.99999995201506e-05,40.26919999999993,-4.033436400000004,-57.166999999999575,36.23576359999984,-20.931236399999733
305,-3.4638958368304884e-14,3.552713678800501e-15,-9.999999987542196e-05,0.0,0.0,0.0,-25.267899999999972,-27.04989999999915,9.999999999799059e-05,0.0,33.49559999999981,-4.156169040000002,-52.31779999999925,29.33943095999962,-22.97836903999918
306,-3.375077994860476e-14,2.4868995751603507e-14,-9.99999999891088e-05,0.0,0.0,0.0,-25.01290000000002,-22.270000000000948,-9.999999998377973e-05,-9.99999998327894e-05,35.586600000000004,-4.390551360000003,-47.283200000001585,31.196048639999983,-16.0871513600016
307,3.730349362740526e-14,-3.907985046680551e-14,-8.526512829121202e-14,0.0,0.0,0.0,-21.304399999999912,-26.236900000000382,2.3092638912203256e-14,-1.4210854715202004e-13,36.20439999999981,-3.978761040000003,-47.54130000000049,32.225638959999856,-15.315661040000862
308,1.0658141036401503e-14,-1.6697754290362354e-13,-8.704148513061227e-14,0.0,0.0,0.0,-24.40620000000006,-28.595899999998913,-1.9539925233402755e-14,9.999999937804205e-05,30.730900000000087,-4.312324800000001,-53.00199999999997,26.41857520000005,-26.583424799999918
309,-3.9968028886505635e-14,-3.552713678800501e-15,1.0835776720341528e-13,0.0,0.0,0.0,-19.865200000000073,-32.545299999999074,-2.4868995751603507e-14,-5.115907697472721e-13,34.83290000000014,-4.154564159999997,-52.41050000000001,30.678335840000095,-21.73216415999991
310,-1.5987211554602254e-14,3.907985046680551e-14,1.2434497875801753e-13,0.0,0.0,0.0,-25.138900000000014,-26.777299999999208,0.00010000000000687237,-2.842170943040401e-14,34.80450000000008,-4.401152640000003,-51.91609999999905,30.403347360000236,-21.512752639999036
311,-6.217248937900877e-15,7.105427357601002e-14,1.8118839761882555e-13,0.0,0.0,0.0,-23.87789999999998,-30.369899999999205,-7.105427357601002e-15,0.0,38.43299999999998,-4.551427439999995,-54.24779999999939,33.881572559999896,-20.36622743999949
312,1.7763568394002505e-14,-1.7763568394002505e-14,-3.552713678800501e-15,0.0,0.0,0.0,-26.7017,-24.2381999999999,2.1316282072803006e-14,-1.9895196601282805e-13,33.158800000000156,-3.983623919999999,-50.93990000000059,29.17517608000008,-21.764723920000506
313,-9.99999999891088e-05,-8.526512829121202e-14,-1.1546319456101628e-13,0.0,0.0,0.0,-23.053500000000064,-28.415399999998606,-5.1514348342607263e-14,9.999999980436769e-05,34.83170000000014,-4.05894816,-51.46889999999985,30.772751840000158,-20.696148159999694
314,-5.46229728115577e-14,-1.0658141036401503e-13,-9.999999995002895e-05,0.0,0.0,0.0,-16.989800000000052,-28.38969999999867,2.1316282072803006e-14,-1.1368683772161603e-13,31.851999999999894,-4.166411039999993,-45.37959999999876,27.685588959999823,-17.69401103999894
315,0.00010000000001486598,0.0001000000001951662,8.526512829121202e-14,0.0,0.0,0.0,-19.284499999999962,-19.879599999999606,0.0,-8.526512829121202e-14,33.5144999999999,-4.28378184,-39.16389999999987,29.23071815999995,-9.933181840000145
316,-1.5987211554602254e-14,7.105427357601002e-14,1.5631940186722204e-13,0.0,0.0,0.0,-21.825499999999952,-34.25810000000157,-7.105427357601002e-15,-3.126388037344441e-13,42.807800000000015,-4.1596480800000055,-56.08360000000084,38.64815192000005,-17.435448080000782
317,-1.687538997430238e-14,1.7763568394002505e-14,-0.00010000000018095534,0.0,0.0,0.0,-18.984199999999962,-37.77149999999961,3.019806626980426e-14,-3.694822225952521e-13,42.0146,-4.219984079999996,-56.75580000000022,37.79461592000002,-18.96118407999974
318,9.999999998733244e-05,-9.592326932761353e-14,1.1901590823981678e-13,0.0,0.0,0.0,-23.82190000000005,-20.92009999999918,9.999999997845066e-05,-4.263256414560601e-13,30.997900000000108,-4.053690000000003,-44.7417999999999,26.94421000000016,-17.797589999999744
319,1.2434497875801753e-14,4.263256414560601e-14,-1.7763568394002505e-15,0.0,0.0,0.0,-19.094499999999996,-30.19940000000058,-2.842170943040401e-14,-9.999999974752427e-05,35.90619999999992,-4.054356,-49.29400000000075,31.85184399999995,-17.442156000001248
320,-1.1546319456101628e-14,-0.00010000000003174137,-0.00010000000011167742,0.0,0.0,0.0,-21.844600000000007,-34.02340000000101,-3.019806626980426e-14,7.389644451905042e-13,39.62209999999999,-4.172240159999998,-55.86820000000057,35.44985984,-20.418340160000113
321,-4.263256414560601e-14,1.0658141036401503e-14,-1.652011860642233e-13,0.0,0.0,0.0,-29.123900000000013,-30.585899999998368,-1.5987211554602254e-14,1.9895196601282805e-13,34.8072999999999,-4.519632240000002,-59.709799999999646,30.287667759999984,-29.422132239999428
322,9.769962616701378e-15,-4.973799150320701e-14,-9.999999997845066e-05,0.0,0.0,0.0,-23.528799999999983,-28.634799999999807,-5.329070518200751e-15,4.831690603168681e-13,29.491500000000183,-4.080916800000001,-52.163699999998755,25.410583200000154,-26.753116799998594
323,-1.7763568394002505e-15,1.1368683772161603e-13,0.00010000000018806077,0.0,0.0,0.0,-28.812599999999968,-30.389200000001345,-9.999999996779252e-05,3.694822225952521e-13,37.65179999999987,-4.582055520000003,-59.201800000001356,33.06974447999987,-26.132055520001487
324,-0.00010000000003884679,-9.999999996779252e-05,-7.283063041541027e-14,0.0,0.0,0.0,-27.123599999999932,-18.05590000000098,2.1316282072803006e-14,-2.842170943040401e-14,23.03420000000007,-4.021799760000002,-45.1796999999998,19.012400240000048,-26.167299759999523
325,-1.0658141036401503e-14,0.00010000000004595222,7.283063041541027e-14,0.0,0.0,0.0,-25.08840000000005,-19.335099999998555,-4.085620730620576e-14,-5.400124791776761e-13,27.034999999999986,-4.092317279999998,-44.42339999999896,22.942682719999837,-21.48071727999867
326,9.999999999799059e-05,-4.973799150320701e-14,-4.440892098500626e-14,0.0,0.0,0.0,-22.250299999999967,-22.977899999999984,1.7763568394002505e-14,-3.410605131648481e-13,32.05519999999996,-4.221416159999997,-45.22810000000025,27.833783839999988,-17.3943161600005
327,-9.999999998377973e-05,-9.237055564881302e-14,6.927791673660977e-14,0.0,0.0,0.0,-23.545200000000072,-35.03520000000002,-0.00010000000000331966,-3.410605131648481e-13,39.110199999999935,-4.2926544000000035,-58.58060000000083,34.81754559999989,-23.763054400000712
328,-1.4210854715202004e-14,-8.526512829121202e-14,3.552713678800501e-15,0.0,0.0,0.0,-20.78249999999994,-27.259899999999057,9.999999999443787e-05,-3.694822225952521e-13,35.94620000000006,-4.0360089599999975,-48.042299999999145,31.910191040000036,-16.13210895999957
329,-1.7763568394002505e-15,-4.618527782440651e-14,5.5067062021407764e-14,0.0,0.0,0.0,-28.51059999999999,-23.104399999999664,3.375077994860476e-14,9.999999988963282e-05,31.808300000000145,-4.50540288,-51.61489999999887,27.302897120000154,-24.312002879998715
330,4.618527782440651e-14,-6.394884621840902e-14,-1.5987211554602254e-13,0.0,0.0,0.0,-26.62830000000003,-25.210600000000163,-2.4868995751603507e-14,-1.1368683772161603e-13,30.52139999999984,-4.199563439999993,-51.83890000000045,26.321836559999674,-25.517063440000996
331,1.4210854715202004e-14,1.1723955140041653e-13,-8.881784197001252e-15,0.0,0.0,0.0,-27.79280000000003,-20.719699999999527,-1.7763568394002505e-15,-5.684341886080802e-14,26.56289999999995,-4.047641280000002,-48.51249999999985,22.51525872000009,-25.99724127999953
332,-9.999999998644427e-05,9.999999997134523e-05,6.927791673660977e-14,0.0,0.0,0.0,-30.489299999999993,-20.241999999998754,-0.00010000000004772858,-4.831690603168681e-13,31.81439999999998,-4.48628976,-50.731399999999624,27.328110239999866,-23.403289759998856
333,3.552713678800501e-14,1.4921397450962104e-13,-1.7763568394002505e-15,0.0,0.0,0.0,-26.653900000000103,-13.951799999999608,-7.105427357601002e-15,-1.9895196601282805e-13,23.22440000000012,-4.083467760000003,-40.6057000000003,19.14093224000026,-21.464767759999816
334,-1.2878587085651816e-14,-1.7053025658242404e-13,0.00010000000015253363,0.0,0.0,0.0,-27.27900000000004,-23.264699999998477,-1.4210854715202004e-14,1.1368683772161603e-13,30.59249999999993,-4.431034799999994,-50.54359999999964,26.161465199999782,-24.38213479999986
335,-0.00010000000000864873,1.9539925233402755e-13,-1.0658141036401503e-14,0.0,0.0,0.0,-26.520200000000106,-28.35370000000055,2.1316282072803006e-14,7.105427357601002e-13,38.052099999999925,-4.392847439999994,-54.87400000000042,33.6592525599998,-21.214747440000167
336,-3.907985046680551e-14,3.907985046680551e-14,1.2434497875801753e-14,0.0,0.0,0.0,-23.797800000000105,-28.48010000000103,-2.6645352591003757e-14,2.842170943040401e-14,34.70759999999995,-3.660589439999999,-52.277900000001466,31.047010560000135,-21.23088944000132
337,6.217248937900877e-15,-8.171241461241152e-14,-9.999999989496189e-05,0.0,0.0,0.0,-28.072600000000072,-25.57849999999946,1.5987211554602254e-14,3.979039320256561e-13,35.86199999999987,-4.293470879999999,-53.65119999999864,31.568529119999866,-22.082670879998773
338,3.2862601528904634e-14,1.4566126083082054e-13,-3.019806626980426e-14,0.0,0.0,0.0,-29.184300000000015,-18.323100000000444,1.5987211554602254e-14,-9.99999995485723e-05,29.909700000000132,-4.34400192,-47.50749999999955,25.565698080000125,-21.941801919999662
339,-1.509903313490213e-14,8.526512829121202e-14,-1.1723955140041653e-13,0.0,0.0,0.0,-24.91690000000008,-36.298900000001304,-1.9539925233402755e-14,-4.831690603168681e-13,38.74920000000007,-4.248488879999996,-61.21580000000141,34.50071111999999,-26.715088880001176
340,2.6645352591003757e-14,0.00010000000012411192,0.00010000000004595222,0.0,0.0,0.0,-27.07410000000008,-21.8600000000001,0.00010000000003174137,0.00010000000000331966,29.230799999999903,-4.386956400000003,-48.93370000000034,24.843843599999914,-24.08985640000043
341,8.881784197001252e-16,0.00010000000000331966,1.2079226507921703e-13,0.0,0.0,0.0,-25.93519999999999,-28.51850000000035,5.329070518200751e-15,-7.673861546209082e-13,36.08799999999985,-4.366559519999997,-54.453600000001785,31.721440479999877,-22.7321595200019
342,0.00010000000003174137,-3.552713678800501e-15,-1.4210854715202004e-14,0.0,0.0,0.0,-23.9278999999999,-21.468399999999697,1.0658141036401503e-14,5.684341886080802e-14,28.316300000000073,-4.064015520000002,-45.396199999998885,24.252284480000064,-21.143915519999055
343,-2.6645352591003757e-14,-1.1013412404281553e-13,1.7763568394002505e-14,0.0,0.0,0.0,-20.70969999999999,-26.79679999999869,-2.1316282072803006e-14,1.7053025658242404e-13,30.85639999999984,-3.7991260799999935,-47.50649999999922,27.057273919999712,-20.449226079999278
344,9.999999999887876e-05,-2.4868995751603507e-14,1.7053025658242404e-13,0.0,0.0,0.0,-23.678999999999995,-25.382999999999605,-2.3092638912203256e-14,-9.999999926435521e-05,31.903799999999865,-4.144247280000002,-49.06199999999926,27.759552719999906,-21.30244727999913
345,-1.0658141036401503e-14,2.1316282072803006e-14,-1.3500311979441904e-13,0.0,0.0,0.0,-25.34679999999996,-18.206399999999398,1.7763568394002505e-15,0.0001000000001454282,28.805399999999953,-4.297425839999999,-43.55309999999935,24.50797415999989,-19.045125839999002
346,2.3092638912203256e-14,1.7408297026122455e-13,5.3290705182007514e-14,0.0,0.0,0.0,-28.182600000000033,-33.85269999999931,1.2434497875801753e-14,-4.263256414560601e-13,35.92710000000009,-4.2496307999999985,-62.03529999999917,31.677469200000118,-30.357830799998823
347,0.0,9.999999987897468e-05,-9.414691248821327e-14,0.0,0.0,0.0,-28.03579999999996,-30.402500000000693,-1.9539925233402755e-14,-9.999999986121111e-05,36.89739999999987,-4.410863280000002,-58.43830000000143,32.48653672000007,-25.95176328000204
348,-6.217248937900877e-15,-1.3500311979441904e-13,9.999999996601616e-05,0.0,0.0,0.0,-28.90010000000004,-21.253199999999566,-9.999999998022702e-05,-0.00010000000000331966,29.10379999999986,-4.214365920000006,-50.15340000000049,24.889434079999813,-25.263965920000444
349,-9.999999998733244e-05,-2.1316282072803006e-14,8.348877145181177e-14,0.0,0.0,0.0,-18.817900000000055,-38.45189999999972,1.0658141036401503e-14,-1.7053025658242404e-13,43.276000000000025,-4.394108880000004,-57.269899999999055,38.88189112000005,-18.38800887999878
350,2.6645352591003757e-15,3.197442310920451e-14,-8.348877145181177e-14,0.0,0.0,0.0,-27.731799999999943,-17.032400000000116,-9.999999999799059e-05,-3.979039320256561e-13,23.69509999999996,-3.9595860000000025,-44.76430000000039,19.735513999999938,-25.02878600000045
351,2.6645352591003757e-14,-0.00010000000004950493,9.769962616701378e-14,0.0,0.0,0.0,-27.226599999999916,-22.312600000000216,1.4210854715202004e-14,-9.999999988963282e-05,32.00790000000009,-4.562166240000007,-49.53940000000033,27.445733759999932,-22.09366624000016
352,-1.4210854715202004e-14,-3.907985046680551e-14,8.171241461241152e-14,0.0,0.0,0.0,-27.288899999999998,-19.922900000000737,1.7763568394002505e-14,-1.1368683772161603e-13,27.59899999999987,-4.126197599999996,-47.211800000000295,23.47280239999977,-23.73899760000029
353,2.842170943040401e-14,-9.237055564881302e-14,-1.1191048088221578e-13,0.0,0.0,0.0,-28.047499999999914,-25.04259999999848,0.00010000000003351772,-5.115907697472721e-13,30.013900000000163,-4.65453288,-53.08999999999962,25.359367120000222,-27.73063287999986
354,1.7763568394002505e-15,1.0658141036401503e-14,3.019806626980426e-14,0.0,0.0,0.0,-28.61160000000004,-27.571400000000672,-0.00010000000001930687,9.999999946330718e-05,31.818200000000054,-4.448734560000004,-56.18300000000117,27.36946544000005,-28.813534560001344
355,9.999999999799059e-05,-1.7763568394002505e-14,0.00010000000017384991,0.0,0.0,0.0,-24.879799999999936,-23.70000000000084,-5.329070518200751e-15,7.673861546209082e-13,30.79599999999997,-4.2672708,-48.57960000000031,26.52872919999993,-22.050870800000396
356,0.00010000000004595222,-1.1368683772161603e-13,3.019806626980426e-14,0.0,0.0,0.0,-30.78900000000002,-23.93919999999998,3.552713678800501e-14,-8.526512829121202e-14,31.77039999999993,-4.323915359999992,-54.72810000000078,27.446484639999937,-27.281615360000615
357,-1.0658141036401503e-14,-3.552713678800501e-14,7.815970093361102e-14,0.0,0.0,0.0,-29.3689,-29.433099999999534,7.105427357601002e-15,3.979039320256561e-13,36.45659999999997,-4.666181759999998,-58.80199999999962,31.790418240000026,-27.01158176000004
358,2.042810365310288e-14,4.973799150320701e-14,-9.999999999621423e-05,0.0,0.0,0.0,-32.75050000000008,-23.631599999999473,-1.9539925233402755e-14,3.410605131648481e-13,31.526600000000066,-4.394734559999997,-56.38219999999829,27.131865440000148,-29.250334559998365
359,-1.5987211554602254e-14,7.105427357601002e-14,2.0250467969162855e-13,0.0,0.0,0.0,-25.166800000000045,-27.806700000000944,-4.618527782440651e-14,5.684341886080801e-13,34.539999999999914,-4.309505279999997,-52.97349999999902,30.23049471999977,-22.743005279999252
360,-3.197442310920451e-14,6.394884621840902e-14,6.217248937900877e-14,0.0,0.0,0.0,-32.27850000000013,-35.46100000000064,1.7763568394002505e-15,1.4210854715202004e-13,42.20200000000004,-4.767934319999997,-67.73950000000076,37.43406567999995,-30.305434320000813
361,3.5083047578154947e-14,3.552713678800501e-14,9.999999999976694e-05,0.0,0.0,0.0,-26.399700000000003,-23.350800000000092,-0.00010000000000687237,-1.4210854715202004e-13,35.936099999999925,-4.339624319999997,-49.75049999999908,31.596475679999884,-18.154024319999877
362,-1.7763568394002505e-14,-1.1723955140041653e-13,-3.552713678800501e-15,0.0,0.0,0.0,-27.215600000000027,-18.18629999999915,1.9539925233402755e-14,5.968558980384842e-13,29.929499999999933,-4.55480856,-45.40189999999768,25.374691440000106,-20.027208559997803
363,-4.796163466380676e-14,7.460698725481052e-14,-7.993605777301127e-14,0.0,0.0,0.0,-21.77119999999999,-32.6747999999993,-1.5987211554602254e-14,-4.263256414560601e-13,35.717599999999976,-4.354840080000004,-54.44600000000018,31.362759920000173,-23.083240080000465
364,2.3092638912203256e-14,1.0658141036401503e-13,1.0302869668521453e-13,0.0,0.0,0.0,-15.97749999999997,-29.4546000000001,8.881784197001252e-15,9.999999934962034e-05,34.31269999999999,-4.353130799999999,-45.43200000000026,29.959569200000118,-15.472430800000595
365,2.042810365310288e-14,3.197442310920451e-14,-8.881784197001252e-15,0.0,0.0,0.0,-32.37160000000009,-26.2880999999998,-9.999999995002895e-05,1.9895196601282805e-13,36.44080000000018,-4.695083279999999,-58.659800000000274,31.745716720000193,-26.914083280000312
366,1.2434497875801753e-14,-4.618527782440651e-14,3.552713678800501e-14,0.0,0.0,0.0,-32.72529999999993,-15.587399999999228,9.999999996956888e-05,3.694822225952521e-13,23.58709999999983,-4.635869039999999,-48.31259999999989,18.951230959999844,-29.36136904000051
367,3.2862601528904634e-14,9.99999998576584e-05,-7.105427357601002e-14,0.0,0.0,0.0,-28.065900000000106,-28.40210000000028,-5.329070518200751e-15,3.979039320256561e-13,33.36400000000003,-4.3624432799999955,-56.46789999999926,29.00155671999999,-27.46634327999928
368,-1.7763568394002505e-14,-9.237055564881302e-14,-5.329070518200751e-15,0.0,0.0,0.0,-23.369199999999967,-30.19090000000056,-0.00010000000000864873,-9.999999915066837e-05,32.129999999999995,-4.345349039999993,-53.56030000000048,27.784650959999922,-25.77564904000056
369,0.00010000000001486598,8.881784197001252e-14,-4.263256414560601e-14,0.0,0.0,0.0,-25.71380000000007,-36.10070000000101,-4.618527782440651e-14,-4.547473508864641e-13,38.26130000000006,-4.489415999999998,-61.81440000000062,33.771884000000185,-28.042516000000205
370,9.99999999686807e-05,-1.4566126083082054e-13,0.00010000000014009913,0.0,0.0,0.0,-29.438799999999965,-18.165600000001263,-2.4868995751603507e-14,5.400124791776761e-13,29.24180000000007,-4.534048079999998,-47.604200000000986,24.707751919999893,-22.896448080000866
371,-2.842170943040401e-14,-9.999999992871267e-05,9.999999996779252e-05,0.0,0.0,0.0,-26.292299999999933,-27.651300000000255,-0.0001000000000015433,0.0,35.12749999999997,-4.508909279999994,-53.94370000000097,30.618590719999922,-23.325109280000817
372,-1.4210854715202004e-14,0.00010000000007082122,-9.999999990562003e-05,0.0,0.0,0.0,-21.052200000000063,-35.03000000000015,5.329070518200751e-15,-5.684341886080802e-14,37.956400000000116,-4.603495679999995,-56.08219999999977,33.3529043200001,-22.72929568000012
373,9.999999998733244e-05,2.842170943040401e-14,3.019806626980426e-14,0.0,0.0,0.0,-24.37749999999997,-29.61359999999962,-0.00010000000000509601,1.1368683772161603e-13,32.03380000000003,-3.9868934399999967,-53.99109999999932,28.04690655999987,-25.944193439999452
374,-2.6645352591003757e-15,-2.4868995751603507e-14,-8.526512829121202e-14,0.0,0.0,0.0,-24.35670000000002,-20.624500000000417,-2.842170943040401e-14,-9.999999997489795e-05,27.889700000000044,-4.271876639999997,-44.98130000000168,23.61782336000016,-21.36347664000175
375,4.884981308350689e-14,3.907985046680551e-14,4.440892098500626e-14,0.0,0.0,0.0,-26.649099999999972,-25.89980000000002,-9.999999995535802e-05,-1.9895196601282805e-13,30.736000000000132,-4.363279919999997,-52.5490000000007,26.372720080000313,-26.176279920000397
376,2.6645352591003757e-15,1.7408297026122455e-13,-7.283063041541027e-14,0.0,0.0,0.0,-22.464199999999938,-20.74070000000124,-8.881784197001252e-15,6.536993168992922e-13,23.699299999999933,-3.966867359999999,-43.20489999999975,19.732432639999978,-23.472467360000223
377,-4.085620730620576e-14,-1.0658141036401503e-14,-9.99999999109491e-05,0.0,0.0,0.0,-20.913900000000105,-28.575400000001217,5.329070518200751e-15,-0.00010000000037280188,36.464499999999845,-4.331385359999997,-49.48950000000177,32.13311463999986,-17.35638536000191
378,-2.6645352591003757e-15,-7.105427357601002e-14,1.4210854715202004e-14,0.0,0.0,0.0,-28.84669999999996,-26.161599999999645,-4.085620730620576e-14,3.979039320256561e-13,34.36199999999986,-4.619175839999988,-55.00829999999948,29.742824159999927,-25.26547583999978
379,9.999999999621423e-05,0.00010000000003884679,-0.000100000000079703,0.0,0.0,0.0,-30.17430000000008,-20.162199999999885,-1.7763568394002505e-15,2.8421709430404007e-13,27.95049999999982,-4.508423280000004,-50.336399999999614,23.442076719999974,-26.89432327999964
380,-3.197442310920451e-14,6.394884621840902e-14,0.00010000000002108322,0.0,0.0,0.0,-25.89300000000005,-32.39700000000014,3.197442310920451e-14,1.9895196601282805e-13,37.69329999999986,-4.474351440000006,-58.28990000000013,33.218948559999795,-25.070951439999888
381,9.999999996512798e-05,8.526512829121202e-14,4.085620730620576e-14,0.0,0.0,0.0,-24.062200000000022,-40.265499999999314,-8.881784197001252e-15,1.7053025658242404e-13,40.318099999999845,-4.723150319999995,-64.32759999999955,35.59494967999974,-28.73265031999958
382,-9.999999997134523e-05,5.3290705182007514e-14,-1.509903313490213e-13,0.0,0.0,0.0,-28.796800000000026,-30.375700000000286,-1.5987211554602254e-14,0.00010000000031595846,34.42280000000008,-4.492907280000004,-59.172499999999744,29.92989272000001,-29.242607279999504
383,3.019806626980426e-14,1.7408297026122455e-13,-0.00010000000001042508,0.0,0.0,0.0,-23.38339999999995,-41.08650000000073,-9.999999999443787e-05,-5.115907697472721e-13,42.554100000000076,-4.563347759999997,-64.47010000000081,37.99075224000015,-26.47934776000112
384,-9.999999997933884e-05,5.684341886080802e-14,-6.039613253960852e-14,0.0,0.0,0.0,-23.144599999999933,-26.370199999999635,-9.999999995358166e-05,-2.842170943040401e-14,33.24690000000004,-4.259072880000004,-49.514999999999475,28.987827120000034,-20.52717287999944
385,-1.7763568394002505e-14,1.7763568394002505e-14,-9.999999995535802e-05,0.0,0.0,0.0,-24.24639999999995,-33.31350000000026,-7.105427357601002e-15,-0.000100000000458067,33.368899999999925,-4.2037675199999995,-57.56010000000097,29.16513247999995,-28.39496752000079
386,8.881784197001252e-16,-1.2789769243681803e-13,1.1546319456101628e-13,0.0,0.0,0.0,-25.284899999999983,-28.510099999999944,-1.2434497875801753e-14,5.968558980384842e-13,37.58130000000003,-4.413301920000004,-53.79499999999993,33.16799807999991,-20.6270019199998
387,1.7763568394002505e-15,9.237055564881302e-14,-5.1514348342607263e-14,0.0,0.0,0.0,-28.010000000000005,-21.36509999999938,-2.3092638912203256e-14,-8.526512829121202e-14,32.881599999999864,-4.687577999999997,-49.37510000000043,28.194021999999833,-21.181078000000824
388,-3.019806626980426e-14,-1.7763568394002505e-14,9.999999993226538e-05,0.0,0.0,0.0,-25.316899999999947,-33.12560000000049,9.999999996779252e-05,9.999999963383743e-05,37.72530000000006,-4.316856479999993,-58.44220000000158,33.40844352000008,-25.033756480001273
389,-3.375077994860476e-14,-9.999999995713438e-05,7.283063041541027e-14,0.0,0.0,0.0,-23.907199999999925,-32.92050000000075,1.9539925233402755e-14,0.00010000000017384991,43.2272000000001,-4.22997192,-56.82770000000029,38.99722808000014,-17.83047192000015
390,-4.707345624410664e-14,1.3145040611561853e-13,-7.283063041541027e-14,0.0,0.0,0.0,-26.491100000000003,-28.99720000000029,-5.329070518200751e-15,1.4210854715202004e-13,34.69859999999993,-4.331652480000001,-55.488299999999626,30.366947519999933,-25.121352479999473
391,3.552713678800501e-14,-6.394884621840902e-14,-1.7053025658242404e-13,0.0,0.0,0.0,-18.347100000000022,-28.152600000001506,-1.2434497875801753e-14,-4.263256414560601e-13,35.040400000000005,-4.340226240000003,-46.499700000001255,30.700173760000013,-15.79952624000147
392,-2.3092638912203256e-14,7.460698725481052e-14,5.861977570020827e-14,0.0,0.0,0.0,-27.931899999999985,-29.638999999999285,9.99999999766743e-05,2.5579538487363607e-13,35.1708,-4.49437536,-57.570799999999,30.67642464000003,-26.894375359998975
393,3.108624468950438e-14,0.0001000000001454282,-5.1514348342607263e-14,0.0,0.0,0.0,-28.560699999999937,-30.38819999999953,1.4210854715202004e-14,-9.999999943488547e-05,36.63590000000019,-4.438109520000003,-58.948899999998375,32.19779048000001,-26.75110951999814
394,2.842170943040401e-14,-9.999999998555609e-05,6.750155989720952e-14,0.0,0.0,0.0,-26.681800000000095,-27.464000000000283,-9.99999999642398e-05,1.9895196601282805e-13,35.619199999999964,-4.464379440000004,-54.14600000000031,31.15482055999989,-22.991179440000423
395,1.5987211554602254e-14,1.0658141036401503e-14,-8.171241461241152e-14,0.0,0.0,0.0,-26.725999999999992,-30.894099999999483,-3.552713678800501e-15,3.126388037344441e-13,36.99179999999998,-4.361118480000004,-57.620099999998246,32.63068151999997,-24.989418479998506
396,-9.999999998466791e-05,-3.907985046680551e-14,-0.00010000000014009913,0.0,0.0,0.0,-27.697099999999978,-17.158499999998938,-3.197442310920451e-14,-5.115907697472721e-13,26.541699999999974,-4.132203839999999,-44.85579999999973,22.40949615999994,-22.446303839999786
397,0.0,-9.592326932761353e-14,0.00010000000001042508,0.0,0.0,0.0,-28.99099999999995,-30.39169999999948,-2.1316282072803006e-14,-2.2737367544323206e-13,34.20720000000012,-4.474712880000008,-59.38260000000005,29.73248712000014,-29.650112879999696
398,4.263256414560601e-14,8.526512829121202e-14,-3.730349362740526e-14,0.0,0.0,0.0,-22.1266,-38.15409999999996,-8.881784197001252e-15,1.7053025658242404e-13,45.11580000000005,-4.434716879999993,-60.28069999999909,40.681083120000125,-19.599616879998734
399,-9.769962616701378e-15,4.618527782440651e-14,3.019806626980426e-14,0.0,0.0,0.0,-26.672300000000018,-32.00099999999851,-8.881784197001252e-15,-1.9895196601282805e-13,38.71260000000008,-4.501975680000004,-58.673299999997894,34.21062432000025,-24.462675679997417
400,-3.552713678800501e-15,-2.842170943040401e-14,-3.552713678800501e-14,0.0,0.0,0.0,-28.178300000000092,-17.104000000000354,1.7763568394002505e-15,-2.842170943040401e-14,29.90129999999995,-4.331937600000001,-45.28230000000178,25.56936239999982,-19.71293760000151
401,0.0001000000000015433,0.00010000000007082122,8.348877145181177e-14,0.0,0.0,0.0,-24.669699999999946,-19.286499999999904,0.00010000000003884679,9.999999994647624e-05,26.58470000000003,-4.111692480000002,-43.95579999999964,22.473007519999893,-21.4827924800002
402,-8.881784197001252e-16,7.105427357601002e-14,-8.881784197001252e-15,0.0,0.0,0.0,-28.14259999999993,-26.05500000000098,1.0658141036401503e-14,-1.9895196601282805e-13,31.013699999999844,-4.507332479999999,-54.19760000000211,26.50636751999976,-27.691232480002128
403,-3.730349362740526e-14,-4.263256414560601e-14,-9.999999991805453e-05,0.0,0.0,0.0,-28.366900000000015,-20.249800000001088,8.881784197001252e-15,2.842170943040401e-14,26.697599999999994,-4.42792872,-48.616800000001106,22.269671280000107,-26.34712872000145
404,-3.552713678800501e-15,-1.7763568394002505e-14,1.616484723854228e-13,0.0,0.0,0.0,-29.729700000000058,-28.739099999999908,3.552713678800501e-15,1.1368683772161603e-13,37.13830000000006,-4.630579200000007,-58.468799999999874,32.5077207999999,-25.961079199999745
405,-9.999999999132925e-05,1.0658141036401503e-14,-9.414691248821327e-14,0.0,0.0,0.0,-33.409699999999944,-29.56280000000023,1.2434497875801753e-14,-1.9895196601282805e-13,40.186100000000025,-4.7998324800000045,-62.972600000000156,35.38626751999996,-27.58633247999974
406,-1.0658141036401503e-14,3.197442310920451e-14,4.618527782440651e-14,0.0,0.0,0.0,-26.601700000000083,-36.38930000000052,1.7763568394002505e-14,-2.5579538487363607e-13,37.60360000000003,-4.435195680000002,-62.99100000000179,33.16840432000015,-29.82259568000164
407,0.00010000000000776055,-7.105427357601002e-14,4.440892098500626e-14,0.0,0.0,0.0,-23.032100000000046,-35.70459999999908,-1.0658141036401503e-14,-5.115907697472721e-13,44.56810000000002,-4.383930960000004,-58.73659999999887,40.18416904,-18.552430959999114
408,1.9539925233402755e-14,-1.3145040611561853e-13,1.2789769243681803e-13,0.0,0.0,0.0,-25.88019999999998,-27.166699999999857,-9.999999999799059e-05,-5.684341886080801e-13,36.163200000000074,-4.302352800000006,-53.04700000000017,31.860847200000137,-21.186152800000485
409,-0.00010000000002285958,1.8118839761882555e-13,7.105427357601002e-14,0.0,0.0,0.0,-23.689400000000106,-23.37419999999934,1.7763568394002505e-14,5.684341886080802e-14,29.75319999999994,-4.212025919999995,-47.06369999999818,25.541174079999774,-21.52252591999796
410,-3.552713678800501e-14,9.999999995002895e-05,5.3290705182007514e-14,0.0,0.0,0.0,-30.463799999999992,-31.15560000000137,-3.197442310920451e-14,5.684341886080802e-14,36.75,-4.596232320000004,-61.61930000000086,32.153767680000115,-29.465532320001202
411,-5.329070518200751e-15,-9.592326932761353e-14,1.0658141036401503e-13,0.0,0.0,0.0,-30.93159999999994,-24.56299999999907,1.0658141036401503e-14,6.536993168992922e-13,35.42280000000015,-4.720800959999998,-55.4945999999981,30.70199904000022,-24.79260095999811
412,-2.6645352591003757e-14,1.4210854715202004e-14,5.329070518200751e-15,0.0,0.0,0.0,-26.11900000000005,-25.93900000000056,-5.329070518200751e-15,-4.831690603168681e-13,33.862999999999815,-4.5567979199999975,-52.05800000000082,29.306202079999785,-22.751797920000797
413,2.842170943040401e-14,9.999999998555609e-05,-5.3290705182007514e-14,0.0,0.0,0.0,-26.846399999999953,-29.742499999999545,-3.552713678800501e-14,1.9895196601282805e-13,38.32089999999998,-4.5819648000000015,-56.58879999999863,33.73893519999995,-22.84986479999867
414,-2.7533531010703882e-14,-9.999999983634211e-05,-1.1723955140041653e-13,0.0,0.0,0.0,-31.087500000000038,-20.082699999999704,-7.105427357601002e-15,2.5579538487363607e-13,29.939100000000025,-4.61337839999999,-51.1702999999998,25.325721600000048,-25.84457839999952
415,-1.687538997430238e-14,-0.00010000000007792664,0.0001000000000264123,0.0,0.0,0.0,-32.72319999999996,-24.0827999999998,-3.019806626980426e-14,2.842170943040401e-14,35.07100000000004,-4.475515680000001,-56.80600000000143,30.595484319999965,-26.210515680001706
416,-2.3092638912203256e-14,1.0302869668521453e-13,7.105427357601002e-15,0.0,0.0,0.0,-20.789799999999964,-34.60070000000153,-2.842170943040401e-14,0.00010000000065701897,39.19289999999998,-4.235246639999996,-55.39039999999942,34.957653359999895,-20.43274663999975
417,2.6645352591003757e-14,1.0658141036401503e-14,1.1901590823981678e-13,0.0,0.0,0.0,-20.31910000000005,-22.948399999999907,-0.0001000000000139778,-8.526512829121202e-14,32.10609999999998,-4.4107365600000055,-43.26760000000007,27.695363439999923,-15.572236560000391
418,-1.509903313490213e-14,3.197442310920451e-14,-2.6645352591003757e-14,0.0,0.0,0.0,-27.59000000000003,-26.203200000000997,-3.552713678800501e-15,-6.536993168992922e-13,35.527700000000095,-4.632102000000001,-53.79320000000101,30.89559800000007,-22.89760200000093
419,-5.329070518200751e-15,8.526512829121202e-14,-1.0658141036401503e-14,0.0,0.0,0.0,-27.36639999999993,-24.319799999999184,0.0,-5.115907697472721e-13,31.379399999999983,-4.359288240000001,-51.68620000000024,27.02011175999994,-24.66608824000008
420,5.329070518200751e-15,0.00010000000006016307,1.4210854715202004e-14,0.0,0.0,0.0,-29.89369999999999,-16.688300000000268,1.0658141036401503e-14,-1.4210854715202004e-13,25.452899999999996,-4.418090639999996,-46.581899999999905,21.034809359999922,-25.547090640000206
421,4.440892098500626e-15,6.750155989720952e-14,1.1191048088221578e-13,0.0,0.0,0.0,-24.261499999999938,-27.73009999999921,0.00010000000004950493,0.00010000000054333213,32.60310000000008,-4.364131679999998,-51.991399999998265,28.238968320000048,-23.75243167999821
422,1.7763568394002505e-15,9.999999988963282e-05,1.0835776720341528e-13,0.0,0.0,0.0,-30.526400000000002,-33.94159999999879,1.9539925233402755e-14,9.999999932119863e-05,35.06720000000004,-4.414612319999997,-64.46779999999883,30.652587680000128,-33.815212319998935
423,7.993605777301127e-15,-7.105427357601002e-14,1.687538997430238e-13,0.0,0.0,0.0,-28.39439999999997,-18.17760000000058,1.4210854715202004e-14,0.00010000000034438017,26.913999999999955,-4.658877359999997,-46.57190000000054,22.2551226399999,-24.316777360000174
424,-0.00010000000002463594,9.947598300641403e-14,4.085620730620576e-14,0.0,0.0,0.0,-21.860900000000015,-28.62589999999998,9.999999998377973e-05,-1.9895196601282805e-13,33.45910000000012,-4.2599030399999975,-50.48679999999946,29.19919696000009,-21.287603039999155
425,0.00010000000001753051,1.9184653865522705e-13,-1.7763568394002505e-15,0.0,0.0,0.0,-25.882100000000058,-25.371800000001407,9.999999996956888e-05,-6.821210263296962e-13,30.934100000000047,-3.9855095999999963,-51.25370000000163,26.948590399999937,-24.305109600001472
426,4.440892098500626e-16,-0.00010000000017740263,-9.99999999766743e-05,0.0,0.0,0.0,-28.89819999999998,-27.208000000000574,4.263256414560601e-14,4.263256414560601e-13,37.47640000000011,-4.742419679999999,-56.106399999999454,32.73398032000018,-23.37241967999927
427,-9.999999996157527e-05,1.5631940186722204e-13,-7.549516567451064e-14,0.0,0.0,0.0,-24.62980000000004,-19.25120000000063,2.6645352591003757e-14,2.5579538487363607e-13,28.668800000000026,-4.178899439999999,-43.881100000001,24.489900560000113,-19.391199440001103
428,1.7763568394002505e-15,7.105427357601002e-14,-4.618527782440651e-14,0.0,0.0,0.0,-25.14010000000003,-30.793900000000676,-0.00010000000001753051,9.999999980436769e-05,40.1112,-4.506338879999996,-55.933999999999926,35.6048611199999,-20.32913887999979
429,-9.99999999766743e-05,0.00010000000001753051,-1.1901590823981678e-13,0.0,0.0,0.0,-28.334399999999995,-32.06899999999978,-4.618527782440651e-14,7.105427357601002e-13,35.7136,-4.320506159999996,-60.40339999999772,31.393093839999906,-29.01030615999781
430,3.730349362740526e-14,4.618527782440651e-14,-0.0001000000000264123,0.0,0.0,0.0,-20.606500000000075,-24.544499999998557,-5.329070518200751e-15,4.547473508864641e-13,29.865099999999934,-4.487577840000004,-45.15109999999862,25.377522160000066,-19.77357783999902
431,-2.6645352591003757e-14,-3.552713678800501e-14,0.0001000000000921375,0.0,0.0,0.0,-24.27930000000002,-35.049099999999285,2.3092638912203256e-14,-9.999999971910256e-05,44.556599999999804,-4.253289839999995,-59.328399999998794,40.303310159999846,-19.025089839999183
432,1.7763568394002505e-14,-0.00010000000003884679,-0.0001000000000015433,0.0,0.0,0.0,-24.897000000000002,-25.31490000000077,-1.7763568394002505e-15,1.9895196601282805e-13,35.07989999999997,-4.363061039999999,-50.21210000000008,30.716838960000068,-19.4952610400007
433,-5.329070518200751e-15,-1.7763568394002505e-14,-5.1514348342607263e-14,0.0,0.0,0.0,-23.487900000000007,-25.292300000000765,0.0,-3.694822225952521e-13,31.367300000000117,-4.155659279999998,-48.7802000000015,27.21164072000022,-21.568559280000827
434,-1.3322676295501878e-14,-0.00010000000004950493,1.4210854715202004e-14,0.0,0.0,0.0,-21.403699999999922,-36.643900000001345,1.2434497875801753e-14,-3.694822225952521e-13,43.753400000000084,-4.470302880000002,-58.04770000000099,39.283097119999965,-18.764602880001476
435,1.0658141036401503e-14,7.105427357601002e-15,0.0001000000000423995,0.0,0.0,0.0,-24.15579999999995,-41.40369999999872,-4.085620730620576e-14,-6.536993168992922e-13,42.62220000000011,-4.799117520000002,-65.55939999999988,37.82308248000022,-27.736317520000114
436,-7.105427357601002e-15,-9.999999997134523e-05,1.5276668818842154e-13,0.0,0.0,0.0,-29.59259999999999,-24.759500000001232,-2.6645352591003757e-14,9.99999998327894e-05,30.665900000000043,-4.315610880000003,-54.35210000000221,26.350289120000056,-28.001810880002395
437,3.8191672047105385e-14,9.999999998200337e-05,-0.00010000000004062315,0.0,0.0,0.0,-24.105299999999993,-28.127799999999688,-8.881784197001252e-15,-2.2737367544323206e-13,30.65959999999995,-4.320587519999995,-52.23310000000096,26.339012480000008,-25.894087520000724
438,-1.4210854715202004e-14,-9.592326932761353e-14,-9.99999998860801e-05,0.0,0.0,0.0,-29.247300000000042,-21.329299999999357,-1.9539925233402755e-14,-0.00010000000023069333,29.43609999999995,-4.230791280000001,-50.57679999999935,25.205308720000055,-25.371491279999972
439,-2.3092638912203256e-14,-2.1316282072803006e-14,1.9539925233402755e-14,0.0,0.0,0.0,-28.58850000000004,-23.087899999999905,-9.999999999976694e-05,-4.831690603168681e-13,29.309700000000078,-4.508290799999996,-51.676500000000345,24.8014092000002,-26.875090800000365
440,-9.999999996601616e-05,1.3145040611561853e-13,0.00010000000002996501,0.0,0.0,0.0,-25.196699999999993,-27.10510000000025,-4.085620730620576e-14,9.999999971910256e-05,31.27859999999997,-4.4258968799999945,-52.301700000000366,26.85270311999998,-25.44899688000038
441,-1.7763568394002505e-14,-3.197442310920451e-14,-9.999999989318553e-05,0.0,0.0,0.0,-28.43329999999993,-20.33540000000037,-7.105427357601002e-15,4.831690603168681e-13,23.549799999999934,-4.320239039999997,-48.76879999999932,19.229560959999937,-29.5392390399996
442,0.00010000000003707044,0.00010000000004595222,7.105427357601002e-14,0.0,0.0,0.0,-25.6235,-23.092399999999913,5.329070518200751e-15,7.958078640513122e-13,28.42050000000011,-4.2559574399999995,-48.71569999999913,24.164542559999926,-24.55115743999876
443,-2.3092638912203256e-14,-2.842170943040401e-14,9.999999989140917e-05,0.0,0.0,0.0,-26.59519999999995,-29.266399999999635,3.197442310920451e-14,3.979039320256561e-13,34.2234999999998,-4.447284479999999,-55.861500000000916,29.776215519999873,-26.08528448000149
444,-3.019806626980426e-14,-2.842170943040401e-14,9.999999993226538e-05,0.0,0.0,0.0,-26.3902,-28.503200000000405,-2.3092638912203256e-14,-2.842170943040401e-14,35.43999999999994,-4.514866560000001,-54.89330000000126,30.92513343999993,-23.968166560001094
445,-9.99999999766743e-05,1.2789769243681803e-13,2.007283228522283e-13,0.0,0.0,0.0,-28.301599999999983,-25.08499999999892,1.4210854715202004e-14,5.400124791776761e-13,30.76639999999985,-4.625121599999995,-53.38669999999732,26.1412783999998,-27.245421599997073
446,1.7763568394002505e-14,-8.171241461241152e-14,2.6645352591003757e-14,0.0,0.0,0.0,-27.43070000000001,-17.47330000000079,-7.105427357601002e-15,1.1368683772161603e-13,26.180299999999882,-4.299521039999999,-44.90400000000187,21.880778960000026,-23.023221040002085
447,-9.99999999642398e-05,2.842170943040401e-14,-1.545430450278218e-13,0.0,0.0,0.0,-26.66419999999991,-31.983699999999274,-5.329070518200751e-15,-0.00010000000006016307,41.82430000000001,-4.539718079999997,-58.648099999999104,37.28458192000011,-21.363518079998542
448,-1.5987211554602254e-14,3.907985046680551e-14,1.0658141036401503e-13,0.0,0.0,0.0,-27.800999999999945,-15.621800000001478,1.4210854715202004e-14,2.2737367544323206e-13,24.971500000000063,-4.401648720000003,-43.42280000000174,20.569851279999938,-22.85294872000135
449,4.973799150320701e-14,-5.3290705182007514e-14,-1.723066134218243e-13,0.0,0.0,0.0,-30.08840000000003,-24.31949999999872,5.329070518200751e-15,3.410605131648481e-13,35.573500000000095,-4.513895279999998,-54.407899999998534,31.059604720000124,-23.348295279998183
450,7.105427357601002e-15,-5.684341886080802e-14,9.999999997845066e-05,0.0,0.0,0.0,-20.144700000000007,-43.3119000000017,-0.0001000000000015433,2.842170943040401e-14,43.814300000000074,-4.20223824,-63.45660000000072,39.612061760000024,-23.844538240000702
451,-3.375077994860476e-14,-3.552713678800501e-14,9.999999986654018e-05,0.0,0.0,0.0,-23.791200000000057,-35.291900000000844,2.4868995751603507e-14,-5.684341886080802e-14,38.09659999999995,-4.429751039999999,-59.08300000000125,33.6668489599999,-25.416151040001353
452,-7.105427357601002e-15,7.460698725481052e-14,-7.815970093361102e-14,0.0,0.0,0.0,-25.73660000000001,-29.275000000000773,1.9539925233402755e-14,-3.979039320256561e-13,38.41450000000003,-4.304928240000006,-55.01160000000107,34.109571759999895,-20.90202824000049
453,-3.6415315207705135e-14,-1.2789769243681803e-13,2.149391775674303e-13,0.0,0.0,0.0,-27.34910000000008,-24.41899999999881,-0.0001000000000015433,5.684341886080802e-14,29.48170000000003,-4.3121001600000035,-51.76819999999816,25.16959983999996,-26.598600159998426
454,1.9539925233402755e-14,1.7763568394002505e-14,3.197442310920451e-14,0.0,0.0,0.0,-25.24800000000006,-23.042099999999678,-0.00010000000003351772,0.0001000000001454282,30.20220000000019,-4.213295280000004,-48.29009999999904,25.98890472000018,-22.301195279999092
455,-1.9539925233402755e-14,1.4210854715202004e-13,-5.684341886080802e-14,0.0,0.0,0.0,-24.620999999999977,-30.593599999999526,-9.999999998022702e-05,-2.8421709430404007e-13,35.727500000000056,-4.447484640000001,-55.21469999999913,31.280015360000057,-23.93468463999929
456,2.4868995751603507e-14,-3.197442310920451e-14,6.572520305780927e-14,0.0,0.0,0.0,-24.931199999999986,-35.64180000000021,-0.00010000000004417586,5.400124791776761e-13,37.3647,-4.407706799999996,-60.57310000000061,32.95699319999993,-27.616106800000907
457,8.881784197001252e-16,6.039613253960852e-14,1.3500311979441904e-13,0.0,0.0,0.0,-32.729699999999994,-26.289100000000396,-2.1316282072803006e-14,-6.821210263296962e-13,32.88399999999996,-4.682365919999997,-59.018799999999544,28.201634079999785,-30.817165919999766
458,2.1316282072803006e-14,-1.0658141036401503e-14,-9.999999986298747e-05,0.0,0.0,0.0,-22.468599999999956,-33.51080000000161,2.6645352591003757e-14,5.684341886080802e-14,39.59159999999994,-4.293340560000004,-55.97950000000196,35.29825943999978,-20.681240560001726
459,2.6645352591003757e-14,7.105427357601002e-14,4.618527782440651e-14,0.0,0.0,0.0,-23.898599999999977,-27.022200000000055,9.999999999621423e-05,-2.842170943040401e-14,34.678,-4.248205200000001,-50.920700000001176,30.4297947999999,-20.490905200001265
460,2.5757174171303632e-14,9.999999984344754e-05,1.4210854715202004e-14,0.0,0.0,0.0,-25.965400000000024,-19.420600000000874,4.796163466380676e-14,2.842170943040401e-14,26.9997,-4.038212879999994,-45.38590000000066,22.9614871200001,-22.424412880001242
461,3.4638958368304884e-14,-9.99999999109491e-05,-0.00010000000018628441,0.0,0.0,0.0,-25.571200000000054,-22.81189999999981,1.9539925233402755e-14,6.252776074688882e-13,32.21270000000001,-4.424703840000001,-48.38329999999935,27.787996160000013,-20.595303839999346
462,2.7533531010703882e-14,-0.00010000000000687237,-3.197442310920451e-14,0.0,0.0,0.0,-22.961000000000006,-29.76200000000057,9.999999999088516e-05,-5.684341886080802e-14,33.14740000000009,-4.415156640000003,-52.72300000000065,28.73224335999995,-23.990756640000484
463,-4.085620730620576e-14,9.99999998860801e-05,-1.8474111129762605e-13,0.0,0.0,0.0,-28.38729999999991,-36.34050000000014,5.329070518200751e-15,9.999999997489795e-05,38.27749999999985,-4.276342799999998,-64.72760000000036,34.00115719999981,-30.726442800000783
464,4.3520742565306136e-14,1.0658141036401503e-14,-2.842170943040401e-14,0.0,0.0,0.0,-21.185000000000038,-30.191599999999468,-0.00010000000003351772,6.536993168992922e-13,36.45959999999987,-4.112071200000003,-51.37669999999824,32.347528800000035,-19.029171199998416
465,-2.6645352591003757e-14,-6.394884621840902e-14,-2.6645352591003757e-14,0.0,0.0,0.0,-28.34170000000001,-29.196899999999957,-1.2434497875801753e-14,-1.4210854715202004e-13,34.97089999999997,-4.407109920000002,-57.5386000000003,30.563790079999887,-26.97480992000041
466,-9.999999998555609e-05,-1.5631940186722204e-13,0.00010000000012766463,0.0,0.0,0.0,-25.404599999999967,-20.231800000000085,-1.5987211554602254e-14,0.0,24.559599999999925,-4.2499598400000025,-45.636399999999625,20.30964015999995,-25.32675983999968
467,-3.552713678800501e-15,-9.947598300641403e-14,-3.019806626980426e-14,0.0,0.0,0.0,-27.195299999999996,-38.18850000000001,-2.4868995751603507e-14,-1.1368683772161603e-13,44.5513999999998,-4.591530720000001,-65.38379999999876,39.95986927999996,-25.42393071999902
468,-1.509903313490213e-14,8.171241461241152e-14,-1.1546319456101628e-13,0.0,0.0,0.0,-21.067899999999977,-38.56550000000081,-3.019806626980426e-14,5.684341886080802e-14,44.92380000000004,-4.1984712,-59.633400000000364,40.725328799999964,-18.908071199999952
469,0.00010000000000776055,1.6342482922482304e-13,-9.999999992693631e-05,0.0,0.0,0.0,-26.86829999999994,-17.38210000000022,9.999999996601616e-05,9.999999971910256e-05,26.091000000000122,-4.269368160000003,-44.25019999999955,21.821631840000197,-22.428568159998676
470,-1.3322676295501878e-14,-4.973799150320701e-14,-1.438849039914203e-13,0.0,0.0,0.0,-26.2354,-28.23259999999994,4.973799150320701e-14,5.684341886080802e-14,31.989300000000082,-4.277432159999998,-54.46800000000016,27.71186783999994,-26.75613216000022
471,-2.6645352591003757e-14,-2.4868995751603507e-14,-1.2612133559741778e-13,0.0,0.0,0.0,-26.826599999999964,-25.508100000000525,-9.999999998022702e-05,0.00010000000006016307,31.658800000000063,-4.350492000000003,-52.334700000000694,27.308308000000068,-25.026392000000627
472,-3.552713678800501e-15,1.2079226507921703e-13,0.000100000000054834,0.0,0.0,0.0,-21.53339999999997,-27.72969999999946,-2.842170943040401e-14,5.684341886080801e-13,33.61470000000015,-4.284140399999989,-49.262999999999636,29.330559600000086,-19.93244039999955
473,3.6415315207705135e-14,8.526512829121202e-14,0.00010000000014365185,0.0,0.0,0.0,-19.908000000000012,-35.75969999999987,-2.842170943040401e-14,-1.4210854715202004e-13,41.92040000000014,-4.14511344,-55.66759999999991,37.775286560000154,-17.89231343999907
474,-7.993605777301127e-15,-9.999999998555609e-05,-5.684341886080802e-14,0.0,0.0,0.0,-21.599899999999987,-31.9504000000004,-0.00010000000001753051,-0.00010000000051491043,31.50419999999993,-4.354929360000002,-53.55060000000192,27.149270639999934,-26.401329360001995
475,9.99999999971024e-05,-1.7763568394002505e-14,-7.283063041541027e-14,0.0,0.0,0.0,-22.449299999999955,-29.26619999999923,1.0658141036401503e-14,2.2737367544323206e-13,34.1425999999999,-4.20477263999999,-51.71539999999858,29.937827359999908,-21.77757263999868
476,-0.00010000000000598419,7.105427357601002e-15,0.0,0.0,0.0,0.0,-25.680599999999956,-26.3164000000001,-3.019806626980426e-14,-6.821210263296962e-13,30.16749999999981,-4.214046239999996,-51.9971000000002,25.953453759999928,-26.043646240000285
477,3.552713678800501e-15,-0.00010000000002818865,-9.237055564881302e-14,0.0,0.0,0.0,-26.40129999999998,-21.977599999999377,2.1316282072803006e-14,-4.831690603168681e-13,32.31429999999997,-4.4360992800000005,-48.379000000000445,27.878200719999782,-20.500799280000194
478,-2.6645352591003757e-15,5.3290705182007514e-14,-9.999999987186925e-05,0.0,0.0,0.0,-23.93490000000005,-30.610100000000195,9.999999997134523e-05,-0.00010000000062859726,36.773099999999985,-4.410829439999995,-54.545100000000375,32.362270559999814,-22.182829440000106
479,7.993605777301127e-15,5.684341886080802e-14,-0.00010000000018628441,0.0,0.0,0.0,-23.961600000000015,-29.02329999999906,-9.999999999443787e-05,5.684341886080802e-14,35.07279999999987,-4.313761920000001,-52.98509999999874,30.75903807999986,-22.226061919999097
480,3.552713678800501e-14,7.815970093361102e-14,5.3290705182007514e-14,0.0,0.0,0.0,-27.832400000000025,-35.49060000000056,-7.105427357601002e-15,0.0,39.699199999999934,-4.377111840000003,-63.32300000000117,35.322088159999964,-28.00091184000098
481,2.6645352591003757e-14,-4.618527782440651e-14,-1.9539925233402755e-14,0.0,0.0,0.0,-25.493299999999945,-22.799499999999888,7.105427357601002e-15,-2.5579538487363607e-13,29.889199999999985,-4.468246559999999,-48.292799999999914,25.420953439999927,-22.87184655999998
482,-3.552713678800501e-15,0.0,-6.217248937900877e-14,0.0,0.0,0.0,-27.555799999999977,-25.082199999998743,-4.263256414560601e-14,1.1368683772161603e-13,35.63919999999996,-4.407369120000002,-52.63799999999945,31.231830879999983,-21.406169119999234
483,7.993605777301127e-15,-9.999999997134523e-05,-1.3145040611561853e-13,0.0,0.0,0.0,-29.3905,-24.20450000000043,-5.329070518200751e-15,1.4210854715202004e-13,31.371399999999877,-4.4660606399999905,-53.59509999999946,26.905339359999836,-26.689760639999164
484,-4.440892098500626e-15,9.999999991805453e-05,6.039613253960852e-14,0.0,0.0,0.0,-25.161399999999993,-32.47379999999968,0.0,6.821210263296962e-13,35.399800000000056,-4.51609055999999,-57.63510000000055,30.883709440000004,-26.751390560000544
485,-1.2434497875801753e-14,-7.105427357601002e-15,-2.842170943040401e-14,0.0,0.0,0.0,-29.86419999999998,-16.73079999999961,2.3092638912203256e-14,9.999999994647624e-05,27.195799999999885,-4.479094080000001,-46.5948999999995,22.71670591999993,-23.87819407999956
486,-3.4638958368304884e-14,9.237055564881302e-14,9.414691248821327e-14,0.0,0.0,0.0,-27.767500000000044,-21.60060000000135,8.881784197001252e-15,-9.999999949172889e-05,34.76829999999985,-4.4739957599999975,-49.3682000000009,30.294304239999907,-19.073895760000752
487,-0.00010000000005039311,-1.4210854715202004e-13,1.2612133559741778e-13,0.0,0.0,0.0,-29.380099999999974,-32.60600000000017,-1.5987211554602254e-14,2.5579538487363607e-13,40.33230000000002,-4.4405323199999955,-61.98620000000008,35.89176767999998,-26.09443231999964
488,3.552713678800501e-15,-0.00010000000006016307,-7.283063041541027e-14,0.0,0.0,0.0,-23.178899999999985,-37.29669999999972,7.105427357601002e-15,-5.684341886080802e-14,37.395300000000006,-4.487894640000003,-60.47569999999931,32.90740536000006,-27.56829463999901
489,2.4868995751603507e-14,9.999999984700025e-05,-2.1316282072803006e-14,0.0,0.0,0.0,-22.360100000000067,-29.7196999999992,-1.4210854715202004e-14,6.252776074688882e-13,32.92410000000004,-4.50134712,-52.079699999999136,28.42275287999992,-23.65694711999876
490,9.99999999562462e-05,3.907985046680551e-14,-8.881784197001252e-14,0.0,0.0,0.0,-22.585699999999957,-28.008799999999354,1.7763568394002505e-15,8.526512829121202e-14,32.34600000000012,-4.603973759999996,-50.594399999998984,27.742026239999998,-22.852373759998997
491,1.2434497875801753e-14,-9.999999998200337e-05,-6.039613253960852e-14,0.0,0.0,0.0,-26.899599999999985,-28.169200000000252,-8.881784197001252e-15,-1.9895196601282805e-13,37.733799999999874,-4.350291119999998,-55.06890000000054,33.383508879999894,-21.685391120000645
492,9.999999998555609e-05,3.552713678800501e-14,8.881784197001252e-15,0.0,0.0,0.0,-26.957699999999942,-30.936899999999646,-1.9539925233402755e-14,5.968558980384842e-13,37.03119999999985,-4.328285760000004,-57.89449999999886,32.702914239999885,-25.19158575999944
493,3.552713678800501e-14,-6.750155989720952e-14,2.1316282072803006e-14,0.0,0.0,0.0,-30.99229999999999,-27.22189999999943,1.4210854715202004e-14,-2.5579538487363607e-13,37.030400000000164,-4.451033519999999,-58.21419999999985,32.57936648000013,-25.634833519999717
494,9.999999999976694e-05,-0.00010000000004950493,3.907985046680551e-14,0.0,0.0,0.0,-22.9317,-30.233700000000752,-9.999999999266151e-05,-0.00010000000051491043,38.06899999999993,-4.239598319999995,-53.16560000000054,33.82940168000004,-19.33619832000096
495,1.0658141036401503e-14,0.00010000000011345378,1.2079226507921703e-13,0.0,0.0,0.0,-23.565300000000043,-28.12649999999971,1.2434497875801753e-14,-1.4210854715202004e-13,32.76249999999986,-4.330910159999998,-51.69169999999873,28.43158983999979,-23.260110159999172
496,9.999999997134523e-05,1.9895196601282805e-13,1.7763568394002505e-15,0.0,0.0,0.0,-27.542499999999936,-28.500199999999246,0.00010000000001220144,5.968558980384842e-13,33.370000000000005,-4.38549192,-56.04249999999743,28.98450808000009,-27.05799191999735
497,-1.3322676295501878e-14,3.552713678800501e-15,-1.4210854715202004e-14,0.0,0.0,0.0,-28.985199999999992,-30.236800000000727,2.6645352591003757e-14,-2.8421709430404007e-13,31.3180999999999,-4.396547519999998,-59.222000000002026,26.921552479999782,-32.30044752000201
498,-2.886579864025407e-14,-6.750155989720952e-14,-3.197442310920451e-14,0.0,0.0,0.0,-25.445399999999925,-26.64579999999932,-1.7763568394002505e-15,-3.694822225952521e-13,34.08660000000012,-4.554532080000001,-52.091199999998935,29.532067920000088,-22.55913207999953
499,-2.3092638912203256e-14,-4.263256414560601e-14,-7.993605777301127e-14,0.0,0.0,0.0,-29.314899999999984,-39.4129999999997,1.7763568394002505e-14,-4.263256414560601e-13,40.76679999999992,-4.636842480000002,-68.7279000000003,36.12995752000009,-32.59794248000044
500,2.1316282072803006e-14,-7.105427357601002e-15,4.796163466380676e-14,0.0,0.0,0.0,-25.856399999999944,-32.90060000000023,0.00010000000001930687,2.8421709430404007e-13,34.52109999999994,-4.617020880000002,-58.75689999999902,29.904079119999803,-28.852820879998532
501,1.5987211554602254e-14,-2.4868995751603507e-14,-3.019806626980426e-14,0.0,0.0,0.0,-30.92009999999998,-27.47400000000031,-9.999999996779252e-05,-6.821210263296962e-13,33.39639999999989,-4.885760159999991,-58.394200000000694,28.51063984000004,-29.88356016000158
502,-4.263256414560601e-14,0.00010000000011345378,-9.999999992693631e-05,0.0,0.0,0.0,-26.11009999999995,-25.22709999999941,0.00010000000002730047,-0.00010000000028753675,29.912900000000157,-4.35317472,-51.337200000000664,25.55972528000016,-25.777474720000725
503,1.7763568394002505e-15,1.1013412404281553e-13,-6.217248937900877e-14,0.0,0.0,0.0,-24.72229999999994,-33.62339999999894,1.7763568394002505e-15,2.8421709430404007e-13,41.50359999999999,-4.234628879999999,-58.34569999999957,37.26897112000009,-21.07672887999925
504,4.440892098500626e-14,-7.815970093361102e-14,-6.927791673660977e-14,0.0,0.0,0.0,-28.481199999999923,-29.71610000000016,1.4210854715202004e-14,1.1368683772161603e-13,29.886400000000155,-4.513830480000008,-58.197300000000055,25.372569519999985,-32.82473048000007
505,9.769962616701378e-15,1.2789769243681803e-13,-9.999999997045705e-05,0.0,0.0,0.0,-27.163199999999986,-24.209799999999518,1.4210854715202004e-14,-9.999999994647624e-05,33.04350000000001,-4.498313039999999,-51.3731999999999,28.54518696,-22.828013039999888
506,-2.1316282072803006e-14,-1.1723955140041653e-13,-2.842170943040401e-14,0.0,0.0,0.0,-28.283999999999985,-19.588200000001393,4.796163466380676e-14,3.979039320256561e-13,28.66110000000015,-4.602601440000003,-47.87220000000123,24.058498560000068,-23.813701440000713
507,-0.00010000000001575415,3.552713678800501e-14,-1.2434497875801753e-13,0.0,0.0,0.0,-23.01910000000001,-38.857200000000724,1.2434497875801753e-14,-3.694822225952521e-13,40.80090000000004,-4.605733439999997,-61.87640000000097,36.19516655999992,-25.681233440000824
508,4.529709940470639e-14,-6.750155989720952e-14,-9.999999999266151e-05,0.0,0.0,0.0,-31.99469999999995,-26.512499999999605,1.7763568394002505e-14,2.2737367544323206e-13,34.37389999999991,-4.93987032,-58.50729999999979,29.434029680000066,-29.07327031999995
509,1.7763568394002505e-15,1.8118839761882555e-13,7.460698725481052e-14,0.0,0.0,0.0,-31.604500000000034,-26.412999999999506,-9.999999997134523e-05,4.547473508864641e-13,32.18630000000006,-4.866228720000001,-58.01759999999864,27.320071280000008,-30.697528719998402
510,-0.00010000000001220144,8.171241461241152e-14,8.526512829121202e-14,0.0,0.0,0.0,-27.344499999999965,-29.37330000000093,-1.7763568394002505e-15,-2.8421709430404007e-13,38.78169999999984,-4.527887040000001,-56.71790000000085,34.25381295999979,-22.464087040001047
511,1.9539925233402755e-14,4.973799150320701e-14,-0.00010000000020937705,0.0,0.0,0.0,-26.864599999999918,-24.90889999999989,-1.7763568394002505e-15,-5.400124791776761e-13,32.238200000000035,-4.572285840000003,-51.773600000001,27.665914160000064,-24.107685840000926
512,-3.552713678800501e-14,-9.999999992160724e-05,-6.039613253960852e-14,0.0,0.0,0.0,-30.85280000000002,-22.174200000000354,0.0001000000000015433,0.00010000000017384991,31.536600000000004,-4.690792080000002,-53.0269000000001,26.845807920000194,-26.181092080000354
513,9.999999998377973e-05,-7.105427357601002e-15,-1.7763568394002505e-14,0.0,0.0,0.0,-25.470399999999934,-28.38660000000025,1.5987211554602254e-14,-8.526512829121202e-14,36.98339999999989,-4.238553599999999,-53.85690000000126,32.74484639999983,-21.11205360000143
514,2.3092638912203256e-14,-2.1316282072803006e-14,1.7763568394002505e-15,0.0,0.0,0.0,-27.369900000000058,-30.118799999999048,1.9539925233402755e-14,0.0,33.27489999999992,-4.631497200000003,-57.48869999999819,28.643402799999883,-28.845297199998527
515,6.217248937900877e-15,0.00010000000007082122,0.00010000000002463594,0.0,0.0,0.0,-26.056800000000035,-35.981699999998426,5.5067062021407764e-14,5.400124791776761e-13,40.21330000000009,-4.737781440000003,-62.03829999999806,35.47551856000009,-26.56278143999775
516,1.4210854715202004e-14,4.973799150320701e-14,-1.2612133559741778e-13,0.0,0.0,0.0,-23.020200000000028,-40.025800000000686,9.999999996956888e-05,2.2737367544323206e-13,40.95010000000003,-4.717234080000004,-63.04590000000012,36.23286591999998,-26.81303407999991
517,-1.7763568394002505e-15,-6.039613253960852e-14,-2.1316282072803006e-14,0.0,0.0,0.0,-29.733399999999975,-30.94939999999889,-8.881784197001252e-15,-2.842170943040401e-14,37.2225,-4.57386192,-60.68279999999774,32.64863808000007,-28.03416191999746
518,-0.00010000000001220144,-7.815970093361102e-14,1.2256862191861728e-13,0.0,0.0,0.0,-33.605499999999964,-37.38549999999972,0.0,-3.126388037344441e-13,36.51889999999999,-4.734184319999998,-70.99109999999992,31.784715680000065,-39.2063843199994
519,-9.999999998999698e-05,4.973799150320701e-14,-7.016609515630989e-14,0.0,0.0,0.0,-34.14320000000004,-24.416900000001043,1.7763568394002505e-15,0.00010000000006016307,33.863299999999974,-4.694803199999996,-58.56010000000103,29.168496799999915,-29.39160320000066
520,-9.769962616701378e-15,-9.947598300641403e-14,-2.1316282072803006e-14,0.0,0.0,0.0,-36.09269999999997,-23.842799999998988,-1.9539925233402755e-14,5.115907697472721e-13,32.689799999999934,-4.869767519999996,-59.935499999998186,27.820032479999966,-32.11546751999799
521,-0.00010000000000243148,-0.00010000000003884679,9.414691248821327e-14,0.0,0.0,0.0,-24.937999999999974,-31.14949999999984,4.796163466380676e-14,0.00010000000006016307,37.22999999999999,-4.55957856000001,-56.08759999999886,32.67042143999995,-23.41717855999846
522,2.7533531010703882e-14,-7.815970093361102e-14,-0.00010000000010634835,0.0,0.0,0.0,-34.501399999999975,-30.488300000000613,-8.881784197001252e-15,4.263256414560601e-13,36.724199999999875,-4.91668992,-64.9898000000005,31.807510079999982,-33.18228992000053
523,7.105427357601002e-15,-1.7763568394002505e-14,1.0658141036401503e-14,0.0,0.0,0.0,-35.46429999999996,-31.133899999999187,3.375077994860476e-14,0.0,36.2839,-4.74578928,-66.59819999999894,31.538110719999892,-35.06008927999859
524,-1.7763568394002505e-15,-7.105427357601002e-15,1.723066134218243e-13,0.0,0.0,0.0,-25.63629999999999,-17.11890000000055,-9.999999998733244e-05,-1.1368683772161603e-13,24.838700000000006,-4.045022639999994,-42.75530000000042,20.79367736000011,-21.961622640000314
525,0.00010000000002019505,-1.4210854715202004e-14,0.0001000000000717094,0.0,0.0,0.0,-32.498100000000015,-15.91510000000008,-3.019806626980426e-14,5.684341886080802e-14,25.007799999999943,-4.612762799999999,-48.41300000000038,20.395037200000115,-28.01796280000049
526,2.398081733190338e-14,-7.105427357601002e-14,5.861977570020827e-14,0.0,0.0,0.0,-28.82080000000002,-28.289199999999404,0.00010000000001042508,2.8421709430404007e-13,34.48949999999991,-4.540498560000005,-57.10989999999953,29.949001439999698,-27.160898559999595
527,-9.999999997933884e-05,-9.592326932761353e-14,-8.171241461241152e-14,0.0,0.0,0.0,-26.658499999999968,-26.50399999999962,8.881784197001252e-15,-2.2737367544323206e-13,30.480999999999973,-4.4040967200000045,-53.16260000000024,26.07690327999996,-27.0856967200005
528,2.398081733190338e-14,-1.1013412404281553e-13,-4.085620730620576e-14,0.0,0.0,0.0,-27.439799999999938,-19.17210000000005,-9.999999999976694e-05,2.8421709430404007e-13,29.075599999999966,-4.3326086400000055,-46.61199999999876,24.742991360000048,-21.869008639999166
529,3.907985046680551e-14,-0.00010000000012411192,1.0658141036401503e-14,0.0,0.0,0.0,-31.60949999999995,-30.24860000000075,-1.5987211554602254e-14,-1.1368683772161603e-13,37.817499999999995,-4.731737039999997,-61.85820000000233,33.08576295999998,-28.772437040002345
530,2.398081733190338e-14,-9.999999997134523e-05,3.552713678800501e-15,0.0,0.0,0.0,-25.671999999999954,-32.60870000000071,1.4210854715202004e-14,9.999999969068085e-05,37.08199999999993,-4.748487840000001,-58.28070000000045,32.3335121599999,-25.947187840000538
531,-0.00010000000000331966,-5.3290705182007514e-14,-6.394884621840902e-14,0.0,0.0,0.0,-28.905099999999962,-28.689900000000037,-9.999999999088516e-05,9.999999943488547e-05,38.74810000000005,-4.396937760000001,-57.59510000000135,34.35116224000011,-23.243937760001018
532,-3.241851231905457e-14,5.684341886080802e-14,3.907985046680551e-14,0.0,0.0,0.0,-25.7565,-28.124299999998918,0.0,-1.9895196601282805e-13,34.39209999999994,-4.513255920000008,-53.88080000000025,29.878844079999823,-24.0019559200002
533,-3.019806626980426e-14,-9.999999989318553e-05,-1.0480505352461478e-13,0.0,0.0,0.0,-28.090999999999998,-25.218499999998983,0.00010000000002285958,-2.8421709430404007e-13,32.1705,-4.4563463999999975,-53.30949999999979,27.714153599999914,-25.595346400000096
534,3.552713678800501e-15,-9.999999996068709e-05,8.171241461241152e-14,0.0,0.0,0.0,-26.216499999999954,-28.140900000001025,1.7763568394002505e-15,-9.999999963383743e-05,30.728200000000097,-4.374578160000002,-54.35759999999901,26.353621840000102,-28.00397815999891
535,3.6415315207705135e-14,-1.7763568394002505e-14,6.039613253960852e-14,0.0,0.0,0.0,-27.851799999999912,-27.20840000000092,-4.263256414560601e-14,-3.979039320256561e-13,34.26510000000005,-4.586902559999997,-55.06020000000204,29.678197440000226,-25.382002560002036
536,3.4638958368304884e-14,8.881784197001252e-14,7.815970093361102e-14,0.0,0.0,0.0,-28.900900000000057,-24.596399999998788,1.5987211554602254e-14,-9.999999991805453e-05,30.043400000000037,-4.313400480000002,-53.49739999999787,25.729999520000042,-27.767400479997832
537,2.4868995751603507e-14,7.105427357601002e-14,-7.105427357601002e-15,0.0,0.0,0.0,-28.126500000000057,-36.69499999999915,-2.6645352591003757e-14,9.999999949172889e-05,43.96130000000009,-4.724236080000001,-64.82139999999994,39.23706392000024,-25.584336079999687
538,-9.999999999799059e-05,-7.815970093361102e-14,4.973799150320701e-14,0.0,0.0,0.0,-27.36049999999995,-30.783399999999858,0.00010000000003884679,-0.00010000000051491043,32.076999999999984,-4.533584400000002,-58.14400000000106,27.54341559999988,-30.600584400000486
539,-0.00010000000004950493,-9.999999994647624e-05,0.00010000000002818865,0.0,0.0,0.0,-20.179699999999983,-35.028799999999954,1.0658141036401503e-14,2.842170943040401e-14,36.59810000000003,-4.416919199999997,-55.20859999999992,32.18118080000005,-23.02741919999987
540,7.105427357601002e-15,6.394884621840902e-14,-1.9184653865522705e-13,0.0,0.0,0.0,-24.13879999999996,-32.2899999999992,-3.197442310920451e-14,4.263256414560601e-13,38.40549999999983,-4.593642480000003,-56.42879999999883,33.81185751999982,-22.61694247999901
541,1.0658141036401503e-14,1.9539925233402755e-13,9.999999999799059e-05,0.0,0.0,0.0,-28.790799999999944,-34.20879999999942,3.730349362740526e-14,-2.8421709430404007e-13,38.60130000000005,-4.397266080000005,-62.99949999999906,34.20403392000011,-28.795466079998732
542,-9.999999999354969e-05,-0.00010000000007437393,3.552713678800501e-15,0.0,0.0,0.0,-21.060300000000055,-22.38800000000019,1.7763568394002505e-15,5.115907697472721e-13,31.953300000000066,-4.208158079999998,-43.44849999999968,27.745141919999956,-15.703358079998821
543,-7.105427357601002e-15,6.039613253960852e-14,-1.9539925233402755e-14,0.0,0.0,0.0,-28.06420000000001,-28.435900000000174,0.00010000000001753051,3.979039320256561e-13,35.773200000000074,-4.463374319999998,-56.50000000000041,31.309825680000095,-25.190174319999855
544,0.00010000000004950493,-5.684341886080802e-14,-9.999999997489795e-05,0.0,0.0,0.0,-27.154299999999985,-19.71189999999949,0.0,9.999999943488547e-05,25.00869999999983,-4.189703759999998,-46.86610000000098,20.818996239999933,-26.04710376000196
545,-4.263256414560601e-14,-7.105427357601002e-14,-1.5987211554602254e-14,0.0,0.0,0.0,-18.148800000000037,-28.684899999999942,1.9539925233402755e-14,-9.999999963383743e-05,33.53019999999994,-4.055481360000008,-46.83379999999893,29.474718639999804,-17.35908135999844
546,-3.552713678800501e-15,9.999999993937081e-05,1.474376176702208e-13,0.0,0.0,0.0,-27.406899999999936,-26.98210000000128,9.999999999976694e-05,0.0001000000001454282,35.89619999999988,-4.566417119999999,-54.38870000000156,31.329782879999897,-23.058917120001894
547,1.5987211554602254e-14,-5.684341886080802e-14,1.474376176702208e-13,0.0,0.0,0.0,-31.570000000000054,-17.963499999999243,2.3092638912203256e-14,9.999999974752427e-05,32.28439999999997,-4.741639919999999,-49.53340000000061,27.54276008000015,-21.990639920000703
548,-7.993605777301127e-15,-9.999999992515995e-05,-1.1723955140041653e-13,0.0,0.0,0.0,-29.6165999999999,-31.25569999999928,2.4868995751603507e-14,-1.4210854715202004e-13,35.749099999999956,-4.6419659999999965,-60.87240000000054,31.107134,-29.765266000000324
549,-9.99999999482526e-05,0.0001000000000672685,2.3092638912203256e-14,0.0,0.0,0.0,-30.4215,-26.222700000000863,2.842170943040401e-14,2.842170943040401e-14,36.37830000000005,-4.843548000000004,-56.64420000000055,31.534751999999976,-25.109448000000114
550,0.00010000000000687237,-2.4868995751603507e-14,1.3145040611561853e-13,0.0,0.0,0.0,-24.26609999999999,-41.6792,-7.105427357601002e-15,8.526512829121202e-14,41.78890000000014,-4.719107519999995,-65.94520000000054,37.069792480000146,-28.87540752000062
551,-0.00010000000001930687,-9.999999992160724e-05,9.999999988075103e-05,0.0,0.0,0.0,-26.16789999999999,-31.533199999999177,2.6645352591003757e-14,9.999999977594598e-05,35.99510000000011,-4.9317141599999985,-57.70109999999903,31.063385839999913,-26.637714159998893
552,2.5757174171303632e-14,-3.552713678800501e-15,-9.999999979903862e-05,0.0,0.0,0.0,-26.82129999999999,-25.74939999999995,-3.730349362740526e-14,-0.00010000000065701897,30.806499999999936,-4.804628399999995,-52.57090000000082,26.00187159999987,-26.56902840000049
553,9.99999999891088e-05,-1.5276668818842154e-13,-7.460698725481052e-14,0.0,0.0,0.0,-29.747599999999988,-27.821500000000476,9.999999997134523e-05,-3.410605131648481e-13,29.83859999999992,-4.477544639999994,-57.56890000000203,25.361055359999956,-32.20784464000184
554,6.217248937900877e-15,0.00010000000001753051,-2.4868995751603507e-14,0.0,0.0,0.0,-25.53599999999996,-26.5062000000002,-0.00010000000002463594,0.00010000000008858478,35.92930000000008,-4.664381039999997,-52.04210000000106,31.264918959999918,-20.777181040000684
555,-9.999999999887876e-05,-1.4210854715202004e-14,5.5067062021407764e-14,0.0,0.0,0.0,-32.22109999999991,-28.12849999999999,-3.197442310920451e-14,9.99999995485723e-05,35.38709999999986,-4.893480720000001,-60.349599999999995,30.493619279999876,-29.85598072000012
556,-2.3092638912203256e-14,1.4210854715202004e-14,1.5987211554602254e-14,0.0,0.0,0.0,-27.272500000000008,-28.024999999999494,2.3092638912203256e-14,1.7053025658242404e-13,34.99630000000003,-4.506989040000006,-55.297499999999644,30.48931096000016,-24.80818904000016
557,1.5987211554602254e-14,0.00010000000004950493,7.460698725481052e-14,0.0,0.0,0.0,-22.46990000000004,-27.75019999999997,-0.00010000000000864873,5.684341886080801e-13,35.789399999999944,-4.190865840000007,-50.22009999999918,31.598534159999772,-18.621565839999406
558,0.00010000000003795861,2.842170943040401e-14,7.815970093361102e-14,0.0,0.0,0.0,-22.061100000000003,-27.50889999999977,9.999999999266151e-05,-7.105427357601002e-13,34.551800000000085,-4.511700000000002,-49.56980000000216,30.04010000000004,-19.529700000002123
559,0.00010000000000109921,-8.171241461241152e-14,-3.375077994860476e-14,0.0,0.0,0.0,-26.076300000000032,-40.06869999999951,0.00010000000002463594,5.684341886080801e-13,42.28180000000001,-4.574023919999995,-66.14480000000015,37.70777607999987,-28.437023920000513
560,-0.00010000000004506404,0.00010000000014187549,3.907985046680551e-14,0.0,0.0,0.0,-27.729900000000033,-22.50029999999999,1.5987211554602254e-14,4.263256414560601e-13,33.02809999999995,-4.670202239999993,-50.23020000000041,28.3578977599999,-21.872302240000508
561,-5.3290705182007514e-14,-1.1013412404281553e-13,-9.999999999621423e-05,0.0,0.0,0.0,-27.332800000000063,-31.06379999999939,9.999999999266151e-05,-3.694822225952521e-13,34.285499999999956,-4.354260479999997,-58.396600000000674,29.931239519999917,-28.465360480001436
562,4.796163466380676e-14,3.907985046680551e-14,-1.2256862191861728e-13,0.0,0.0,0.0,-26.231099999999966,-31.383800000000008,-0.0001000000000423995,-9.999999966225914e-05,36.6523,-4.518031680000004,-57.61509999999892,32.13426831999996,-25.480831679999184
563,-1.2434497875801753e-14,-5.684341886080802e-14,0.00010000000009391385,0.0,0.0,0.0,-27.177600000000087,-13.106500000000004,0.0,8.526512829121202e-14,22.905800000000074,-4.44461976,-40.28399999999992,18.461180240000054,-21.822819759999646
564,-4.618527782440651e-14,1.5276668818842154e-13,5.329070518200751e-15,0.0,0.0,0.0,-22.95399999999999,-33.8303,-1.7763568394002505e-14,4.831690603168681e-13,38.23830000000014,-4.164865200000008,-56.78429999999912,34.07343480000013,-22.71086519999875
565,-5.329070518200751e-15,-1.1013412404281553e-13,-2.1316282072803006e-14,0.0,0.0,0.0,-28.187499999999922,-19.045600000000725,1.0658141036401503e-14,0.00010000000006016307,31.568600000000146,-4.439960639999994,-47.23300000000013,27.12863936000023,-20.104360639999896
566,3.552713678800501e-15,9.99999999642398e-05,-9.999999993404174e-05,0.0,0.0,0.0,-28.104400000000027,-29.447400000000087,-3.197442310920451e-14,-7.105427357601002e-13,35.31409999999978,-4.5701942399999975,-57.55180000000075,30.743905759999684,-26.80789424000085
567,2.7533531010703882e-14,-9.99999999642398e-05,-4.263256414560601e-14,0.0,0.0,0.0,-21.236600000000074,-31.966299999999755,8.881784197001252e-15,-7.105427357601002e-13,36.967100000000116,-4.1779058399999975,-53.20300000000158,32.789194160000015,-20.413805840001103
568,9.999999996068709e-05,2.842170943040401e-14,4.618527782440651e-14,0.0,0.0,0.0,-26.352399999999957,-22.605499999999644,-7.105427357601002e-15,-3.410605131648481e-13,26.432000000000013,-4.650683040000002,-48.95780000000042,21.78131696000009,-27.176483040000093
569,-3.907985046680551e-14,-2.842170943040401e-14,1.545430450278218e-13,0.0,0.0,0.0,-29.637500000000035,-30.15799999999971,1.7763568394002505e-15,2.8421709430404007e-13,36.43030000000009,-4.77024408,-59.79549999999898,31.660055920000048,-28.13544407999916
570,4.1744385725905886e-14,-7.815970093361102e-14,0.00010000000005305765,0.0,0.0,0.0,-29.088400000000068,-25.027599999999104,-3.907985046680551e-14,-0.00010000000031595846,30.53489999999984,-4.570896959999994,-54.11599999999912,25.964003039999625,-28.151996959999494
571,6.217248937900877e-15,-4.973799150320701e-14,0.00010000000000509601,0.0,0.0,0.0,-26.183799999999987,-34.005500000000886,2.842170943040401e-14,-2.842170943040401e-14,38.529400000000024,-4.7141676000000015,-60.18920000000119,33.81523239999994,-26.373967600001023
572,-9.999999998644427e-05,-0.00010000000010634835,-7.815970093361102e-14,0.0,0.0,0.0,-31.495599999999964,-25.55849999999876,-9.999999999266151e-05,4.263256414560601e-13,34.14519999999997,-4.855335119999998,-57.0543999999975,29.289864879999946,-27.764535119997092
573,-2.4868995751603507e-14,-4.973799150320701e-14,-5.1514348342607263e-14,0.0,0.0,0.0,-29.007099999999923,-32.72299999999969,-0.0001000000000264123,5.115907697472721e-13,38.98260000000012,-4.532034240000005,-61.73019999999869,34.450565760000316,-27.279634239998373
574,-4.440892098500626e-15,1.2079226507921703e-13,2.4868995751603507e-14,0.0,0.0,0.0,-24.820600000000006,-38.433899999999646,-0.0001000000000015433,9.99999995485723e-05,42.09630000000003,-4.7935511999999925,-63.254500000000704,37.302748800000145,-25.95175120000124
575,1.7763568394002505e-14,2.1316282072803006e-14,-1.7408297026122455e-13,0.0,0.0,0.0,-30.679900000000053,-26.730399999999676,-4.440892098500626e-14,7.389644451905042e-13,32.62139999999999,-4.806310320000003,-57.410299999999395,27.815089679999915,-29.59521031999904
576,-9.999999999088516e-05,9.99999999642398e-05,-9.999999993404174e-05,0.0,0.0,0.0,-30.631700000000023,-31.19140000000006,1.7763568394002505e-14,3.694822225952521e-13,34.49979999999988,-4.82468976,-61.82319999999915,29.67511023999991,-32.14808975999901
577,4.796163466380676e-14,-2.4868995751603507e-14,5.1514348342607263e-14,0.0,0.0,0.0,-26.635900000000017,-27.18060000000054,1.7763568394002505e-15,0.0,31.595399999999962,-4.701150719999992,-53.81650000000053,26.894249280000135,-26.922250720000406
578,-4.263256414560601e-14,3.552713678800501e-15,-1.0658141036401503e-13,0.0,0.0,0.0,-27.21280000000004,-31.637200000000007,-1.2434497875801753e-14,1.7053025658242404e-13,41.26149999999999,-4.339768319999992,-58.850000000000264,36.921731679999915,-21.928268320000342
579,2.042810365310288e-14,0.00010000000016319177,-2.3092638912203256e-14,0.0,0.0,0.0,-25.611700000000084,-19.082900000000507,9.999999999621423e-05,9.999999971910256e-05,26.84549999999997,-4.0568572799999965,-44.69430000000111,22.78864271999983,-21.905657280000597
580,2.4868995751603507e-14,-4.618527782440651e-14,-1.0302869668521453e-13,0.0,0.0,0.0,-26.834399999999974,-30.657400000000848,-3.019806626980426e-14,-9.999999980436769e-05,35.05990000000008,-4.742938080000004,-57.49190000000124,30.316961919999933,-27.17493808000107
581,2.220446049250313e-14,9.947598300641403e-14,5.5067062021407764e-14,0.0,0.0,0.0,-29.141699999999936,-32.507500000000405,-2.1316282072803006e-14,0.00010000000079912752,35.15659999999997,-4.716380879999992,-61.64909999999864,30.440219119999963,-31.208880879998446
582,4.39648317751562e-14,-9.999999999266151e-05,1.5987211554602254e-14,0.0,0.0,0.0,-31.57239999999999,-22.0480000000004,2.842170943040401e-14,5.684341886080802e-14,33.186000000000035,-4.637426400000005,-53.6205000000012,28.548573600000022,-25.071926400001402
583,-2.4868995751603507e-14,5.684341886080802e-14,-4.263256414560601e-14,0.0,0.0,0.0,-22.787800000000033,-36.42169999999952,-1.9539925233402755e-14,-5.400124791776761e-13,38.63040000000005,-4.602088080000002,-59.20950000000023,34.02831192000002,-25.18118808000044
584,-3.552713678800501e-14,3.552713678800501e-15,9.999999986121111e-05,0.0,0.0,0.0,-29.74649999999999,-23.685400000000044,-1.0658141036401503e-14,-5.400124791776761e-13,30.85089999999994,-4.788892799999996,-53.43180000000076,26.0620072000001,-27.369792800000894
585,-2.6645352591003757e-14,-9.999999998200337e-05,-8.704148513061227e-14,0.0,0.0,0.0,-31.422999999999995,-34.48279999999995,1.0658141036401503e-14,-7.673861546209082e-13,39.17959999999988,-4.75629768,-65.90590000000067,34.4233023199997,-31.482597680000524
586,9.999999996601616e-05,-4.618527782440651e-14,-9.999999991450181e-05,0.0,0.0,0.0,-28.186200000000003,-33.650600000000026,-1.7763568394002505e-15,-1.9895196601282805e-13,37.74499999999996,-4.740734880000007,-61.83680000000092,33.00426511999997,-28.832534880001404
587,1.3322676295501878e-14,0.0,-0.00010000000006549215,0.0,0.0,0.0,-21.114099999999993,-35.72289999999926,-1.2434497875801753e-14,3.126388037344441e-13,37.73950000000004,-4.468152239999994,-56.83709999999952,33.27134776000005,-23.56575223999971
588,6.217248937900877e-15,-9.592326932761353e-14,1.2967404927621828e-13,0.0,0.0,0.0,-26.577299999999923,-34.915399999999906,-8.881784197001252e-15,9.999999994647624e-05,38.37940000000016,-4.735222559999999,-61.49259999999957,33.644177440000206,-27.848422559999364
589,-1.509903313490213e-14,-9.99999999109491e-05,4.085620730620576e-14,0.0,0.0,0.0,-26.008100000000002,-28.455600000001347,1.7763568394002505e-15,2.2737367544323206e-13,32.865099999999856,-4.302743759999995,-54.46380000000147,28.56235623999996,-25.90144376000174
590,0.0001000000000139778,5.3290705182007514e-14,-5.5067062021407764e-14,0.0,0.0,0.0,-30.281399999999962,-35.69660000000009,0.00010000000000864873,0.00010000000028753675,37.426000000000144,-4.680869760000002,-65.97769999999889,32.745130240000165,-33.232569759998725
591,-9.999999999976694e-05,9.999999996779252e-05,2.4868995751603507e-14,0.0,0.0,0.0,-35.463300000000004,-28.109500000000203,3.552713678800501e-15,-1.1368683772161603e-13,36.136500000000105,-4.9009773599999935,-63.57280000000145,31.23552264000017,-32.337277360001295
592,1.2434497875801753e-14,-9.999999999621423e-05,7.105427357601002e-15,0.0,0.0,0.0,-31.124700000000086,-21.848799999998754,-7.105427357601002e-15,9.999999994647624e-05,30.18300000000005,-4.59604944,-52.97349999999915,25.586950559999963,-27.386549439999186
593,-3.2862601528904634e-14,-1.0302869668521453e-13,-0.00010000000006904486,0.0,0.0,0.0,-24.711300000000033,-26.782599999999277,7.105427357601002e-15,-9.999999963383743e-05,32.51029999999997,-4.5385437600000005,-51.494099999998184,27.97175623999992,-23.522343759997582
594,-1.7763568394002505e-14,9.999999999976694e-05,1.0835776720341528e-13,0.0,0.0,0.0,-31.420500000000057,-24.51409999999965,0.0,1.9895196601282805e-13,33.74370000000012,-4.680786959999999,-55.93449999999896,29.062913040000055,-26.871586959999362
595,3.907985046680551e-14,-2.842170943040401e-14,-3.552713678800501e-15,0.0,0.0,0.0,-24.212099999999854,-27.01819999999926,-2.3092638912203256e-14,5.684341886080802e-14,31.26050000000005,-4.538879280000005,-51.230299999998635,26.721620720000196,-24.5086792799989
596,-2.1316282072803006e-14,1.7763568394002505e-14,0.00010000000022181155,0.0,0.0,0.0,-29.949199999999877,-27.94039999999923,-3.552713678800501e-14,-5.684341886080801e-13,38.515800000000034,-5.015070720000006,-57.8894999999996,33.500729280000115,-24.388770719999712
597,2.4868995751603507e-14,9.99999999358181e-05,9.999999998555609e-05,0.0,0.0,0.0,-31.017099999999935,-27.53859999999851,-3.907985046680551e-14,3.694822225952521e-13,37.28149999999985,-4.9606581599999995,-58.55549999999782,32.320841839999886,-26.23465815999839
598,3.375077994860476e-14,-2.1316282072803006e-14,2.042810365310288e-13,0.0,0.0,0.0,-26.58490000000001,-26.601599999998932,7.105427357601002e-15,8.526512829121202e-14,30.36990000000002,-4.549140000000002,-53.18649999999795,25.820760000000067,-27.365739999997658
599,-3.375077994860476e-14,-7.105427357601002e-15,-9.999999986831654e-05,0.0,0.0,0.0,-28.659099999999995,-37.428499999999346,9.999999995891073e-05,6.252776074688882e-13,41.61789999999993,-4.747376159999996,-66.08759999999906,36.870523840000004,-29.21707615999975
600,-0.0001000000000139778,-8.526512829121202e-14,-0.00010000000003707044,0.0,0.0,0.0,-25.57209999999999,-37.91760000000098,-0.00010000000001042508,-0.0001000000004296453,37.52929999999994,-4.456575359999999,-63.490100000002855,33.072724640000004,-30.417375360003078
601,-9.99999999891088e-05,3.907985046680551e-14,5.861977570020827e-14,0.0,0.0,0.0,-27.2009,-32.39369999999956,1.0658141036401503e-14,-8.526512829121202e-14,34.97940000000004,-4.708377360000004,-59.59470000000026,30.27102263999985,-29.32367736000019
602,-9.999999999088516e-05,-1.3145040611561853e-13,-9.999999996068709e-05,0.0,0.0,0.0,-26.556999999999984,-40.97710000000023,3.552713678800501e-15,1.9895196601282805e-13,44.39139999999996,-4.622585039999994,-67.53430000000021,39.768814959999816,-27.765485040000172
603,-3.907985046680551e-14,-1.7763568394002505e-14,-0.00010000000004772858,0.0,0.0,0.0,-29.89370000000004,-32.590199999999875,-9.999999995358166e-05,-5.968558980384842e-13,40.459500000000155,-4.862941920000004,-62.484099999999756,35.59655807999996,-26.887541919999563
604,1.9984014443252818e-14,-0.00010000000002818865,6.039613253960852e-14,0.0,0.0,0.0,-26.820300000000024,-25.79050000000032,2.6645352591003757e-14,-0.00010000000034438017,29.240100000000123,-4.312517039999998,-52.610999999999706,24.927582959999988,-27.683417039999256
605,-2.398081733190338e-14,-3.552713678800501e-15,-2.842170943040401e-14,0.0,0.0,0.0,-27.955100000000087,-34.09419999999948,-6.927791673660977e-14,2.5579538487363607e-13,40.323200000000014,-4.541970240000001,-62.04929999999921,35.78122976000013,-26.26807023999976
606,3.552713678800501e-14,-0.00010000000005305765,1.0658141036401503e-13,0.0,0.0,0.0,-34.177799999999955,-37.56889999999932,0.00010000000004417586,2.8421709430404007e-13,41.16219999999995,-4.82426424,-71.74669999999891,36.33793575999997,-35.40876423999849
607,-8.881784197001252e-16,-0.00010000000009569021,-1.4210854715202004e-13,0.0,0.0,0.0,-26.76860000000002,-26.8943,1.5987211554602254e-14,2.5579538487363607e-13,36.526199999999996,-4.318547759999997,-53.663,32.207652240000144,-21.455347760000308
608,-3.9968028886505635e-15,9.999999989673825e-05,-9.059419880941277e-14,0.0,0.0,0.0,-27.50490000000003,-24.662299999999796,-2.6645352591003757e-14,9.999999974752427e-05,33.98220000000009,-4.676223599999997,-52.166999999999746,29.305976400000116,-22.861023599999854
609,-4.796163466380676e-14,-2.1316282072803006e-14,-0.00010000000016852084,0.0,0.0,0.0,-29.244599999999977,-26.146900000001366,3.907985046680551e-14,0.00010000000017384991,32.62099999999987,-4.588738560000008,-55.39150000000005,28.0322614399997,-27.359238559999895
610,-1.865174681370263e-14,-9.99999999891088e-05,-1.0835776720341528e-13,0.0,0.0,0.0,-32.08179999999996,-27.690700000000504,-1.5987211554602254e-14,-1.4210854715202004e-13,33.890599999999985,-4.751525520000003,-59.77259999999954,29.13907447999999,-30.633525520000006
611,2.3092638912203256e-14,8.881784197001252e-14,-0.00010000000015430999,0.0,0.0,0.0,-34.015499999999975,-27.498299999999062,9.999999999799059e-05,0.0,33.729099999999974,-4.888311120000008,-61.51379999999793,28.84078887999998,-32.673011119997724
612,0.0001000000000264123,1.7763568394002505e-14,9.999999999621423e-05,0.0,0.0,0.0,-28.950000000000035,-32.00840000000015,3.019806626980426e-14,9.999999980436769e-05,37.99169999999987,-4.763745360000003,-60.958100000000144,33.22795464000001,-27.730145360000137
613,-2.6645352591003757e-14,9.592326932761353e-14,-3.019806626980426e-14,0.0,0.0,0.0,-30.146199999999975,-33.94649999999998,2.3092638912203256e-14,-2.842170943040401e-14,35.73889999999996,-4.843440720000001,-64.0927000000002,30.89545928000011,-33.19724071999987
614,-0.00010000000002685638,-9.999999989673825e-05,7.815970093361102e-14,0.0,0.0,0.0,-30.65760000000002,-18.795100000000048,-3.552713678800501e-14,-8.526512829121202e-14,27.73019999999995,-4.710723120000004,-49.452900000001165,23.019476879999832,-26.43342312000111
615,-1.865174681370263e-14,-3.907985046680551e-14,8.171241461241152e-14,0.0,0.0,0.0,-31.01429999999995,-32.55130000000103,-9.999999998377973e-05,2.842170943040401e-14,38.860999999999876,-4.803377040000001,-63.5657000000008,34.0576229599998,-29.508077040001012
616,1.0658141036401503e-14,-5.3290705182007514e-14,-1.2079226507921703e-13,0.0,0.0,0.0,-25.66209999999996,-35.910300000000724,1.5987211554602254e-14,-1.1368683772161603e-13,40.72469999999986,-4.379113440000003,-61.5724000000002,36.34558655999988,-25.226813440000086
617,-1.2434497875801753e-14,9.999999988963282e-05,1.4566126083082054e-13,0.0,0.0,0.0,-31.94290000000001,-26.06970000000144,-0.0001000000000015433,-0.00010000000034438017,31.32929999999987,-4.650343919999996,-58.01270000000213,26.678956079999956,-31.333743920002163
618,-0.00010000000003795861,-1.7763568394002505e-13,1.4921397450962104e-13,0.0,0.0,0.0,-26.852900000000016,-40.56630000000058,-9.999999999266151e-05,9.999999966225914e-05,40.299300000000095,-4.627234080000002,-67.41930000000144,35.67206592000002,-31.747234080001647
619,2.1316282072803006e-14,0.00010000000002463594,-3.730349362740526e-14,0.0,0.0,0.0,-32.40619999999992,-29.01860000000039,0.00010000000000331966,-0.00010000000006016307,34.244699999999995,-4.61273688,-61.42470000000053,29.631963119999998,-31.792736880000533
620,0.00010000000002996501,8.171241461241152e-14,9.999999990384367e-05,0.0,0.0,0.0,-24.852499999999925,-32.68500000000001,4.796163466380676e-14,-2.8421709430404007e-13,40.88820000000001,-4.577952959999994,-57.5373000000004,36.31024703999992,-21.227052960000705
621,-9.999999998022702e-05,-9.237055564881302e-14,-0.0001000000000139778,0.0,0.0,0.0,-27.531000000000052,-24.77979999999883,1.7763568394002505e-14,-1.7053025658242404e-13,31.38039999999988,-4.514335920000001,-52.31099999999839,26.866064079999845,-25.444935919998542
622,-9.999999999088516e-05,0.0001000000000423995,1.4921397450962104e-13,0.0,0.0,0.0,-27.66149999999996,-37.700099999998685,0.00010000000004062315,5.684341886080802e-14,36.750399999999885,-4.621871519999999,-65.3614999999976,32.12852847999985,-33.2329715199982
623,-9.999999999443787e-05,7.460698725481052e-14,3.019806626980426e-14,0.0,0.0,0.0,-29.99490000000001,-22.574800000000188,9.99999999642398e-05,3.694822225952521e-13,28.68680000000006,-4.76298864,-52.569700000000324,23.923811360000087,-28.645888640000464
624,0.00010000000002019505,4.618527782440651e-14,1.0302869668521453e-13,0.0,0.0,0.0,-29.453199999999903,-20.185300000000844,-2.842170943040401e-14,-5.684341886080802e-14,29.320199999999996,-4.259561039999992,-49.63840000000083,25.060638960000055,-24.57776104000054
625,-1.1546319456101628e-14,0.00010000000003529408,-5.329070518200751e-15,0.0,0.0,0.0,-20.859,-33.84899999999948,1.9539925233402755e-14,3.410605131648481e-13,35.90960000000011,-4.269479040000002,-54.7078999999987,31.640120960000033,-23.06777903999844
626,3.197442310920451e-14,-3.552713678800501e-15,-9.999999997845066e-05,0.0,0.0,0.0,-25.90689999999999,-33.48540000000091,1.0658141036401503e-14,-2.842170943040401e-14,38.96650000000006,-4.5140248800000045,-59.39240000000176,34.45247512000017,-24.939924880002252
627,-3.019806626980426e-14,-7.105427357601002e-15,-9.999999987542196e-05,0.0,0.0,0.0,-25.635600000000014,-41.60869999999894,-4.263256414560601e-14,9.999999929277692e-05,47.793600000000104,-4.575262320000002,-67.24429999999792,43.21833768000013,-24.025962319997575
628,-1.7763568394002505e-15,7.815970093361102e-14,9.999999995180531e-05,0.0,0.0,0.0,-21.215800000000026,-29.51270000000121,-5.329070518200751e-15,4.263256414560601e-13,34.09930000000008,-4.230676800000002,-50.72839999999947,29.868623199999963,-20.859776799999054
629,9.999999997489795e-05,5.3290705182007514e-14,1.7763568394002505e-14,0.0,0.0,0.0,-25.829499999999953,-21.64800000000087,-0.00010000000001220144,1.1368683772161603e-13,31.273699999999902,-4.553375760000003,-47.47750000000086,26.72032423999996,-20.757175760001118
630,0.00010000000001753051,-5.684341886080802e-14,-1.1901590823981678e-13,0.0,0.0,0.0,-21.09809999999992,-24.114699999999246,-9.999999999799059e-05,1.9895196601282805e-13,26.524700000000006,-4.1571273600000005,-45.212800000000385,22.36757263999995,-22.84522736000021
631,2.3092638912203256e-14,8.171241461241152e-14,-1.1723955140041653e-13,0.0,0.0,0.0,-22.448300000000057,-29.542599999999325,1.7763568394002505e-14,5.115907697472721e-13,36.882999999999996,-4.296762,-51.99089999999836,32.58623800000011,-19.40466199999848
632,-1.7763568394002505e-15,6.750155989720952e-14,5.417888360170764e-14,0.0,0.0,0.0,-24.573899999999902,-13.044000000000374,-2.4868995751603507e-14,-1.1368683772161603e-13,28.506999999999945,-4.110235919999998,-37.61789999999985,24.39676408000004,-13.221135919999583
633,-2.7977620220553945e-14,5.684341886080802e-14,-0.00010000000017207356,0.0,0.0,0.0,-23.991300000000006,-25.43679999999958,1.0658141036401503e-14,-1.9895196601282805e-13,33.30599999999982,-3.9971894400000014,-49.42819999999939,29.308810559999934,-20.11938943999968
634,-2.220446049250313e-14,-1.2434497875801753e-13,-4.085620730620576e-14,0.0,0.0,0.0,-21.33750000000002,-35.12849999999842,2.842170943040401e-14,3.979039320256561e-13,42.80449999999994,-4.024774799999998,-56.4659999999982,38.779725199999966,-17.686274799998458
635,-4.1744385725905886e-14,0.00010000000001753051,-1.6342482922482304e-13,0.0,0.0,0.0,-22.818400000000057,-33.843299999999594,-2.842170943040401e-14,-6.821210263296962e-13,42.689399999999864,-4.217857199999992,-56.66160000000015,38.471542799999725,-18.19005719999997
636,5.329070518200751e-15,-4.618527782440651e-14,6.927791673660977e-14,0.0,0.0,0.0,-15.955800000000043,-34.7961999999987,-4.263256414560601e-14,1.4210854715202004e-13,41.425300000000135,-4.0018327200000074,-50.75199999999896,37.423467280000004,-13.328532719998734
637,6.217248937900877e-15,5.684341886080802e-14,-9.999999988963282e-05,0.0,0.0,0.0,-22.91989999999994,-23.805100000000785,-2.3092638912203256e-14,-3.410605131648481e-13,32.75069999999984,-3.999242160000003,-46.72510000000024,28.751457839999773,-17.97364216000024
638,-9.999999997489795e-05,-9.99999999642398e-05,-1.4210854715202004e-13,0.0,0.0,0.0,-24.635200000000026,-20.32269999999967,-2.6645352591003757e-14,-9.999999986121111e-05,32.371499999999955,-3.987501120000007,-44.95819999999949,28.383998880000057,-16.57420111999967
639,0.0,-9.947598300641403e-14,-1.2079226507921703e-13,0.0,0.0,0.0,-20.48089999999997,-36.44450000000002,-9.999999997845066e-05,9.999999988963282e-05,42.007800000000174,-4.075923600000004,-56.925400000000465,37.931876400000135,-18.99352360000033
640,-9.999999998999698e-05,-1.1013412404281553e-13,1.5987211554602254e-14,0.0,0.0,0.0,-18.69729999999992,-25.233600000000216,-1.7763568394002505e-15,-3.126388037344441e-13,37.098500000000044,-3.894135120000007,-43.93100000000064,33.204364880000014,-10.726635120000623
641,-1.3322676295501878e-14,-1.2079226507921703e-13,3.197442310920451e-14,0.0,0.0,0.0,-21.747800000000048,-20.854599999999593,1.7763568394002505e-14,-8.526512829121202e-14,33.82140000000009,-4.414967280000007,-42.602400000000145,29.40643272000014,-13.195967279999564
642,-0.00010000000001664233,-1.8474111129762605e-13,-2.6645352591003757e-14,0.0,0.0,0.0,-19.75130000000006,-33.48669999999949,-1.0658141036401503e-14,-2.842170943040401e-14,43.189499999999924,-3.555763200000001,-53.2381000000001,39.63373679999983,-13.604363200000037
643,0.00010000000000687237,4.973799150320701e-14,1.1191048088221578e-13,0.0,0.0,0.0,-22.7679000000001,-21.44119999999849,-9.99999999891088e-05,0.00010000000003174137,37.54699999999985,-3.9688070400000077,-44.20899999999888,33.57819295999981,-10.630807039999297
644,2.3092638912203256e-14,-1.0658141036401503e-14,-7.105427357601002e-15,0.0,0.0,0.0,-24.042900000000074,-20.23790000000097,-0.00010000000000509601,-9.999999974752427e-05,25.978200000000147,-4.160722320000003,-44.28100000000107,21.817477680000078,-22.463522320000536
645,2.6645352591003757e-15,-3.907985046680551e-14,9.592326932761353e-14,0.0,0.0,0.0,-24.75440000000006,-32.20610000000041,-3.552713678800501e-14,2.8421709430404007e-13,41.823500000000166,-4.57035048,-56.96050000000022,37.25314952000008,-19.707350480000144
646,-9.999999998022702e-05,0.00010000000002463594,-9.999999997134523e-05,0.0,0.0,0.0,-27.3795,-22.791500000000696,-1.4210854715202004e-14,3.694822225952521e-13,35.098899999999986,-4.200960239999999,-50.171100000000266,30.897939760000007,-19.27316024000004
647,0.00010000000000598419,-7.105427357601002e-14,4.440892098500626e-14,0.0,0.0,0.0,-26.695900000000073,-22.840499999999416,2.6645352591003757e-14,3.694822225952521e-13,32.427799999999976,-4.29258096,-49.53629999999916,28.13521903999999,-21.401080959999163
648,9.99999999766743e-05,0.00010000000006016307,-1.6697754290362354e-13,0.0,0.0,0.0,-25.17929999999997,-18.697999999999972,1.2434497875801753e-14,-5.684341886080802e-14,30.933200000000138,-3.888078480000004,-43.87710000000148,27.045121520000283,-16.83197848000141
649,9.999999999266151e-05,-2.4868995751603507e-14,-1.1901590823981678e-13,0.0,0.0,0.0,-23.944799999999958,-30.653099999998986,-9.99999999891088e-05,0.0,41.30099999999999,-4.084313759999997,-54.59789999999926,37.21668624000013,-17.381213759999355
650,3.907985046680551e-14,-1.0658141036401503e-13,9.99999999109491e-05,0.0,0.0,0.0,-24.48480000000001,-21.714100000000236,3.019806626980426e-14,-1.7053025658242404e-13,29.872600000000155,-4.160539440000004,-46.19880000000032,25.712060560000292,-20.48673944000049
651,-2.220446049250313e-14,3.552713678800501e-14,-0.000100000000054834,0.0,0.0,0.0,-13.820199999999966,-38.126499999999695,-1.2434497875801753e-14,2.5579538487363607e-13,42.001899999999935,-3.70307088,-51.94679999999951,38.29882911999975,-13.647970879999761
652,-9.999999998200337e-05,-8.171241461241152e-14,-1.4210854715202004e-14,0.0,0.0,0.0,-24.899699999999967,-22.96030000000013,3.375077994860476e-14,1.9895196601282805e-13,40.02869999999987,-4.24445328,-47.860099999999036,35.784246719999956,-12.075853279999308
653,-2.930988785010413e-14,9.999999997134523e-05,1.2878587085651816e-13,0.0,0.0,0.0,-23.169599999999882,-30.160100000000874,9.999999995180531e-05,2.2737367544323206e-13,41.43440000000007,-4.1219280000000005,-53.329500000000564,37.31247199999986,-16.017028000000707
654,-1.1546319456101628e-14,2.1316282072803006e-13,0.00010000000002818865,0.0,0.0,0.0,-19.465600000000013,-28.162999999999833,1.9539925233402755e-14,5.684341886080802e-14,39.731400000000036,-3.8693239200000034,-47.62849999999864,35.86207608000005,-11.76642391999836
655,-1.2434497875801753e-14,-0.00010000000011345378,-9.999999997400977e-05,0.0,0.0,0.0,-22.23509999999993,-17.47870000000011,3.375077994860476e-14,-2.5579538487363607e-13,31.491800000000115,-4.043806559999997,-39.71400000000065,27.447993440000033,-12.266006560000392
656,2.3092638912203256e-14,-9.999999983634211e-05,3.730349362740526e-14,0.0,0.0,0.0,-19.30539999999999,-27.71510000000022,5.329070518200751e-15,-1.1368683772161603e-13,39.25590000000004,-4.043412719999999,-47.02060000000027,35.21248727999989,-11.808112720000139
657,-0.00010000000002374776,-0.00010000000007437393,4.085620730620576e-14,0.0,0.0,0.0,-19.988399999999935,-32.65050000000022,1.9539925233402755e-14,2.8421709430404007e-13,39.12310000000005,-4.271389919999995,-52.639100000000084,34.851710080000075,-17.787389920000237
658,-1.9539925233402755e-14,9.999999999976694e-05,1.900701818158268e-13,0.0,0.0,0.0,-25.035500000000006,-35.00140000000034,1.9539925233402755e-14,-2.2737367544323206e-13,47.983400000000124,-4.238873280000003,-60.036800000000895,43.74452672000011,-16.292273280000558
659,-2.930988785010413e-14,-1.1013412404281553e-13,-2.6645352591003757e-14,0.0,0.0,0.0,-19.2751,-33.78720000000081,-0.00010000000003351772,-2.8421709430404007e-13,37.388799999999804,-4.196034720000003,-53.06240000000042,33.19276527999985,-19.869634720000803
660,0.00010000000000243148,-1.4210854715202004e-14,-2.1316282072803006e-14,0.0,0.0,0.0,-18.376600000000018,-29.531300000000456,-1.5987211554602254e-14,-0.00010000000065701897,40.66739999999987,-4.1699195999999965,-47.90790000000135,36.497480399999816,-11.41041960000176
661,-0.00010000000002996501,0.00010000000003174137,-1.3145040611561853e-13,0.0,0.0,0.0,-25.9831,-31.814299999998802,0.00010000000000687237,-8.526512829121202e-14,42.827500000000086,-4.061518560000001,-57.79729999999856,38.76598143999989,-19.03131855999797
662,1.7763568394002505e-14,0.0,1.127986593019159e-13,0.0,0.0,0.0,-22.963800000000106,-27.5301000000007,1.7763568394002505e-14,-7.673861546209082e-13,38.202800000000046,-4.285653120000003,-50.49390000000217,33.917146879999905,-16.576753120002053
663,-2.4868995751603507e-14,-7.105427357601002e-14,-4.796163466380676e-14,0.0,0.0,0.0,-22.088600000000056,-14.111199999999776,5.329070518200751e-15,-9.999999997489795e-05,24.306200000000068,-3.9208406400000086,-36.19990000000121,20.38535936000021,-15.814540640001212
664,-2.398081733190338e-14,1.4210854715202004e-14,9.947598300641403e-14,0.0,0.0,0.0,-24.35069999999996,-30.62459999999917,2.4868995751603507e-14,-5.400124791776761e-13,39.68829999999996,-4.039090559999999,-54.97529999999995,35.64920943999997,-19.326090560000196
665,4.440892098500626e-15,1.5631940186722204e-13,-8.526512829121202e-14,0.0,0.0,0.0,-25.68439999999997,-25.76299999999987,-0.00010000000004772858,-4.263256414560601e-13,39.105999999999995,-4.154533919999994,-51.44750000000042,34.951466079999996,-16.4960339200002
666,0.00010000000000331966,0.0,9.999999996068709e-05,0.0,0.0,0.0,-23.950199999999924,-27.934400000000913,-2.1316282072803006e-14,-5.400124791776761e-13,35.291899999999934,-4.1395392,-51.88440000000077,31.152360799999997,-20.73203920000053
667,0.0,-0.00010000000016319177,9.592326932761353e-14,0.0,0.0,0.0,-19.150599999999972,-33.49239999999927,-5.329070518200751e-15,6.536993168992922e-13,47.43700000000002,-3.919448159999999,-52.64309999999854,43.51755184000018,-9.125548159998814
668,-3.2862601528904634e-14,3.197442310920451e-14,-9.999999997489795e-05,0.0,0.0,0.0,-20.01289999999999,-21.53199999999884,-1.9539925233402755e-14,-4.831690603168681e-13,30.89180000000011,-3.8145499199999957,-41.54499999999918,27.077250080000006,-14.46774991999871
669,-4.796163466380676e-14,-4.973799150320701e-14,4.973799150320701e-14,0.0,0.0,0.0,-25.909000000000066,-22.392600000000108,-1.7763568394002505e-14,0.00010000000025911504,35.774000000000115,-4.320786239999999,-48.301499999999294,31.45321376000014,-16.8482862399987
670,-0.0001000000000139778,3.552713678800501e-14,-0.0001000000000264123,0.0,0.0,0.0,-22.167200000000022,-35.3773000000007,-0.00010000000002108322,-1.9895196601282805e-13,42.1248999999999,-4.6739455200000055,-57.54480000000146,37.45095447999979,-20.09384552000145
671,2.3092638912203256e-14,1.4210854715202004e-14,-9.99999999109491e-05,0.0,0.0,0.0,-18.53639999999996,-30.248799999998866,9.99999999642398e-05,5.684341886080802e-14,43.14489999999981,-4.421566800000008,-48.785199999997204,38.72333319999974,-10.061866799997915
672,-9.99999999766743e-05,0.00010000000003174137,4.618527782440651e-14,0.0,0.0,0.0,-24.478500000000007,-33.33950000000022,-0.00010000000004772858,0.00010000000017384991,36.47899999999979,-4.485227039999999,-57.8179999999996,31.993772959999767,-25.824227039999826
673,-1.9984014443252818e-14,2.842170943040401e-14,2.6645352591003757e-14,0.0,0.0,0.0,-21.78780000000001,-24.14280000000071,1.7763568394002505e-14,2.5579538487363607e-13,34.17170000000007,-4.333608000000002,-45.930600000000126,29.83809200000007,-16.092507999999825
674,-1.2434497875801753e-14,-7.105427357601002e-15,0.00010000000008858478,0.0,0.0,0.0,-20.098299999999956,-31.689100000000558,2.1316282072803006e-14,4.547473508864641e-13,41.41660000000013,-4.070733120000002,-51.78730000000064,37.34586688000018,-14.441433120000454
675,3.108624468950438e-14,-2.4868995751603507e-14,-1.0658141036401503e-14,0.0,0.0,0.0,-21.63589999999993,-27.236899999999643,8.881784197001252e-15,1.7053025658242404e-13,34.47599999999994,-3.9903343199999997,-48.872799999999444,30.485665680000036,-18.387134319999177
676,5.062616992290714e-14,-2.4868995751603507e-14,-9.999999988785646e-05,0.0,0.0,0.0,-19.70500000000001,-38.286699999999286,3.552713678800501e-15,0.0,49.747000000000135,-4.123869119999997,-57.9917999999991,45.62313088000013,-12.368669119998984
677,0.00010000000002730047,6.394884621840902e-14,2.078337502098293e-13,0.0,0.0,0.0,-26.53759999999997,-26.561200000000483,-0.00010000000004062315,-8.526512829121202e-14,40.0779,-4.50371232,-53.0988,35.5741876799999,-17.524612320000088
678,-3.552713678800501e-15,-3.197442310920451e-14,-9.999999993937081e-05,0.0,0.0,0.0,-20.50389999999996,-26.537000000000468,-4.618527782440651e-14,2.842170943040401e-14,37.9569,-3.92570928,-47.04099999999927,34.03119071999996,-13.009809279999303
679,1.9539925233402755e-14,9.999999997134523e-05,6.217248937900877e-14,0.0,0.0,0.0,-23.47170000000004,-34.42170000000114,9.99999999891088e-05,-3.979039320256561e-13,39.737999999999985,-4.057101360000004,-57.893200000000846,35.68089863999994,-22.212301360000907
680,9.999999999621423e-05,-3.907985046680551e-14,-1.2434497875801753e-14,0.0,0.0,0.0,-23.01329999999993,-31.9361000000006,0.00010000000002818865,-3.126388037344441e-13,36.644500000000164,-4.428166320000004,-54.9492000000011,32.21633368000027,-22.73286632000105
681,-3.552713678800501e-15,-4.263256414560601e-14,1.5276668818842154e-13,0.0,0.0,0.0,-32.5593,-25.533100000000232,1.7763568394002505e-15,5.400124791776761e-13,33.538900000000055,-4.79648376,-58.092399999998946,28.74241624000001,-29.349983759999162
682,9.99999999975465e-05,-9.592326932761353e-14,1.1191048088221578e-13,0.0,0.0,0.0,-22.463499999999954,-29.877800000000207,-4.796163466380676e-14,7.105427357601002e-13,35.542800000000014,-4.555278000000001,-52.34119999999987,30.98752199999997,-21.353677999999448
683,4.085620730620576e-14,-1.7053025658242404e-13,-7.283063041541027e-14,0.0,0.0,0.0,-27.29740000000001,-22.348700000000093,-2.4868995751603507e-14,6.252776074688882e-13,28.54200000000016,-4.329287279999994,-49.64610000000101,24.212712720000127,-25.433387280001114
684,9.769962616701378e-15,-1.2434497875801753e-13,-1.4566126083082054e-13,0.0,0.0,0.0,-26.799600000000087,-20.650499999999937,9.999999999443787e-05,1.9895196601282805e-13,28.924400000000013,-4.5383299200000025,-47.45000000000151,24.386070079999982,-23.0639299200013
685,-4.440892098500626e-15,0.00010000000003884679,2.930988785010413e-14,0.0,0.0,0.0,-22.529800000000044,-11.529000000000472,-4.440892098500626e-14,4.263256414560601e-13,22.21250000000012,-4.293564479999998,-34.05870000000036,17.918935520000115,-16.139764480000466
686,8.881784197001252e-15,-1.0302869668521453e-13,-1.4210854715202004e-14,0.0,0.0,0.0,-30.802600000000016,-24.731200000001046,-1.7763568394002505e-15,-9.999999971910256e-05,33.65039999999989,-4.584396240000001,-55.53389999999982,29.06600375999983,-26.467896240000215
687,-4.1744385725905886e-14,6.394884621840902e-14,4.085620730620576e-14,0.0,0.0,0.0,-25.231099999999973,-31.565300000000107,1.0658141036401503e-14,-8.526512829121202e-14,41.66339999999999,-4.713559200000001,-56.79639999999924,36.949840800000096,-19.846559199999362
688,-9.999999998555609e-05,-5.684341886080802e-14,6.750155989720952e-14,0.0,0.0,0.0,-25.44970000000001,-37.711700000000725,1.0658141036401503e-14,2.842170943040401e-14,44.760300000000086,-4.738883039999992,-63.161500000001,40.02141696000011,-23.140083040000434
689,-3.1530333899354446e-14,-0.00010000000002108322,1.7053025658242404e-13,0.0,0.0,0.0,-27.559000000000076,-17.99509999999976,0.0,3.979039320256561e-13,29.717799999999905,-4.539889439999997,-45.554199999999554,25.17791055999988,-20.37628943999877
690,-6.661338147750939e-15,-1.3500311979441904e-13,1.509903313490213e-13,0.0,0.0,0.0,-23.875599999999938,-19.958700000001286,-5.1514348342607263e-14,8.526512829121202e-13,27.034599999999923,-4.308112079999999,-43.83430000000003,22.726487920000025,-21.107812080000002
691,7.105427357601002e-15,-1.5631940186722204e-13,0.00010000000010812471,0.0,0.0,0.0,-27.48390000000003,-18.89990000000082,-1.0658141036401503e-14,-3.979039320256561e-13,29.958799999999933,-4.619049120000003,-46.383700000001696,25.339750879999894,-21.043949120001585
692,-1.9539925233402755e-14,-0.00010000000003884679,4.618527782440651e-14,0.0,0.0,0.0,-25.354299999999945,-21.67879999999989,1.7763568394002505e-15,-4.831690603168681e-13,29.314600000000112,-4.537250639999991,-47.03320000000045,24.777349360000116,-22.255850640000787
693,-9.769962616701378e-15,0.00010000000008147936,-2.3092638912203256e-14,0.0,0.0,0.0,-30.956400000000006,-24.57559999999951,5.1514348342607263e-14,-1.7053025658242404e-13,31.90339999999987,-4.557049200000003,-55.531899999998444,27.34635079999999,-28.185549199998917
694,-9.999999999621423e-05,-9.999999991450181e-05,-9.947598300641403e-14,0.0,0.0,0.0,-22.9599,-35.241700000000414,-9.999999998022702e-05,9.999999988963282e-05,40.748000000000104,-4.723808400000003,-58.201800000000674,36.02419160000011,-22.177608400000338
695,6.217248937900877e-15,9.99999999642398e-05,3.019806626980426e-14,0.0,0.0,0.0,-26.424299999999995,-28.6412999999991,-1.7763568394002505e-15,-0.00010000000000331966,41.18089999999999,-4.11398496,-55.065599999998255,37.06691504000008,-17.998684959998172
696,9.999999997489795e-05,-1.1723955140041653e-13,9.999999993404174e-05,0.0,0.0,0.0,-20.669999999999998,-33.67989999999974,2.842170943040401e-14,2.2737367544323206e-13,37.55119999999998,-4.408863839999999,-54.34969999999991,33.142336160000106,-21.207363840000497
697,-7.105427357601002e-15,1.4566126083082054e-13,-1.8474111129762605e-13,0.0,0.0,0.0,-30.04939999999994,-23.216700000000714,-1.7763568394002505e-15,-5.115907697472721e-13,31.87739999999991,-4.822855919999998,-53.26610000000184,27.054544079999804,-26.21155592000136
698,1.9539925233402755e-14,5.3290705182007514e-14,-0.00010000000014720456,0.0,0.0,0.0,-22.985600000000005,-29.638500000001564,-2.6645352591003757e-14,0.0,39.3441,-4.3338204,-52.62420000000128,35.010279600000004,-17.613920400001504
699,4.796163466380676e-14,3.907985046680551e-14,9.999999996068709e-05,0.0,0.0,0.0,-28.297099999999993,-21.409400000000268,-4.618527782440651e-14,8.526512829121202e-14,34.67459999999992,-4.773491999999997,-49.70639999999983,29.90110799999988,-19.805292000000193
700,-1.687538997430238e-14,4.973799150320701e-14,7.283063041541027e-14,0.0,0.0,0.0,-20.58109999999996,-20.62930000000143,-9.999999998733244e-05,8.526512829121202e-14,27.251600000000042,-4.102091999999999,-41.21050000000153,23.1495080000001,-18.06099200000189
701,3.2862601528904634e-14,0.00010000000009924292,0.00010000000003174137,0.0,0.0,0.0,-28.451299999999957,-21.535200000001048,-1.2434497875801753e-14,1.4210854715202004e-13,30.093100000000167,-4.49737056,-49.98630000000101,25.595729440000138,-24.390570560000867
702,-4.529709940470639e-14,-5.3290705182007514e-14,-5.861977570020827e-14,0.0,0.0,0.0,-21.33930000000005,-20.623999999999818,2.842170943040401e-14,5.684341886080802e-14,28.10349999999995,-4.41421272,-41.96329999999989,23.689287280000066,-18.274012719999817
703,-2.5757174171303632e-14,1.0302869668521453e-13,1.2612133559741778e-13,0.0,0.0,0.0,-23.597000000000055,-25.40729999999995,2.842170943040401e-14,6.821210263296962e-13,34.870899999999985,-4.452785999999998,-49.00429999999949,30.418113999999996,-18.586185999999728
704,0.00010000000002463594,-4.263256414560601e-14,1.7763568394002505e-14,0.0,0.0,0.0,-18.02619999999999,-21.926599999999922,-9.999999999266151e-05,9.999999932119863e-05,30.30240000000006,-3.7930579199999923,-39.95270000000143,26.509342080000074,-13.443357920001574
705,-4.440892098500626e-15,-9.999999988963282e-05,-9.999999998555609e-05,0.0,0.0,0.0,-21.14760000000002,-26.250499999999022,9.999999997489795e-05,-1.4210854715202004e-13,34.21210000000002,-3.885344640000002,-47.398199999999434,30.32675536000002,-17.071444639999413
706,-3.552713678800501e-15,-9.999999993937081e-05,0.00010000000016852084,0.0,0.0,0.0,-22.759199999999986,-16.04339999999892,-1.0658141036401503e-14,9.999999980436769e-05,24.702900000000106,-3.8865513600000012,-38.802499999999,20.816348640000133,-17.9861513599991
707,8.881784197001252e-16,0.00010000000002463594,7.638334409421077e-14,0.0,0.0,0.0,-23.63769999999991,-17.87769999999987,0.0,-0.0001000000001454282,25.945099999999943,-3.8232496799999955,-41.51539999999909,22.12185031999982,-19.393549679999495
708,1.3322676295501878e-14,-7.105427357601002e-15,-5.329070518200751e-15,0.0,0.0,0.0,-19.80029999999996,-25.050500000000497,4.440892098500626e-14,6.252776074688882e-13,31.022100000000055,-3.9289067999999974,-44.85080000000002,27.09319320000003,-17.75760679999999
709,-0.00010000000003351772,2.842170943040401e-14,9.999999989318553e-05,0.0,0.0,0.0,-23.27330000000002,-4.8777999999994535,-2.3092638912203256e-14,1.7053025658242404e-13,18.64509999999982,-3.7351526400000004,-28.151099999999104,14.909947359999771,-13.241152639999797
710,-1.7763568394002505e-14,0.00010000000000331966,1.1723955140041653e-13,0.0,0.0,0.0,-24.95100000000002,-19.598999999999663,8.881784197001252e-15,-9.99999998327894e-05,27.45059999999993,-4.1251147199999965,-44.54999999999957,23.32548527999995,-21.22451471999962
711,3.197442310920451e-14,1.0658141036401503e-14,-4.707345624410664e-14,0.0,0.0,0.0,-20.579999999999963,-30.780600000000632,3.375077994860476e-14,-4.547473508864641e-13,36.14929999999992,-4.376373839999999,-51.360600000000744,31.772926159999983,-19.58767384000052
712,-3.108624468950438e-14,-7.105427357601002e-14,0.00010000000002019505,0.0,0.0,0.0,-24.99639999999996,-25.832799999999885,-1.7763568394002505e-15,5.400124791776761e-13,33.75579999999988,-4.55225328,-50.82909999999984,29.20354671999982,-21.62555328000002
713,3.2862601528904634e-14,-1.0658141036401503e-14,-9.414691248821327e-14,0.0,0.0,0.0,-25.350599999999964,-25.393199999999354,-0.00010000000001930687,-8.526512829121202e-14,32.09659999999995,-4.402888560000006,-50.743899999998476,27.69371144,-23.050188559998702
714,0.00010000000004595222,-1.3145040611561853e-13,9.999999999266151e-05,0.0,0.0,0.0,-28.31469999999993,-18.17729999999999,0.0,-3.126388037344441e-13,25.870000000000097,-4.525613999999997,-46.49180000000089,21.344386000000036,-25.147414000001092
715,9.999999999976694e-05,9.999999991805453e-05,-9.999999995180531e-05,0.0,0.0,0.0,-29.462299999999907,-27.16209999999988,-2.4868995751603507e-14,1.4210854715202004e-13,33.632400000000175,-4.632245280000002,-56.6242999999988,29.000154720000086,-27.624145279998714
716,-7.105427357601002e-15,-3.552713678800501e-15,8.526512829121202e-14,0.0,0.0,0.0,-24.593499999999977,-28.133200000000244,-1.7763568394002505e-15,5.684341886080802e-14,37.34659999999988,-4.542253199999997,-52.72669999999998,32.80434679999999,-19.92235319999999
717,-2.3092638912203256e-14,-3.552713678800501e-15,-1.652011860642233e-13,0.0,0.0,0.0,-24.07849999999992,-24.200200000001168,-9.999999998377973e-05,-1.4210854715202004e-13,31.752099999999935,-4.235767920000006,-48.2788000000013,27.516332079999984,-20.762467920001768
718,2.3092638912203256e-14,-7.105427357601002e-15,-7.638334409421077e-14,0.0,0.0,0.0,-17.465600000000066,-25.83380000000033,-9.999999994469988e-05,-5.968558980384842e-13,33.49640000000001,-4.515911279999994,-43.29950000000197,28.980488719999872,-14.319011280001192
719,0.00010000000002019505,9.999999999621423e-05,1.1901590823981678e-13,0.0,0.0,0.0,-23.75010000000006,-24.67679999999951,-1.7763568394002505e-14,9.999999957699401e-05,29.859599999999986,-4.290787439999999,-48.4265999999992,25.56881256000001,-22.85778743999964
720,-9.999999998555609e-05,1.4210854715202004e-14,-9.592326932761353e-14,0.0,0.0,0.0,-22.84569999999995,-24.802400000000333,1.0658141036401503e-14,2.5579538487363607e-13,30.41069999999984,-4.225268880000003,-47.64819999999996,26.185431119999826,-21.462768880000368
721,-1.7763568394002505e-14,-8.881784197001252e-14,-1.5276668818842154e-13,0.0,0.0,0.0,-26.44650000000002,-28.260699999999595,-2.842170943040401e-14,-0.0001000000001170065,37.03520000000016,-4.34303352,-54.707300000001155,32.692166480000324,-22.01513352000083
722,-0.0001000000000344059,-1.7053025658242404e-13,-2.4868995751603507e-14,0.0,0.0,0.0,-21.322500000000016,-22.65890000000074,2.1316282072803006e-14,0.00010000000003174137,31.94319999999992,-4.349874960000004,-43.98140000000063,27.59332504000005,-16.388074960000807
723,-5.329070518200751e-15,-0.00010000000008503207,-2.3092638912203256e-14,0.0,0.0,0.0,-24.496000000000016,-21.447800000000065,-0.00010000000002285958,-7.958078640513122e-13,31.498600000000085,-4.1170024799999965,-45.94400000000111,27.381597520000124,-18.562402480001225
724,-1.0658141036401503e-14,2.1316282072803006e-14,1.5987211554602254e-14,0.0,0.0,0.0,-27.8068,-23.319100000000354,-7.105427357601002e-15,-9.999999920751179e-05,34.05079999999987,-4.50569808,-51.12599999999901,29.545101919999823,-21.580898079999642
725,1.3322676295501878e-14,9.947598300641403e-14,-0.00010000000013121735,0.0,0.0,0.0,-18.107500000000034,-26.215700000000716,-1.4210854715202004e-14,-0.0001000000001170065,29.5712000000001,-3.9994214399999963,-44.32340000000151,25.571778559999963,-18.751621440001543
726,-2.842170943040401e-14,-1.3855583347321954e-13,6.927791673660977e-14,0.0,0.0,0.0,-25.273600000000016,-21.98620000000094,-8.881784197001252e-15,-9.999999937804205e-05,33.05239999999995,-4.584480480000004,-47.259899999999206,28.467919519999917,-18.791980479999296
727,-9.999999998733244e-05,1.0658141036401503e-14,9.99999999971024e-05,0.0,0.0,0.0,-27.15380000000004,-18.69740000000032,2.6645352591003757e-14,-9.99999995201506e-05,31.848899999999976,-4.2060117599999955,-45.85130000000012,27.6428882400001,-18.20841176000002
728,-4.440892098500626e-16,-3.907985046680551e-14,-1.2079226507921703e-13,0.0,0.0,0.0,-24.94859999999999,-30.628799999999202,1.7763568394002505e-15,5.115907697472721e-13,35.88349999999993,-4.385619359999998,-55.577399999998164,31.49788064000002,-24.079519359998372
729,-1.2434497875801753e-14,0.00010000000008503207,5.861977570020827e-14,0.0,0.0,0.0,-27.457599999999942,-34.52919999999922,-5.329070518200751e-15,-2.8421709430404007e-13,33.85640000000006,-4.5087415199999965,-61.98669999999858,29.347658480000145,-32.63904151999844
730,1.5987211554602254e-14,-1.0658141036401503e-14,-0.00010000000006549215,0.0,0.0,0.0,-28.8397000000001,-23.08710000000014,3.019806626980426e-14,-2.8421709430404007e-13,26.28710000000017,-4.5022723200000065,-51.92690000000033,21.784827680000127,-30.14207232000021
731,0.00010000000001664233,7.815970093361102e-14,-8.171241461241152e-14,0.0,0.0,0.0,-27.64659999999996,-30.449100000000634,-1.7763568394002505e-15,1.1368683772161603e-13,37.05549999999988,-4.666571279999994,-58.09560000000057,32.38892871999995,-25.706671280000847
732,-2.6645352591003757e-14,9.999999995002895e-05,-1.829647544582258e-13,0.0,0.0,0.0,-24.135399999999954,-23.33979999999847,9.999999999443787e-05,-0.00010000000031595846,31.14249999999998,-3.8663143200000003,-47.4750999999997,27.2761856799999,-20.19891431999956
733,2.6645352591003757e-15,0.00010000000001042508,-1.9539925233402755e-14,0.0,0.0,0.0,-29.308599999999966,-23.597700000000984,3.552713678800501e-14,-8.526512829121202e-14,36.17930000000011,-4.486994640000001,-52.90620000000112,31.69230536000014,-21.213894640001442
734,-9.999999996246345e-05,9.999999990739639e-05,5.329070518200751e-15,0.0,0.0,0.0,-25.15779999999999,-16.882900000000475,-9.999999999976694e-05,-0.00010000000057175384,35.32920000000001,-4.391317440000003,-42.04090000000063,30.9378825599999,-11.103017440000514
735,1.5987211554602254e-14,-9.592326932761353e-14,-1.1723955140041653e-13,0.0,0.0,0.0,-27.378299999999992,-20.779600000000045,-9.999999999799059e-05,-5.684341886080801e-13,33.213900000000045,-4.269743280000006,-48.15800000000104,28.944156719999974,-19.213843280000603
736,2.930988785010413e-14,-9.999999997134523e-05,1.2079226507921703e-13,0.0,0.0,0.0,-23.409099999999967,-23.379599999998675,-1.5987211554602254e-14,5.684341886080802e-14,32.21550000000015,-4.362902639999994,-46.78879999999825,27.852597360000182,-18.936202639998072
737,3.019806626980426e-14,0.00010000000006371579,8.171241461241152e-14,0.0,0.0,0.0,-30.27600000000001,-20.466800000000454,-0.00010000000001220144,9.99999995485723e-05,26.467199999999803,-4.618601280000002,-50.74270000000105,21.848598719999856,-28.89410128000165
738,3.730349362740526e-14,-1.2079226507921703e-13,-0.00010000000016141541,0.0,0.0,0.0,-26.757299999999997,-29.931300000001514,-7.105427357601002e-15,-8.526512829121202e-14,35.906200000000005,-4.616927280000008,-56.688700000002655,31.289272719999865,-25.399427280001873
739,-9.999999999976694e-05,8.171241461241152e-14,-1.545430450278218e-13,0.0,0.0,0.0,-28.23309999999994,-29.57849999999963,1.7763568394002505e-14,4.831690603168681e-13,32.800600000000045,-4.717932479999996,-57.81169999999919,28.082667519999887,-29.72903247999885
740,2.842170943040401e-14,-4.263256414560601e-14,6.750155989720952e-14,0.0,0.0,0.0,-29.320499999999928,-22.41979999999944,3.552713678800501e-15,-3.979039320256561e-13,32.46249999999998,-4.841531279999998,-51.74029999999988,27.620968719999993,-24.11933128000011
741,-1.7763568394002505e-14,8.526512829121202e-14,-4.440892098500626e-15,0.0,0.0,0.0,-27.51439999999998,-24.204000000000505,7.105427357601002e-15,4.263256414560601e-13,31.736000000000125,-4.504942079999996,-51.71839999999966,27.23105792,-24.487342079999195
742,5.329070518200751e-15,-0.00010000000004950493,5.861977570020827e-14,0.0,0.0,0.0,-25.341800000000024,-31.495900000001242,-1.5987211554602254e-14,9.999999960541572e-05,38.75639999999997,-4.332062879999999,-56.83770000000179,34.424337119999976,-22.413362880001813
743,-3.375077994860476e-14,-2.0961010704922955e-13,9.999999997312159e-05,0.0,0.0,0.0,-30.782299999999985,-29.94309999999981,-2.1316282072803006e-14,3.410605131648481e-13,35.98989999999999,-4.6220688000000045,-60.72529999999912,31.367831199999884,-29.357468799999467
744,9.99999999971024e-05,-1.0302869668521453e-13,-1.4210854715202004e-14,0.0,0.0,0.0,-27.348699999999944,-22.583999999999868,9.999999999443787e-05,2.8421709430404007e-13,36.5617999999999,-4.661938800000002,-49.93249999999972,31.89986119999999,-18.032638799999972
745,0.00010000000003351772,-1.7763568394002505e-14,9.999999988430375e-05,0.0,0.0,0.0,-25.424799999999976,-18.478199999999966,-1.7763568394002505e-14,0.0001000000001170065,27.30280000000011,-4.405091039999993,-43.902700000000564,22.897708960000145,-21.004991040000178
746,-1.5987211554602254e-14,-9.999999998200337e-05,1.0302869668521453e-13,0.0,0.0,0.0,-23.96580000000004,-32.521499999999065,4.085620730620576e-14,-2.5579538487363607e-13,40.49130000000003,-4.797473040000003,-56.48739999999961,35.69382696000007,-20.79357304
747,0.00010000000000509601,-6.394884621840902e-14,4.085620730620576e-14,0.0,0.0,0.0,-24.637099999999993,-24.826200000000263,-1.5987211554602254e-14,5.684341886080802e-14,36.22470000000014,-4.668755759999999,-49.4631999999999,31.555944240000173,-17.907255759999956
748,-2.930988785010413e-14,-0.00010000000008503207,-8.881784197001252e-15,0.0,0.0,0.0,-25.228199999999998,-32.7125000000003,-3.552713678800501e-15,5.684341886080801e-13,39.20690000000015,-4.447292400000003,-57.940799999999456,34.75960760000029,-23.18119239999963
749,1.687538997430238e-14,2.1316282072803006e-14,2.842170943040401e-14,0.0,0.0,0.0,-20.822100000000095,-31.286800000000007,-5.329070518200751e-15,9.999999980436769e-05,37.28130000000013,-4.5814132800000005,-52.10880000000148,32.699886720000194,-19.408913280001286
750,5.329070518200751e-15,2.4868995751603507e-14,9.99999999562462e-05,0.0,0.0,0.0,-18.519800000000032,-12.858299999998735,-1.5987211554602254e-14,-5.684341886080802e-14,26.315300000000008,-4.22542584,-31.377999999998693,22.089874159999972,-9.288125839998031
751,-1.1546319456101628e-14,-9.237055564881302e-14,5.684341886080802e-14,0.0,0.0,0.0,-20.125600000000073,-21.490799999998544,-1.2434497875801753e-14,5.684341886080801e-13,28.296500000000073,-4.378855679999999,-41.61639999999788,23.917644320000022,-17.698755679998072
752,0.00010000000000509601,-1.3500311979441904e-13,-9.99999999109491e-05,0.0,0.0,0.0,-25.610799999999973,-31.886699999998896,1.9539925233402755e-14,9.999999994647624e-05,38.12869999999988,-4.296846960000003,-57.49739999999923,33.83185303999998,-23.665546959999247
753,-3.197442310920451e-14,1.1368683772161603e-13,5.5067062021407764e-14,0.0,0.0,0.0,-28.549700000000044,-31.1630999999988,-3.552713678800501e-14,6.252776074688882e-13,38.69140000000009,-4.4412285600000025,-59.712799999999135,34.250171440000024,-25.46262855999933
754,-3.730349362740526e-14,0.00010000000013477006,5.329070518200751e-15,0.0,0.0,0.0,-23.665999999999997,-19.836099999999206,3.552713678800501e-15,3.979039320256561e-13,31.541500000000003,-4.313142720000002,-43.50199999999796,27.228357280000065,-16.27364271999744
755,-1.0658141036401503e-14,2.1316282072803006e-14,-0.00010000000010101928,0.0,0.0,0.0,-27.903800000000057,-16.049099999999065,-8.881784197001252e-15,-2.2737367544323206e-13,27.894100000000208,-3.8518689599999942,-43.952999999999676,24.042231040000228,-19.910768960000127
756,2.1316282072803006e-14,-6.394884621840902e-14,-5.684341886080802e-14,0.0,0.0,0.0,-22.43420000000005,-33.24500000000081,-1.7763568394002505e-15,9.999999917909008e-05,37.504900000000035,-4.100453280000003,-55.679100000001725,33.404446720000195,-22.274653280002212
757,-6.217248937900877e-15,-9.999999993226538e-05,4.973799150320701e-14,0.0,0.0,0.0,-17.782900000000012,-32.48149999999856,-1.7763568394002505e-15,-1.7053025658242404e-13,40.39109999999994,-3.6226303199999967,-50.2644999999992,36.76846967999987,-13.496030319999107
758,0.00010000000002907683,4.973799150320701e-14,3.907985046680551e-14,0.0,0.0,0.0,-27.87669999999995,-27.575999999999297,9.999999998200337e-05,-9.999999974752427e-05,29.01480000000011,-4.234578480000004,-55.45259999999891,24.780221520000108,-30.672378479998812
759,0.0,-9.947598300641403e-14,9.99999999358181e-05,0.0,0.0,0.0,-25.022799999999947,-24.66589999999985,-3.019806626980426e-14,3.410605131648481e-13,35.71460000000009,-4.424649840000001,-49.68859999999988,31.289950160000146,-18.398649839999734
760,3.552713678800501e-15,1.2789769243681803e-13,-8.881784197001252e-15,0.0,0.0,0.0,-25.644400000000083,-19.295600000000235,-1.4210854715202004e-14,7.105427357601002e-13,29.297399999999943,-4.187746080000002,-44.939999999999614,25.109653920000007,-19.83034607999916
761,0.0,9.999999998200337e-05,6.572520305780927e-14,0.0,0.0,0.0,-20.887899999999938,-36.47009999999921,0.00010000000001042508,5.684341886080801e-13,42.349299999999886,-4.681348559999998,-57.35779999999767,37.66795143999991,-19.68984855999753
762,-4.1744385725905886e-14,-1.8474111129762605e-13,-1.509903313490213e-13,0.0,0.0,0.0,-27.39740000000006,-22.753900000000122,2.842170943040401e-14,-9.99999992359335e-05,34.60069999999988,-4.622557680000002,-50.15139999999971,29.978142319999797,-20.173257680000148
763,-4.440892098500626e-15,-1.0302869668521453e-13,-1.9539925233402755e-14,0.0,0.0,0.0,-30.858999999999973,-26.49169999999952,-1.7763568394002505e-15,2.5579538487363607e-13,40.152000000000065,-4.424866559999999,-57.350699999999364,35.727133440000266,-21.623566559999773
764,-5.329070518200751e-15,0.00010000000003174137,7.105427357601002e-14,0.0,0.0,0.0,-28.492799999999953,-27.257700000000234,-2.6645352591003757e-14,2.5579538487363607e-13,35.71760000000003,-4.471307999999992,-55.75039999999919,31.246292000000146,-24.50410799999949
765,2.6645352591003757e-15,-3.552713678800501e-15,8.881784197001252e-15,0.0,0.0,0.0,-25.751600000000025,-23.078600000001572,-3.552713678800501e-15,-3.694822225952521e-13,32.54979999999986,-4.220946720000001,-48.83020000000025,28.328853279999986,-20.501346720000484
766,9.999999998466791e-05,-9.999999990739639e-05,-1.1191048088221578e-13,0.0,0.0,0.0,-24.144600000000025,-33.42849999999986,-3.907985046680551e-14,-0.00010000000017384991,39.12570000000021,-4.528749600000001,-57.57319999999872,34.5969504000001,-22.97624959999885
767,-3.552713678800501e-14,7.815970093361102e-14,-0.00010000000010812471,0.0,0.0,0.0,-24.82929999999998,-23.607500000000933,9.999999996779252e-05,-1.1368683772161603e-13,33.72589999999996,-4.353752879999993,-48.43680000000191,29.372147119999752,-19.064652880002143
768,1.4210854715202004e-14,-3.197442310920451e-14,1.7763568394002505e-14,0.0,0.0,0.0,-27.913099999999954,-26.34750000000009,-0.0001000000000264123,0.0001000000004296453,32.65569999999987,-4.398659280000004,-54.26059999999936,28.257040719999928,-26.003559279999877
769,2.1316282072803006e-14,7.105427357601002e-14,1.5987211554602254e-14,0.0,0.0,0.0,-28.480200000000032,-21.195199999998906,0.00010000000003351772,-9.999999971910256e-05,34.26439999999986,-4.456293120000004,-49.67539999999903,29.808106880000032,-19.867293119999005
770,1.9539925233402755e-14,9.999999997489795e-05,-1.2612133559741778e-13,0.0,0.0,0.0,-21.731899999999943,-31.490499999999813,9.99999999891088e-05,9.999999912224666e-05,37.87319999999986,-4.279937039999997,-53.222100000001234,33.59326295999989,-19.628837040001343
771,0.00010000000002552412,-1.3500311979441904e-13,-6.039613253960852e-14,0.0,0.0,0.0,-27.938000000000006,-21.28070000000085,9.999999999621423e-05,-9.999999974752427e-05,30.332600000000053,-4.315851359999999,-49.21860000000072,26.01674864000006,-23.201851360000887
772,1.0658141036401503e-14,-3.907985046680551e-14,1.0658141036401503e-14,0.0,0.0,0.0,-21.428500000000057,-25.375800000001064,9.999999999621423e-05,-2.2737367544323206e-13,39.55800000000008,-4.5267264,-46.804200000001885,35.031273600000254,-11.772926400001623
773,-0.00010000000001308962,-8.526512829121202e-14,-0.00010000000003174137,0.0,0.0,0.0,-22.922100000000054,-25.566300000000304,4.440892098500626e-14,-3.979039320256561e-13,34.67659999999988,-3.9211574399999978,-48.48860000000148,30.755442559999675,-17.733157440001577
774,-1.865174681370263e-14,2.4868995751603507e-14,-1.5987211554602254e-14,0.0,0.0,0.0,-28.64349999999996,-26.069499999999508,-1.7763568394002505e-14,-9.999999969068085e-05,36.47470000000007,-4.538336400000004,-54.71309999999936,31.936363600000035,-22.776736399998867
775,9.999999998999698e-05,2.4868995751603507e-14,7.283063041541027e-14,0.0,0.0,0.0,-28.81479999999992,-20.085699999999278,-3.197442310920451e-14,-2.8421709430404007e-13,26.34049999999996,-4.64584535999999,-48.90040000000005,21.694654639999925,-27.205745359999895
776,9.999999999088516e-05,-8.881784197001252e-14,1.0835776720341528e-13,0.0,0.0,0.0,-27.936000000000057,-23.62049999999963,-1.4210854715202004e-14,-3.126388037344441e-13,29.545300000000104,-4.55223744000001,-51.55639999999944,24.9930625600002,-26.563337439999245
777,4.973799150320701e-14,1.1368683772161603e-13,-5.329070518200751e-15,0.0,0.0,0.0,-28.416299999999993,-23.245400000001418,9.999999996956888e-05,5.684341886080802e-14,30.997899999999998,-4.125181679999999,-51.66160000000042,26.87271831999992,-24.788881680000728
778,-0.00010000000001220144,9.999999997845066e-05,-8.881784197001252e-15,0.0,0.0,0.0,-26.502199999999984,-27.564000000000348,-1.7763568394002505e-15,-9.999999986121111e-05,32.13969999999982,-4.471170480000005,-54.06630000000024,27.668529519999883,-26.397770480000574
779,-1.4210854715202004e-14,0.00010000000011345378,0.00010000000011167742,0.0,0.0,0.0,-30.83289999999996,-15.962399999999036,3.730349362740526e-14,-9.999999991805453e-05,31.23439999999993,-4.625089919999999,-46.795199999998545,26.609310079999965,-20.185889919999028
780,-2.842170943040401e-14,-9.999999989673825e-05,3.019806626980426e-14,0.0,0.0,0.0,-28.784599999999955,-25.909599999999593,-9.999999997489795e-05,-0.00010000000008858478,34.402500000000074,-4.545487440000008,-54.69449999999968,29.857012560000015,-24.837487439999208
781,-7.105427357601002e-15,-9.592326932761353e-14,4.796163466380676e-14,0.0,0.0,0.0,-24.478799999999936,-26.48119999999895,-9.99999999642398e-05,-4.547473508864641e-13,35.913000000000025,-4.105704239999998,-50.96010000000106,31.807295759999914,-19.15280424000069
782,0.00010000000000776055,0.00010000000008858478,-1.580957587066223e-13,0.0,0.0,0.0,-27.001200000000004,-25.740400000000477,2.3092638912203256e-14,6.821210263296962e-13,33.19140000000011,-4.285054799999999,-52.74140000000102,28.906345200000203,-23.83505480000106
783,2.042810365310288e-14,-9.592326932761353e-14,6.039613253960852e-14,0.0,0.0,0.0,-26.47490000000008,-19.720599999999777,-2.1316282072803006e-14,3.410605131648481e-13,29.33389999999992,-4.420188719999999,-46.19549999999944,24.913711280000086,-21.281788719999355
784,2.1316282072803006e-14,1.4210854715202004e-14,1.3500311979441904e-13,0.0,0.0,0.0,-26.26439999999993,-30.314100000000323,1.9539925233402755e-14,9.999999946330718e-05,36.33589999999999,-4.371624720000002,-56.578400000001054,31.964275279999992,-24.614124720000845
785,-9.999999999088516e-05,-1.1723955140041653e-13,1.2612133559741778e-13,0.0,0.0,0.0,-20.761399999999988,-33.033700000000366,1.9539925233402755e-14,-1.4210854715202004e-13,41.30210000000014,-3.94721568,-53.79520000000109,37.354884319999954,-16.44031568000068
786,-1.9539925233402755e-14,3.552713678800501e-14,-1.7763568394002505e-13,0.0,0.0,0.0,-25.895899999999997,-24.619199999999836,-1.7763568394002505e-15,-9.999999969068085e-05,34.57700000000015,-4.579390079999999,-50.51519999999962,29.997609920000077,-20.517590080000005
787,4.618527782440651e-14,1.7763568394002505e-14,-0.00010000000011523014,0.0,0.0,0.0,-28.478800000000014,-30.25050000000033,-2.6645352591003757e-14,9.99999995485723e-05,36.36410000000003,-4.597966080000001,-58.72929999999985,31.76613392000001,-26.96316607999961
788,2.042810365310288e-14,7.460698725481052e-14,1.2967404927621828e-13,0.0,0.0,0.0,-26.05580000000006,-30.599399999998937,-4.263256414560601e-14,-3.126388037344441e-13,29.25570000000005,-4.4146044000000035,-56.65519999999957,24.841095599999996,-31.814104399999806
789,-3.4638958368304884e-14,7.105427357601002e-14,-7.72715225139109e-14,0.0,0.0,0.0,-23.508700000000037,-30.285199999999193,-1.7763568394002505e-15,6.536993168992922e-13,36.183000000000206,-4.569879599999997,-53.79389999999805,31.61312040000022,-22.180779599997592
790,-0.00010000000000420783,-1.0302869668521453e-13,1.0480505352461478e-13,0.0,0.0,0.0,-23.99610000000007,-35.224499999999736,3.552713678800501e-15,-3.694822225952521e-13,33.16870000000004,-4.513003920000003,-59.220700000001315,28.655696080000027,-30.56500392000129
791,-3.4638958368304884e-14,-1.4210854715202004e-14,-0.00010000000017740263,0.0,0.0,0.0,-31.82159999999993,-25.592900000000697,-3.552713678800501e-15,-9.99999995485723e-05,31.97970000000013,-4.475881439999994,-57.414699999999726,27.50381856000002,-29.910881439999258
792,0.0,-1.4210854715202004e-14,1.1368683772161603e-13,0.0,0.0,0.0,-24.582700000000074,-34.12739999999951,2.842170943040401e-14,0.0001000000001170065,41.92969999999991,-4.670073360000002,-58.70999999999917,37.25962663999983,-21.450373359998878
793,-1.4210854715202004e-14,-3.907985046680551e-14,0.0001000000000921375,0.0,0.0,0.0,-23.97529999999993,-25.53769999999946,-0.00010000000003351772,-8.242295734817162e-13,33.21590000000005,-4.546781279999997,-49.513000000000204,28.669118720000053,-20.843881280000602
794,4.796163466380676e-14,-2.4868995751603507e-14,8.171241461241152e-14,0.0,0.0,0.0,-29.19130000000003,-24.094200000000555,-5.329070518200751e-15,-1.1368683772161603e-13,33.24629999999993,-4.784501519999998,-53.28550000000065,28.46179847999997,-24.823701520000455
795,0.00010000000002818865,-1.4921397450962104e-13,0.00010000000000864873,0.0,0.0,0.0,-32.16170000000001,-22.77190000000018,5.329070518200751e-15,0.00010000000000331966,32.52059999999994,-4.703406480000004,-54.93330000000098,27.81719351999996,-27.116106480000795
796,9.999999997356568e-05,-2.4868995751603507e-14,4.973799150320701e-14,0.0,0.0,0.0,-26.71260000000003,-21.99899999999979,4.440892098500626e-14,2.842170943040401e-14,29.888999999999953,-4.380495119999996,-48.71149999999986,25.508504879999958,-23.202995119999898
797,-5.329070518200751e-15,-3.552713678800501e-14,-7.638334409421077e-14,0.0,0.0,0.0,-25.670999999999992,-32.96040000000078,-5.329070518200751e-15,8.526512829121202e-14,34.410399999999825,-4.624194959999999,-58.63140000000064,29.786205039999835,-28.84519496000081
798,5.329070518200751e-15,0.00010000000000687237,-1.9539925233402755e-13,0.0,0.0,0.0,-31.791499999999985,-22.25559999999912,3.375077994860476e-14,-2.8421709430404007e-13,31.89449999999989,-4.61986991999999,-54.047000000000224,27.27463007999998,-26.772369920000244
799,-1.3322676295501878e-14,1.7763568394002505e-13,7.283063041541027e-14,0.0,0.0,0.0,-24.261399999999988,-17.843400000000358,-2.842170943040401e-14,1.9895196601282805e-13,29.915399999999806,-4.133750399999996,-42.104800000000225,25.78164959999969,-16.3231504000003
800,1.4210854715202004e-14,9.999999985410568e-05,-1.0658141036401503e-13,0.0,0.0,0.0,-24.282400000000063,-21.526399999999285,1.7763568394002505e-15,-0.00010000000023069333,32.48579999999991,-4.154893919999999,-45.80879999999863,28.330906079999934,-17.477893919998692
801,0.0,2.1316282072803006e-14,0.0001000000000015433,0.0,0.0,0.0,-25.548000000000002,-24.514600000000144,-1.0658141036401503e-14,-5.684341886080802e-14,31.98199999999995,-4.5222753600000045,-50.062500000000355,27.459724640000058,-22.60277536000052
802,-1.7763568394002505e-14,-8.881784197001252e-14,-9.999999990739639e-05,0.0,0.0,0.0,-24.998899999999903,-23.27979999999844,0.00010000000002463594,9.999999991805453e-05,31.175399999999986,-4.350385440000005,-48.27859999999836,26.825014560000024,-21.453585439998122
803,5.329070518200751e-15,-2.1316282072803006e-14,-1.2612133559741778e-13,0.0,0.0,0.0,-25.060199999999984,-31.402400000000107,5.329070518200751e-15,3.410605131648481e-13,38.32070000000007,-4.662697680000001,-56.462599999999725,33.65800232000007,-22.80459767999966
804,-3.552713678800501e-14,-9.999999991805453e-05,-4.796163466380676e-14,0.0,0.0,0.0,-23.51540000000002,-15.425200000000316,0.0,-2.8421709430404007e-13,24.834699999999806,-3.952663920000009,-38.94070000000056,20.88203607999981,-18.05866392000098
805,-5.329070518200751e-15,2.842170943040401e-14,-9.592326932761353e-14,0.0,0.0,0.0,-29.374200000000048,-27.413399999999648,3.375077994860476e-14,7.105427357601002e-13,36.091700000000074,-4.5460173600000005,-56.78759999999801,31.545682639999903,-25.24191735999787
806,5.5067062021407764e-14,6.039613253960852e-14,-3.019806626980426e-14,0.0,0.0,0.0,-32.624099999999935,-22.888599999999613,3.907985046680551e-14,7.673861546209082e-13,28.60650000000009,-4.771211039999999,-55.51269999999825,23.835288960000135,-31.677411039998347
807,-1.687538997430238e-14,0.0001000000000921375,9.947598300641403e-14,0.0,0.0,0.0,-21.539699999999918,-43.4503000000006,9.999999998377973e-05,9.999999920751179e-05,40.872699999999995,-4.620660479999998,-64.98970000000104,36.25203951999994,-28.73766048000155
808,0.0,-4.263256414560601e-14,-3.552713678800501e-14,0.0,0.0,0.0,-25.888999999999946,-27.19619999999854,-0.00010000000003707044,9.999999971910256e-05,30.392600000000005,-4.565630879999997,-53.08519999999973,25.826969120000037,-27.258230879999246
809,3.019806626980426e-14,-7.105427357601002e-15,0.00010000000014898092,0.0,0.0,0.0,-21.575200000000024,-31.89279999999944,-4.618527782440651e-14,-9.999999980436769e-05,39.088699999999946,-4.61502576,-53.46799999999851,34.47367423999994,-18.9943257599988
810,-1.865174681370263e-14,-6.039613253960852e-14,-0.00010000000012055921,0.0,0.0,0.0,-25.86359999999996,-26.83320000000017,9.999999999799059e-05,-1.9895196601282805e-13,34.71299999999988,-4.6435824,-52.69680000000031,30.06941759999989,-22.627382400001096
811,-4.796163466380676e-14,-0.00010000000003884679,-6.217248937900877e-14,0.0,0.0,0.0,-26.53909999999995,-31.94870000000067,9.999999999976694e-05,3.126388037344441e-13,38.3099999999999,-4.690155599999997,-58.48780000000103,33.619844400000034,-24.867955600001224
812,-2.4868995751603507e-14,2.1316282072803006e-14,-1.4566126083082054e-13,0.0,0.0,0.0,-25.327199999999966,-33.641700000000455,-3.907985046680551e-14,-5.684341886080802e-14,38.088299999999904,-4.587984720000005,-58.96890000000056,33.5003152799998,-25.46858472000075
813,-2.5757174171303632e-14,4.263256414560601e-14,1.8474111129762605e-13,0.0,0.0,0.0,-27.0295,-36.75519999999967,-9.999999997489795e-05,-3.410605131648481e-13,45.19019999999986,-4.6369418400000075,-63.78479999999945,40.553258159999885,-23.231541839999565
814,2.1316282072803006e-14,3.907985046680551e-14,-1.4566126083082054e-13,0.0,0.0,0.0,-25.603299999999933,-34.59650000000029,5.1514348342607263e-14,-2.2737367544323206e-13,40.454099999999976,-4.38416784,-60.19980000000099,36.069932159999965,-24.12986784000104
815,-3.9968028886505635e-14,7.460698725481052e-14,9.999999996157527e-05,0.0,0.0,0.0,-25.031400000000026,-32.15219999999906,3.552713678800501e-14,-3.979039320256561e-13,32.27660000000007,-4.596727679999997,-57.183499999998446,27.679872320000097,-29.50362767999789
816,-2.6645352591003757e-15,-4.973799150320701e-14,-1.9539925233402755e-14,0.0,0.0,0.0,-28.249199999999988,-27.870700000000454,-1.0658141036401503e-14,-3.126388037344441e-13,32.835200000000185,-4.517012879999996,-56.11990000000061,28.3181871200002,-27.80171288000041
817,-9.999999997756248e-05,1.0658141036401503e-14,9.999999989673825e-05,0.0,0.0,0.0,-28.5859,-26.63969999999999,-1.4210854715202004e-14,-5.115907697472721e-13,32.5263999999999,-4.555285920000004,-55.22560000000104,27.971114079999786,-27.25448592000079
818,-8.881784197001252e-15,-6.394884621840902e-14,9.999999980170315e-05,0.0,0.0,0.0,-28.321200000000005,-30.87000000000021,-0.00010000000000687237,-3.126388037344441e-13,35.1667,-4.732905599999997,-59.19120000000126,30.433794399999968,-28.75740560000108
819,3.4638958368304884e-14,9.999999997134523e-05,-4.263256414560601e-14,0.0,0.0,0.0,-27.60300000000002,-19.307699999999706,-7.105427357601002e-15,5.400124791776761e-13,28.603799999999932,-4.40807328,-46.91060000000053,24.195726719999946,-22.714873280000802
820,-2.842170943040401e-14,-0.00010000000001042508,1.3322676295501878e-13,0.0,0.0,0.0,-29.365300000000012,-19.632000000000154,0.0001000000000423995,-2.2737367544323206e-13,31.324200000000165,-4.665206159999997,-48.99730000000093,26.65899384000019,-22.338306160000755
821,-3.8191672047105385e-14,-6.750155989720952e-14,0.00010000000014720456,0.0,0.0,0.0,-25.192500000000013,-36.09239999999976,1.2434497875801753e-14,-2.8421709430404007e-13,40.79389999999999,-4.772175120000002,-61.284799999999265,36.02172487999991,-25.26307511999913
822,-7.993605777301127e-15,2.4868995751603507e-14,-8.704148513061227e-14,0.0,0.0,0.0,-28.01829999999998,-21.321199999999465,-2.842170943040401e-14,-2.8421709430404007e-13,31.074500000000015,-4.366928159999998,-49.33950000000057,26.70757184000006,-22.63192815999983
823,3.907985046680551e-14,1.7763568394002505e-14,9.999999990562003e-05,0.0,0.0,0.0,-24.117800000000017,-25.304000000000535,-0.00010000000003529408,9.99999995201506e-05,30.147100000000094,-4.495731839999998,-49.4217000000007,25.651368160000082,-23.770331840000622
824,-9.999999998377973e-05,1.2434497875801753e-13,-8.171241461241152e-14,0.0,0.0,0.0,-22.989600000000014,-35.0470000000015,0.00010000000001753051,2.842170943040401e-14,34.40100000000015,-4.608365039999999,-58.03660000000187,29.792634960000257,-28.243965040002067
825,9.999999999621423e-05,-1.0658141036401503e-14,5.684341886080802e-14,0.0,0.0,0.0,-21.08560000000003,-27.326100000001624,-2.4868995751603507e-14,0.00010000000071386239,36.955399999999926,-4.412205360000001,-48.411500000000245,32.54319463999991,-15.868305360000335
826,-0.00010000000002019505,4.973799150320701e-14,2.4868995751603507e-14,0.0,0.0,0.0,-28.240700000000047,-24.392599999999106,4.085620730620576e-14,5.115907697472721e-13,30.416999999999835,-4.5559267200000075,-52.633399999999796,25.86107327999966,-26.772326720000365
827,-1.9539925233402755e-14,1.2789769243681803e-13,0.00010000000003351772,0.0,0.0,0.0,-24.442599999999945,-28.671300000000777,2.842170943040401e-14,8.526512829121202e-14,35.35200000000009,-4.06450656,-53.1138000000016,31.287493440000276,-21.826306560001555
828,-0.00010000000003707044,4.618527782440651e-14,3.552713678800501e-14,0.0,0.0,0.0,-24.73709999999998,-33.783199999999695,2.1316282072803006e-14,-3.694822225952521e-13,37.23629999999989,-4.491555839999993,-58.52040000000031,32.74474415999991,-25.775655840000397
829,1.7763568394002505e-15,-1.0658141036401503e-14,-3.019806626980426e-14,0.0,0.0,0.0,-27.414599999999965,-24.13630000000103,3.197442310920451e-14,-6.536993168992922e-13,37.279900000000104,-4.615828560000001,-51.55090000000126,32.66407144000006,-18.886828560001433
830,9.999999999354969e-05,-1.1368683772161603e-13,-9.769962616701378e-15,0.0,0.0,0.0,-25.527000000000022,-18.32489999999988,-5.1514348342607263e-14,8.526512829121202e-14,25.896700000000017,-4.512200399999999,-43.85179999999954,21.384499599999977,-22.467300399999118
831,-1.0658141036401503e-14,9.999999993226538e-05,-6.750155989720952e-14,0.0,0.0,0.0,-23.19029999999996,-18.23329999999926,0.00010000000003174137,-1.9895196601282805e-13,26.3914,-4.016584080000001,-41.42339999999919,22.37481592,-19.048584079999415
832,-6.217248937900877e-15,-3.197442310920451e-14,2.1316282072803006e-14,0.0,0.0,0.0,-32.92659999999987,-25.347099999998363,-2.4868995751603507e-14,-1.1368683772161603e-13,34.40029999999993,-4.832171999999996,-58.2736999999976,29.568127999999966,-28.705571999997645
833,-3.375077994860476e-14,1.0658141036401503e-13,8.881784197001252e-15,0.0,0.0,0.0,-27.59399999999994,-31.216999999999018,1.0658141036401503e-14,8.526512829121202e-14,35.138099999999994,-4.945060079999994,-58.81099999999928,30.193039919999862,-28.617960079998966
834,9.999999997845066e-05,-2.1316282072803006e-13,9.999999994647624e-05,0.0,0.0,0.0,-29.919500000000088,-27.343600000000336,-1.0658141036401503e-14,1.1368683772161603e-13,30.887900000000133,-4.374904319999999,-57.26289999999936,26.512995680000127,-30.74990431999923
835,2.7533531010703882e-14,0.0,-1.0125233984581428e-13,0.0,0.0,0.0,-31.43980000000004,-31.752399999999994,-2.6645352591003757e-14,-7.673861546209082e-13,37.09590000000014,-4.782216239999999,-63.19220000000084,32.313683760000174,-30.87851624000068
836,0.00010000000000598419,1.1723955140041653e-13,-1.7763568394002505e-14,0.0,0.0,0.0,-23.299999999999955,-31.615899999999456,3.552713678800501e-15,8.526512829121202e-13,31.925499999999893,-4.344067439999999,-54.91579999999709,27.581432559999786,-27.334367439996853
837,1.4210854715202004e-14,0.00010000000016674448,1.1013412404281553e-13,0.0,0.0,0.0,-20.664599999999997,-36.52899999999978,3.375077994860476e-14,3.410605131648481e-13,37.76719999999986,-4.677367679999996,-57.19349999999764,33.089832320000056,-24.10366767999804
838,-1.509903313490213e-14,0.00010000000005661036,2.842170943040401e-14,0.0,0.0,0.0,-29.301999999999985,-31.51819999999971,-4.263256414560601e-14,-2.842170943040401e-14,37.649200000000064,-4.552979759999992,-60.82009999999924,33.096220240000164,-27.723879759999534
839,-7.105427357601002e-15,1.4566126083082054e-13,9.999999992871267e-05,0.0,0.0,0.0,-19.929500000000047,-32.36389999999984,2.1316282072803006e-14,6.821210263296962e-13,36.617799999999974,-4.34875536,-52.29329999999888,32.269044639999876,-20.024255359999003
840,1.7763568394002505e-14,-3.552713678800501e-14,-1.5631940186722204e-13,0.0,0.0,0.0,-24.574700000000004,-38.33400000000144,-5.329070518200751e-15,0.0,41.904199999999975,-4.55220576,-62.90870000000211,37.35199423999996,-25.556705760002387
841,-4.707345624410664e-14,9.237055564881302e-14,-7.460698725481052e-14,0.0,0.0,0.0,-29.74099999999997,-21.635400000000118,-1.7763568394002505e-15,0.00010000000068544068,31.387299999999797,-4.407598799999995,-51.37629999999898,26.97970119999969,-24.396598799999282
842,7.993605777301127e-15,-0.00010000000010634835,-3.907985046680551e-14,0.0,0.0,0.0,-18.830099999999923,-32.36180000000103,1.2434497875801753e-14,3.694822225952521e-13,44.06200000000001,-3.916070639999997,-51.1920000000015,40.14592935999997,-11.046070640001304
843,0.00010000000002463594,3.552713678800501e-15,-5.3290705182007514e-14,0.0,0.0,0.0,-22.83380000000001,-19.380000000001196,-9.999999996068709e-05,1.7053025658242404e-13,24.28030000000002,-4.076169120000007,-42.2138000000016,20.20413087999996,-22.00966912000186
844,2.398081733190338e-14,0.00010000000003529408,-9.99999998203549e-05,0.0,0.0,0.0,-27.72609999999996,-35.460700000000294,3.197442310920451e-14,-1.9895196601282805e-13,42.52730000000001,-4.725406080000003,-63.18679999999938,37.80189392000008,-25.384906079999297
845,-1.9539925233402755e-14,3.552713678800501e-15,-9.99999999642398e-05,0.0,0.0,0.0,-28.9041,-27.94720000000126,-3.552713678800501e-14,8.526512829121202e-14,34.43200000000017,-4.518539279999995,-56.85140000000186,29.913460720000334,-26.937939280001757
846,1.687538997430238e-14,-1.0658141036401503e-14,9.999999988252739e-05,0.0,0.0,0.0,-25.68809999999999,-30.844599999999346,-9.999999998377973e-05,-6.821210263296962e-13,36.04209999999995,-4.435554239999991,-56.532699999999664,31.606545760000017,-24.926154239999875
847,-2.1760371282653068e-14,-7.815970093361102e-14,1.545430450278218e-13,0.0,0.0,0.0,-23.391799999999957,-30.471000000000195,0.0,0.00010000000023069333,37.61599999999983,-4.492253520000001,-53.86270000000043,33.12374647999981,-20.738953520000393
848,-9.999999995979891e-05,1.4210854715202004e-13,-1.5276668818842154e-13,0.0,0.0,0.0,-28.950799999999976,-31.56270000000122,5.329070518200751e-15,1.1368683772161603e-13,35.89779999999988,-4.5949003200000025,-60.51360000000122,31.30289967999996,-29.210700320001266
849,9.769962616701378e-15,9.999999995713438e-05,-1.4210854715202004e-14,0.0,0.0,0.0,-29.046599999999913,-24.04580000000005,1.4210854715202004e-14,-0.00010000000017384991,30.83709999999996,-4.443161759999998,-53.09239999999937,26.39393823999979,-26.698461759999574
850,-8.43769498715119e-15,-4.618527782440651e-14,1.376676550535194e-13,0.0,0.0,0.0,-19.398400000000002,-23.602299999998642,-2.1316282072803006e-14,-6.252776074688882e-13,27.80729999999996,-4.379201999999992,-43.00069999999923,23.4280980000001,-19.572601999999364
851,3.863576125695545e-14,1.4921397450962104e-13,4.796163466380676e-14,0.0,0.0,0.0,-23.238199999999924,-33.93850000000045,5.1514348342607263e-14,4.263256414560601e-13,36.85410000000001,-4.223540879999996,-57.176700000000125,32.630559120000136,-24.54614087999998
852,-3.197442310920451e-14,-1.4210854715202004e-14,7.283063041541027e-14,0.0,0.0,0.0,-23.226500000000048,-26.248399999999293,1.7763568394002505e-15,-2.842170943040401e-14,33.915100000000166,-4.495348799999997,-49.474900000000076,29.419751200000192,-20.055148799999884
853,9.999999996601616e-05,-6.750155989720952e-14,0.00010000000017562627,0.0,0.0,0.0,-30.70060000000005,-29.449499999999674,3.730349362740526e-14,9.999999988963282e-05,36.702000000000055,-4.648305599999997,-60.14979999999848,32.0536944000001,-28.09610559999838
854,1.4210854715202004e-14,-0.00010000000002108322,-7.105427357601002e-15,0.0,0.0,0.0,-26.71880000000002,-22.92439999999919,-9.999999998377973e-05,0.00010000000071386239,33.300399999999996,-4.456848959999997,-49.643299999998675,28.843551040000015,-20.79974895999888
855,1.0658141036401503e-14,-6.394884621840902e-14,-9.999999995358166e-05,0.0,0.0,0.0,-23.68719999999998,-38.10629999999903,9.999999995002895e-05,-6.821210263296962e-13,44.188799999999986,-4.715364239999994,-61.79349999999911,39.47343576,-22.320064239998885
856,-0.00010000000002108322,0.0,0.00010000000012766463,0.0,0.0,0.0,-26.733900000000023,-25.02480000000002,-9.999999998555609e-05,3.126388037344441e-13,32.684799999999996,-4.4576330399999975,-51.758799999998686,28.227166959999916,-23.53163303999831
857,2.353672812205332e-14,-2.1316282072803006e-14,0.00010000000001220144,0.0,0.0,0.0,-27.24650000000002,-32.46409999999938,3.375077994860476e-14,1.4210854715202004e-13,40.275399999999905,-4.5713397599999945,-59.71050000000005,35.70406023999976,-24.006439760000077
858,9.769962616701378e-15,1.0302869668521453e-13,-4.618527782440651e-14,0.0,0.0,0.0,-24.031400000000037,-35.388500000001514,0.00010000000000864873,-9.999999940646376e-05,40.57860000000011,-4.255476479999995,-59.41990000000271,36.32312352000001,-23.096776480002475
859,9.999999998733244e-05,-0.00010000000005305765,9.592326932761353e-14,0.0,0.0,0.0,-24.212400000000017,-19.78559999999976,2.6645352591003757e-14,-1.4210854715202004e-13,24.70809999999995,-4.526586720000005,-43.997999999999976,20.18151328000003,-23.81648672000064
860,-3.552713678800501e-15,6.394884621840902e-14,1.2967404927621828e-13,0.0,0.0,0.0,-25.667999999999992,-27.59589999999865,-4.085620730620576e-14,-1.4210854715202004e-13,34.704399999999936,-4.505785919999995,-53.26389999999938,30.198614079999896,-23.065285919999255
861,2.220446049250313e-14,7.815970093361102e-14,3.552713678800501e-15,0.0,0.0,0.0,-25.410799999999945,-27.744600000000077,-8.881784197001252e-15,-1.9895196601282805e-13,26.789799999999943,-4.176812159999995,-53.15540000000128,22.612987839999874,-30.542412160001632
862,-3.4638958368304884e-14,-9.999999986476382e-05,-5.5067062021407764e-14,0.0,0.0,0.0,-26.868799999999965,-25.306200000000203,-9.999999999266151e-05,3.410605131648481e-13,32.75840000000005,-4.177206719999997,-52.17520000000006,28.581193280000022,-23.594006720000266
863,-1.687538997430238e-14,1.4210854715202004e-14,-1.865174681370263e-13,0.0,0.0,0.0,-27.883799999999994,-26.60990000000146,-9.999999999443787e-05,-1.4210854715202004e-13,41.416000000000196,-4.508629199999996,-54.49380000000194,36.907370800000066,-17.586429200001646
864,-4.1744385725905886e-14,1.4210854715202004e-14,-7.105427357601002e-14,0.0,0.0,0.0,-30.558199999999932,-28.70050000000071,-9.999999999799059e-05,-6.821210263296962e-13,36.53759999999994,-4.428876239999996,-59.258800000002736,32.108723759999734,-27.150076240002775
865,1.7763568394002505e-14,-6.039613253960852e-14,-8.881784197001252e-15,0.0,0.0,0.0,-26.171600000000065,-29.2059,3.552713678800501e-15,-0.0001000000001170065,37.72949999999982,-4.3826140800000015,-55.377600000000285,33.346885919999856,-22.030714080000436
866,-0.00010000000001841869,1.1723955140041653e-13,7.638334409421077e-14,0.0,0.0,0.0,-29.69399999999994,-30.932500000001056,1.5987211554602254e-14,-3.126388037344441e-13,39.466799999999964,-4.600881360000004,-60.62660000000146,34.86591863999985,-25.760681360001612
867,-8.881784197001252e-16,1.0658141036401503e-14,8.881784197001252e-15,0.0,0.0,0.0,-26.51480000000004,-24.734699999999812,-1.4210854715202004e-14,-1.4210854715202004e-13,30.761800000000008,-4.326552000000003,-51.249500000000964,26.435248000000012,-24.81425200000095
868,-0.00010000000003351772,-4.618527782440651e-14,-6.217248937900877e-14,0.0,0.0,0.0,-25.622799999999952,-30.386600000000207,-2.6645352591003757e-14,3.410605131648481e-13,41.22910000000002,-4.449942720000005,-56.009499999999875,36.77915727999999,-19.230342719999882
869,-3.552713678800501e-14,0.00010000000006016307,-7.283063041541027e-14,0.0,0.0,0.0,-23.75190000000003,-29.51570000000052,-2.1316282072803006e-14,-0.0001000000004296453,38.65480000000015,-4.033105919999997,-53.26760000000132,34.62169408000008,-18.64590592000124
870,-9.999999998822062e-05,-6.750155989720952e-14,-1.723066134218243e-13,0.0,0.0,0.0,-23.946200000000015,-23.67279999999859,3.730349362740526e-14,2.8421709430404007e-13,36.213700000000145,-4.176061920000004,-47.61909999999976,32.03763808000017,-15.581461920000052
871,-1.1546319456101628e-14,1.0658141036401503e-13,9.999999982746033e-05,0.0,0.0,0.0,-25.019899999999932,-17.657699999999636,9.999999997134523e-05,-3.126388037344441e-13,31.69650000000004,-4.357852560000003,-42.677399999999295,27.338647440000187,-15.338752559999563
872,-1.0658141036401503e-14,-2.4868995751603507e-14,0.00010000000003351772,0.0,0.0,0.0,-27.467700000000015,-32.332999999999906,-9.999999996779252e-05,-2.5579538487363607e-13,42.189500000000166,-4.732400160000008,-59.80069999999952,37.45709984000024,-22.343600159999056
873,-3.552713678800501e-15,-1.3500311979441904e-13,8.348877145181177e-14,0.0,0.0,0.0,-23.419299999999993,-31.148099999999538,1.7763568394002505e-15,1.9895196601282805e-13,35.34300000000002,-4.260303360000005,-54.5673999999982,31.08269663999996,-23.484703359998235
874,-2.3092638912203256e-14,-9.592326932761353e-14,-1.3500311979441904e-13,0.0,0.0,0.0,-31.50519999999991,-30.064400000000262,-9.99999999642398e-05,-0.00010000000060017555,36.312699999999985,-4.618981440000001,-61.56980000000026,31.693718559999922,-29.876081439999652
875,3.552713678800501e-15,3.552713678800501e-14,-6.750155989720952e-14,0.0,0.0,0.0,-31.492799999999963,-27.971600000000322,-1.0658141036401503e-14,-7.105427357601002e-13,37.592000000000155,-4.900165920000008,-59.46440000000145,32.69183408000007,-26.772565920001384
876,-9.99999999766743e-05,-9.592326932761353e-14,0.00010000000012766463,0.0,0.0,0.0,-27.208400000000015,-25.14409999999983,-7.105427357601002e-15,2.5579538487363607e-13,31.10250000000016,-4.440112560000003,-52.35249999999857,26.66238744000029,-25.69011255999804
877,-4.529709940470639e-14,1.1013412404281553e-13,-0.00010000000003351772,0.0,0.0,0.0,-17.297699999999992,-36.719300000001404,8.881784197001252e-15,-5.968558980384842e-13,40.896699999999925,-4.548348000000001,-54.01710000000206,36.34835200000005,-17.668748000001784
878,9.999999997045705e-05,-1.2079226507921703e-13,-9.999999998200337e-05,0.0,0.0,0.0,-25.90550000000003,-29.124599999999077,7.105427357601002e-15,-2.8421709430404007e-13,35.39380000000001,-4.1861916,-55.030100000000374,31.207608400000044,-23.822491600000106
879,7.549516567451064e-15,9.592326932761353e-14,-9.769962616701378e-14,0.0,0.0,0.0,-25.440599999999986,-27.134100000000018,7.105427357601002e-15,-9.999999934962034e-05,33.38189999999992,-4.438154160000001,-52.57479999999853,28.943745839999917,-23.631054159998854
880,3.197442310920451e-14,2.1316282072803006e-14,-8.881784197001252e-15,0.0,0.0,0.0,-28.257500000000007,-27.478299999999578,1.4210854715202004e-14,-6.252776074688882e-13,36.18560000000001,-4.6104177600000025,-55.73580000000004,31.575182239999968,-24.160617760000292
881,-1.4210854715202004e-14,9.99999998860801e-05,-7.283063041541027e-14,0.0,0.0,0.0,-24.333699999999943,-32.937199999999706,1.4210854715202004e-14,5.400124791776761e-13,36.01179999999988,-4.242131280000001,-57.27079999999884,31.76966871999992,-25.501131279998916
882,2.7533531010703882e-14,1.4566126083082054e-13,9.947598300641403e-14,0.0,0.0,0.0,-25.552400000000066,-23.999500000000985,1.9539925233402755e-14,5.684341886080802e-14,36.735800000000026,-4.229731440000001,-49.551900000001,32.50606855999989,-17.045831440001336
883,-2.7533531010703882e-14,-9.999999993937081e-05,9.769962616701378e-14,0.0,0.0,0.0,-24.552799999999998,-26.863500000000343,1.0658141036401503e-14,-0.00010000000020227162,31.854599999999866,-4.286748959999995,-51.4165000000004,27.56785103999978,-23.84864896000039
884,3.552713678800501e-15,3.552713678800501e-14,-1.5987211554602254e-14,0.0,0.0,0.0,-23.03680000000005,-28.554999999999076,2.4868995751603507e-14,3.126388037344441e-13,37.025600000000104,-4.437890639999992,-51.59179999999836,32.587709360000225,-19.004090639998125
885,2.5757174171303632e-14,5.684341886080802e-14,-9.999999998555609e-05,0.0,0.0,0.0,-21.391700000000075,-33.74019999999922,-3.552713678800501e-14,-9.999999994647624e-05,35.104000000000006,-4.010085359999996,-55.132100000000435,31.093914640000158,-24.038185360000725
886,3.730349362740526e-14,2.1316282072803006e-14,8.171241461241152e-14,0.0,0.0,0.0,-25.41619999999992,-31.364999999999505,-1.2434497875801753e-14,2.2737367544323206e-13,39.63000000000008,-4.4639834400000025,-56.78119999999839,35.16601656000009,-21.615183439998304
887,0.0,-1.3145040611561853e-13,-0.0001000000001578627,0.0,0.0,0.0,-31.63670000000005,-25.242299999999723,1.2434497875801753e-14,-6.252776074688882e-13,31.231400000000022,-4.62902904,-56.879100000001586,26.60237095999988,-30.27672904000103
888,3.6415315207705135e-14,-3.552713678800501e-15,7.105427357601002e-15,0.0,0.0,0.0,-28.370900000000102,-26.11749999999892,-2.1316282072803006e-14,4.831690603168681e-13,37.98440000000002,-4.836867119999999,-54.488399999999615,33.147532880000135,-21.3408671199997
889,4.440892098500626e-14,-4.973799150320701e-14,-1.0835776720341528e-13,0.0,0.0,0.0,-24.689200000000053,-30.29939999999968,2.1316282072803006e-14,9.999999971910256e-05,36.97089999999985,-4.330884960000009,-54.9885000000009,32.64001503999991,-22.348484960001443
890,2.1316282072803006e-14,-1.0658141036401503e-14,-1.5987211554602254e-13,0.0,0.0,0.0,-29.469300000000025,-28.37539999999916,-9.999999999266151e-05,-0.00010000000082754923,33.91850000000005,-4.278561120000003,-57.844899999999924,29.63993887999991,-28.204961120000235
891,1.7763568394002505e-14,9.999999997489795e-05,-2.4868995751603507e-14,0.0,0.0,0.0,-24.83690000000009,-17.82290000000056,5.1514348342607263e-14,-9.99999998327894e-05,30.001599999999893,-4.341966479999995,-42.659800000000686,25.65963351999988,-17.000166480001027
892,-1.0658141036401503e-14,-0.00010000000012411192,-9.999999981324947e-05,0.0,0.0,0.0,-29.94830000000003,-17.26530000000004,-4.263256414560601e-14,-9.999999957699401e-05,28.73320000000014,-4.421697839999994,-47.21390000000004,24.311502160000074,-22.90239784000019
893,-2.042810365310288e-14,9.999999987542196e-05,-0.00010000000014009913,0.0,0.0,0.0,-24.577399999999965,-32.14910000000012,-7.105427357601002e-15,4.263256414560601e-13,42.22629999999998,-4.504967280000002,-56.726500000000215,37.72133271999988,-19.005167280000094
894,9.999999999443787e-05,-2.4868995751603507e-14,-2.1316282072803006e-14,0.0,0.0,0.0,-30.310699999999947,-22.600200000000903,-9.99999999642398e-05,-5.684341886080801e-13,30.404700000000055,-4.392162000000005,-52.910900000002684,26.01253799999997,-26.898362000002933
895,-1.3322676295501878e-14,-3.907985046680551e-14,5.5067062021407764e-14,0.0,0.0,0.0,-26.271699999999978,-23.38039999999991,-0.0001000000000423995,-4.263256414560601e-13,27.114899999999846,-4.361200559999995,-49.652200000000406,22.753699439999906,-26.898500560000727
896,2.1316282072803006e-14,-2.4868995751603507e-14,-1.0480505352461478e-13,0.0,0.0,0.0,-21.97909999999994,-32.99860000000073,-8.881784197001252e-15,-3.126388037344441e-13,38.07040000000004,-4.4064525600000035,-54.97770000000149,33.663947440000115,-21.313752560001817
897,-3.552713678800501e-15,0.0,9.999999998733244e-05,0.0,0.0,0.0,-29.820200000000042,-27.636500000001675,-1.7763568394002505e-14,9.999999980436769e-05,38.520700000000076,-4.385698560000003,-57.45650000000228,34.13500143999997,-23.321498560002084
898,-7.105427357601002e-15,8.526512829121202e-14,-4.440892098500626e-14,0.0,0.0,0.0,-24.300999999999945,-24.14739999999903,7.105427357601002e-15,-7.389644451905042e-13,32.69240000000015,-4.086008640000005,-48.44839999999968,28.606391360000202,-19.842008639999705
899,-1.5987211554602254e-14,9.592326932761353e-14,-1.0125233984581428e-13,0.0,0.0,0.0,-22.922899999999984,-27.521999999999984,1.4210854715202004e-14,-4.263256414560601e-13,34.959500000000105,-4.343081039999996,-50.44490000000006,30.61641896000019,-19.828481040000327
900,-9.999999995535802e-05,1.7763568394002505e-14,0.00010000000003529408,0.0,0.0,0.0,-32.075799999999994,-19.55820000000044,-9.999999997312159e-05,8.526512829121202e-13,29.842499999999927,-4.731867359999994,-51.63409999999871,25.11063264,-26.523467359998705
901,-3.552713678800501e-15,9.99999999358181e-05,-3.019806626980426e-14,0.0,0.0,0.0,-26.15249999999996,-36.744700000000215,9.999999999443787e-05,-5.684341886080802e-14,39.09880000000011,-4.418506799999998,-62.897000000000574,34.68029320000008,-28.216706800000267
902,-2.353672812205332e-14,0.00010000000010990107,9.999999984344754e-05,0.0,0.0,0.0,-30.495899999999924,-17.511000000000045,1.9539925233402755e-14,-1.9895196601282805e-13,27.284100000000116,-4.471603920000005,-48.00670000000102,22.81249608000001,-25.19420392000056
903,4.440892098500626e-15,0.00010000000004595222,-9.999999988252739e-05,0.0,0.0,0.0,-29.959699999999955,-19.761099999999892,-1.7763568394002505e-14,9.999999994647624e-05,28.712900000000012,-4.571899199999997,-49.72069999999964,24.141000800000114,-25.57969919999931
904,9.769962616701378e-15,-0.00010000000002463594,7.283063041541027e-14,0.0,0.0,0.0,-25.905600000000074,-26.330600000000516,0.00010000000001575415,-3.410605131648481e-13,32.38429999999987,-4.435863119999992,-52.23620000000109,27.948436879999967,-24.287763120001358
905,2.220446049250313e-14,-0.00010000000009924292,1.2079226507921703e-13,0.0,0.0,0.0,-26.39790000000003,-25.306600000001147,5.329070518200751e-15,1.9895196601282805e-13,33.06400000000005,-4.553137440000002,-51.70460000000048,28.51086255999997,-23.193737440000277
906,-9.999999999976694e-05,-0.00010000000000331966,0.00010000000009924292,0.0,0.0,0.0,-29.286199999999962,-18.2552000000001,0.0,8.242295734817162e-13,29.509599999999942,-4.357027440000003,-47.541499999999544,25.152572560000074,-22.388927439999932
907,1.4210854715202004e-14,3.552713678800501e-14,-0.00010000000017740263,0.0,0.0,0.0,-26.50560000000009,-31.35180000000095,0.00010000000002108322,-1.9895196601282805e-13,41.43750000000008,-4.289470559999996,-57.857400000000894,37.148029439999966,-20.70937056000092
908,-2.7533531010703882e-14,-1.9895196601282805e-13,-9.592326932761353e-14,0.0,0.0,0.0,-23.702600000000025,-24.04810000000063,2.3092638912203256e-14,0.00010000000000331966,36.93069999999997,-4.253467679999997,-47.750600000001526,32.677232320000044,-15.073367680001255
909,9.999999999266151e-05,1.2434497875801753e-13,-1.9539925233402755e-14,0.0,0.0,0.0,-29.941200000000002,-19.876499999999297,-2.1316282072803006e-14,2.5579538487363607e-13,28.133799999999862,-4.473352079999996,-49.81759999999858,23.660447919999974,-26.157152079998824
910,3.197442310920451e-14,-6.750155989720952e-14,-4.440892098500626e-14,0.0,0.0,0.0,-22.09980000000002,-31.037700000001394,-4.085620730620576e-14,-5.968558980384842e-13,41.34950000000005,-4.475100239999991,-53.13750000000225,36.874399759999996,-16.263100240002487
911,3.375077994860476e-14,-0.00010000000001042508,0.00010000000010101928,0.0,0.0,0.0,-22.2194999999999,-23.953800000000626,-9.999999994647624e-05,-5.400124791776761e-13,30.268900000000066,-4.253200559999996,-46.173400000001564,26.015699440000127,-20.15770056000143
912,-1.509903313490213e-14,-8.526512829121202e-14,-1.5276668818842154e-13,0.0,0.0,0.0,-26.873099999999944,-13.272599999999294,-2.6645352591003757e-14,8.526512829121202e-14,23.883799999999876,-3.865340160000008,-40.1456999999987,20.01845983999997,-20.127240159999403
913,2.1316282072803006e-14,-7.815970093361102e-14,1.0658141036401503e-14,0.0,0.0,0.0,-29.63719999999994,-19.97279999999963,3.019806626980426e-14,-4.831690603168681e-13,25.688700000000175,-4.236335280000002,-49.609999999999786,21.452364720000244,-28.15763527999931
914,-3.552713678800501e-15,0.00010000000003884679,-8.171241461241152e-14,0.0,0.0,0.0,-26.304999999999982,-25.537199999999395,-9.99999999766743e-05,0.0001000000001170065,37.00079999999993,-3.9283444800000065,-51.842099999998766,33.07245551999989,-18.769644479998874
915,-8.881784197001252e-16,0.00010000000003174137,1.2434497875801753e-14,0.0,0.0,0.0,-27.522699999999954,-20.6337999999989,-3.197442310920451e-14,1.4210854715202004e-13,31.554000000000006,-4.248315359999995,-48.15639999999841,27.305684640000045,-20.850715359998148
916,9.999999999621423e-05,1.2079226507921703e-13,0.00010000000006371579,0.0,0.0,0.0,-23.781799999999933,-28.058899999999497,1.5987211554602254e-14,6.536993168992922e-13,32.288700000000006,-3.856278960000005,-51.84049999999887,28.43242103999992,-23.408078959999187
917,4.707345624410664e-14,-1.2789769243681803e-13,1.7053025658242404e-13,0.0,0.0,0.0,-23.557799999999997,-21.943099999999625,-1.5987211554602254e-14,2.8421709430404007e-13,29.998599999999982,-3.971637359999999,-45.50089999999865,26.026962640000118,-19.473937359998985
918,9.999999995269349e-05,-1.3145040611561853e-13,-1.4210854715202004e-13,0.0,0.0,0.0,-33.063899999999975,-24.164000000000392,-7.105427357601002e-15,-3.410605131648481e-13,34.740399999999894,-4.564400399999995,-57.227800000001196,30.175999599999827,-27.051800400001596
919,-7.105427357601002e-15,-9.999999991805453e-05,4.618527782440651e-14,0.0,0.0,0.0,-26.29419999999997,-32.45069999999892,0.0001000000000015433,-9.999999997489795e-05,37.395599999999845,-4.607372879999994,-58.74499999999959,32.78822711999988,-25.956772880000173
920,5.329070518200751e-15,-9.99999999358181e-05,2.4868995751603507e-14,0.0,0.0,0.0,-23.833799999999997,-35.16289999999878,-9.99999999891088e-05,-7.673861546209082e-13,43.875999999999976,-4.315578480000001,-58.99689999999897,39.56042152000012,-19.43647847999931
921,3.108624468950438e-14,6.039613253960852e-14,9.99999999358181e-05,0.0,0.0,0.0,-24.74009999999999,-23.33880000000044,1.0658141036401503e-14,3.694822225952521e-13,36.00619999999999,-4.175895600000007,-48.078800000000356,31.830304400000095,-16.24849560000048
922,-4.440892098500626e-15,9.99999999891088e-05,5.329070518200751e-15,0.0,0.0,0.0,-28.93599999999998,-24.904299999999473,-9.999999999976694e-05,8.242295734817162e-13,27.83890000000011,-4.6596398399999925,-53.84029999999893,23.179260160000123,-30.661039839998352
923,0.00010000000002108322,-1.3500311979441904e-13,1.4210854715202004e-14,0.0,0.0,0.0,-28.76140000000006,-28.975900000000934,0.00010000000001930687,3.410605131648481e-13,36.66830000000009,-4.8262680000000024,-57.73710000000135,31.842032000000074,-25.895068000001046
924,0.0,-0.00010000000006016307,-3.552713678800501e-15,0.0,0.0,0.0,-31.19159999999997,-20.84279999999937,0.00010000000001042508,4.831690603168681e-13,31.708900000000153,-4.634336880000008,-52.03440000000023,27.074563120000022,-24.95983688000021
925,-3.1086244689504383e-15,9.999999998200337e-05,2.3092638912203256e-14,0.0,0.0,0.0,-33.76769999999998,-23.401100000001243,1.7763568394002505e-15,2.842170943040401e-14,34.19919999999992,-4.956173999999995,-57.16870000000114,29.243025999999865,-27.925674000000598
926,3.552713678800501e-15,7.815970093361102e-14,1.829647544582258e-13,0.0,0.0,0.0,-32.249000000000024,-22.810099999999437,1.0658141036401503e-14,-0.00010000000028753675,32.028699999999986,-4.74850224,-55.059199999999294,27.280197759999925,-27.77900223999937
927,-2.6645352591003757e-15,-1.0658141036401503e-13,8.704148513061227e-14,0.0,0.0,0.0,-29.33940000000004,-33.53060000000052,-3.197442310920451e-14,0.00010000000040122359,40.679199999999994,-4.795924319999991,-62.86989999999986,35.883275679999855,-26.986624319999777
928,-3.2862601528904634e-14,-6.750155989720952e-14,-1.0658141036401503e-14,0.0,0.0,0.0,-28.202299999999994,-33.03310000000092,3.019806626980426e-14,-7.673861546209082e-13,33.304000000000116,-4.803426000000002,-61.235400000000794,28.500574000000046,-32.73482600000028
929,-1.9539925233402755e-14,-1.1368683772161603e-13,-0.00010000000019694255,0.0,0.0,0.0,-26.755099999999985,-25.587699999999096,3.552713678800501e-15,4.547473508864641e-13,29.382700000000053,-4.50865872,-52.34289999999908,24.874041279999997,-27.468858719999076
930,-2.6645352591003757e-14,1.4566126083082054e-13,-4.440892098500626e-14,0.0,0.0,0.0,-28.42910000000006,-23.946399999999812,-2.842170943040401e-14,1.7053025658242404e-13,33.672800000000095,-4.916346480000001,-52.375499999999704,28.75645352000008,-23.619046479999398
931,-4.884981308350689e-15,9.999999987542196e-05,9.999999993048903e-05,0.0,0.0,0.0,-33.36550000000007,-22.223400000000254,-1.9539925233402755e-14,9.99999995201506e-05,33.098300000000116,-4.8261564,-55.58859999999983,28.27214359999993,-27.31645640000012
932,-0.00010000000000331966,-6.750155989720952e-14,-1.1368683772161603e-13,0.0,0.0,0.0,-30.53689999999999,-28.59520000000004,-1.2434497875801753e-14,-4.263256414560601e-13,38.628599999999956,-4.821277679999999,-59.13220000000048,33.80732231999987,-25.324877680000384
933,-0.00010000000000731646,9.947598300641403e-14,2.842170943040401e-14,0.0,0.0,0.0,-27.96250000000001,-39.82110000000042,-1.0658141036401503e-14,6.821210263296962e-13,41.03280000000002,-4.493411279999997,-67.78369999999843,36.53938872000002,-31.24431127999864
934,-9.999999999621423e-05,-3.552713678800501e-14,1.5631940186722204e-13,0.0,0.0,0.0,-26.842499999999962,-32.46580000000006,-8.881784197001252e-15,5.115907697472721e-13,35.64450000000018,-4.661204400000003,-59.30839999999894,30.983295600000318,-28.325104399999304
935,-1.4210854715202004e-14,-2.842170943040401e-14,7.904787935331115e-14,0.0,0.0,0.0,-21.592699999999937,-30.83470000000031,-9.999999998733244e-05,4.547473508864641e-13,34.91310000000003,-4.189364640000001,-52.427499999999625,30.72373536000016,-21.703764639999463
936,-2.042810365310288e-14,-9.947598300641403e-14,-3.197442310920451e-14,0.0,0.0,0.0,-29.380600000000005,-21.349499999998798,-0.00010000000004595222,7.105427357601002e-13,28.145199999999964,-4.681509839999997,-50.73019999999859,23.463690160000017,-27.266509839998804
937,1.3322676295501878e-14,1.7763568394002505e-14,1.7763568394002505e-14,0.0,0.0,0.0,-24.48759999999995,-37.87140000000138,3.552713678800501e-15,3.694822225952521e-13,42.97219999999997,-4.566618000000004,-62.35900000000143,38.405581999999924,-23.953418000001278
938,0.0,1.0302869668521453e-13,-0.00010000000007615029,0.0,0.0,0.0,-21.403600000000054,-33.73709999999858,1.2434497875801753e-14,9.999999946330718e-05,38.12149999999996,-4.136248800000004,-55.14069999999987,33.98525120000009,-21.15544879999976
939,-1.9539925233402755e-14,9.592326932761353e-14,-1.1191048088221578e-13,0.0,0.0,0.0,-26.931699999999957,-21.193500000001208,-2.4868995751603507e-14,0.00010000000017384991,32.609499999999954,-4.4111095200000054,-48.12510000000111,28.198390479999965,-19.9267095200007
940,-1.865174681370263e-14,1.4566126083082054e-13,-1.4210854715202004e-13,0.0,0.0,0.0,-29.437400000000064,-20.52150000000117,-4.440892098500626e-14,4.831690603168681e-13,27.521099999999926,-4.667175359999998,-49.95890000000291,22.853924639999892,-27.10497536000325
941,-1.9539925233402755e-14,-6.039613253960852e-14,-4.796163466380676e-14,0.0,0.0,0.0,-22.19290000000005,-31.898100000000667,3.375077994860476e-14,7.958078640513122e-13,39.65439999999994,-4.391141040000003,-54.091000000000136,35.2632589599999,-18.82774103999978
942,-8.881784197001252e-15,-7.815970093361102e-14,0.00010000000003707044,0.0,0.0,0.0,-26.35600000000002,-20.630999999998714,3.552713678800501e-15,3.410605131648481e-13,28.11959999999984,-4.787026560000003,-46.98689999999833,23.332573439999862,-23.654326559998466
943,5.329070518200751e-15,-4.618527782440651e-14,0.00010000000009924292,0.0,0.0,0.0,-25.360100000000006,-28.86320000000019,1.9539925233402755e-14,3.126388037344441e-13,31.206800000000054,-4.6519920000000035,-54.22319999999975,26.554807999999937,-27.668391999999358
944,1.3322676295501878e-14,5.3290705182007514e-14,-6.750155989720952e-14,0.0,0.0,0.0,-26.1735,-37.74289999999901,1.4210854715202004e-14,1.4210854715202004e-13,38.61970000000019,-5.0096059199999985,-63.91639999999869,33.61009408000018,-30.306305919998508
945,1.9539925233402755e-14,-3.552713678800501e-15,9.999999995002895e-05,0.0,0.0,0.0,-28.695800000000013,-30.150299999999888,-1.7763568394002505e-14,1.9895196601282805e-13,35.63539999999989,-4.479336000000001,-58.84600000000016,31.15606399999978,-27.689936000000372
946,1.0658141036401503e-14,-7.460698725481052e-14,9.999999991272546e-05,0.0,0.0,0.0,-26.900800000000007,-18.02119999999973,-4.440892098500626e-14,-9.999999994647624e-05,26.43160000000003,-4.433179680000004,-44.92200000000034,21.99842032000008,-22.92357968000003
947,-9.999999996779252e-05,-1.3145040611561853e-13,-1.0125233984581428e-13,0.0,0.0,0.0,-27.88089999999999,-28.523100000000845,0.00010000000002463594,-2.842170943040401e-14,37.14309999999995,-4.7404015200000025,-56.40400000000122,32.40269847999983,-24.001301520000936
948,-0.00010000000002463594,-1.2434497875801753e-13,-4.263256414560601e-14,0.0,0.0,0.0,-25.579499999999978,-26.67410000000023,-5.329070518200751e-15,0.00010000000000331966,37.084199999999946,-4.48578576000001,-52.25359999999982,32.598414240000025,-19.65518575999981
949,-1.7763568394002505e-15,9.999999994647624e-05,0.00010000000002818865,0.0,0.0,0.0,-28.06140000000002,-17.50230000000063,3.552713678800501e-15,-5.968558980384842e-13,26.0222,-4.54195872,-45.563500000001156,21.480241279999888,-24.083258720001496
950,0.00010000000004950493,-9.592326932761353e-14,1.1546319456101628e-13,0.0,0.0,0.0,-29.34559999999992,-28.20000000000045,3.552713678800501e-15,1.1368683772161603e-13,38.04039999999982,-4.959517680000007,-57.545500000000246,33.08088231999989,-24.46461768000036
951,-0.00010000000002907683,2.842170943040401e-14,-0.00010000000014720456,0.0,0.0,0.0,-27.812199999999933,-21.939300000000408,-2.1316282072803006e-14,5.968558980384842e-13,31.786300000000022,-4.766225039999997,-49.75170000000014,27.02007496000013,-22.73162504000024
952,3.2862601528904634e-14,8.881784197001252e-14,-3.552713678800501e-14,0.0,0.0,0.0,-26.65049999999998,-30.857699999998538,3.907985046680551e-14,1.9895196601282805e-13,32.190099999999916,-4.683198959999995,-57.508199999998126,27.506901040000045,-30.00129895999808
953,7.105427357601002e-15,8.526512829121202e-14,-1.829647544582258e-13,0.0,0.0,0.0,-23.637899999999938,-24.458999999999918,3.019806626980426e-14,-4.263256414560601e-13,32.3459999999998,-4.540520880000007,-48.09689999999955,27.8054791199997,-20.29142087999962
954,-1.9984014443252818e-14,-1.2789769243681803e-13,1.7763568394002505e-14,0.0,0.0,0.0,-27.351800000000065,-40.141100000000236,-0.00010000000001930687,-0.00010000000071386239,44.97980000000004,-4.699854720000001,-67.4931000000012,40.27994528000019,-27.213154720001242
955,4.263256414560601e-14,7.105427357601002e-14,0.0,0.0,0.0,0.0,-32.649399999999986,-26.508300000000013,-7.105427357601002e-15,9.999999974752427e-05,32.00249999999997,-4.817414880000003,-59.157599999999576,27.185085120000082,-31.972514879999494
956,3.907985046680551e-14,-3.552713678800501e-14,-2.0250467969162855e-13,0.0,0.0,0.0,-33.775,-22.830899999999794,-1.7763568394002505e-14,0.00010000000000331966,31.940000000000104,-4.9935470399999975,-56.605799999999775,26.94645296000005,-29.659347039999275
957,-2.3092638912203256e-14,-9.999999994292352e-05,1.2789769243681803e-13,0.0,0.0,0.0,-24.680999999999994,-43.106600000000064,2.3092638912203256e-14,-1.4210854715202004e-13,41.902600000000106,-4.684564080000001,-67.78769999999973,37.21803592000025,-30.569664079999484
958,4.263256414560601e-14,6.039613253960852e-14,-1.2434497875801753e-14,0.0,0.0,0.0,-31.00390000000005,-16.040400000000282,0.00010000000000864873,0.00010000000006016307,26.45600000000001,-4.736512799999995,-47.04409999999939,21.719487199999993,-25.324612799999173
959,6.217248937900877e-15,8.881784197001252e-14,-6.394884621840902e-14,0.0,0.0,0.0,-24.330499999999926,-36.550399999999954,-0.00010000000001930687,0.00010000000006016307,42.138099999999895,-4.385448719999998,-60.88090000000027,37.75265127999988,-23.128248720000613
960,5.062616992290714e-14,1.8474111129762605e-13,1.1901590823981678e-13,0.0,0.0,0.0,-31.5852,-18.919900000000318,5.329070518200751e-15,0.0001000000001454282,32.33599999999995,-4.829567759999997,-50.50500000000079,27.506432240000066,-22.998567760000952
961,0.00010000000003529408,-2.1316282072803006e-14,-7.815970093361102e-14,0.0,0.0,0.0,-29.2655,-22.49489999999947,-2.4868995751603507e-14,1.7053025658242404e-13,30.117799999999892,-4.429298879999996,-51.7603000000002,25.688501119999792,-26.071798880000188
962,-2.1316282072803006e-14,-8.881784197001252e-14,0.000100000000079703,0.0,0.0,0.0,-23.174500000000084,-21.36010000000094,-7.105427357601002e-15,1.9895196601282805e-13,31.323600000000216,-4.1107348800000025,-44.534500000001316,27.212865120000114,-17.321634880001426
963,4.085620730620576e-14,-7.460698725481052e-14,8.704148513061227e-14,0.0,0.0,0.0,-23.21039999999995,-21.532300000000014,-3.197442310920451e-14,5.684341886080802e-14,32.86099999999994,-4.276378080000001,-44.742700000000625,28.584621919999933,-16.158078080000905
964,0.0,-0.00010000000005661036,-9.999999999088516e-05,0.0,0.0,0.0,-20.180500000000045,-17.78669999999957,-9.999999995891073e-05,0.00010000000003174137,22.44670000000006,-3.320866800000001,-37.967399999999415,19.125833200000145,-18.841566799999725
965,-8.881784197001252e-16,-2.4868995751603507e-14,-1.5987211554602254e-14,0.0,0.0,0.0,-29.747999999999973,-37.12559999999961,-1.7763568394002505e-14,1.7053025658242404e-13,41.45610000000007,-4.891802399999997,-66.87359999999981,36.56429760000013,-30.309302400000135
966,1.7763568394002505e-15,0.00010000000001753051,9.999999997845066e-05,0.0,0.0,0.0,-33.67789999999993,-10.842399999999515,3.019806626980426e-14,9.999999946330718e-05,24.871100000000027,-4.748850000000001,-44.51999999999927,20.12225000000006,-24.397749999999206
967,0.00010000000004506404,-6.750155989720952e-14,7.460698725481052e-14,0.0,0.0,0.0,-26.831099999999974,-29.463000000000896,-5.329070518200751e-15,0.0,34.772799999999854,-4.880425679999999,-56.29399999999987,29.892374319999863,-26.401625679999782
968,-3.907985046680551e-14,-2.1316282072803006e-14,-0.00010000000016319177,0.0,0.0,0.0,-33.40529999999994,-9.297399999999861,1.2434497875801753e-14,2.842170943040401e-14,21.914399999999997,-4.6778616000000035,-42.70280000000004,17.23653840000005,-25.466261599999754
969,-3.019806626980426e-14,-7.105427357601002e-15,-9.999999990739639e-05,0.0,0.0,0.0,-28.95010000000006,-21.901900000000104,-1.7763568394002505e-15,1.9895196601282805e-13,30.960499999999946,-4.3980436800000025,-50.85210000000076,26.562456320000063,-24.289643680001618
970,0.0001000000000139778,1.2434497875801753e-13,-7.105427357601002e-15,0.0,0.0,0.0,-23.200199999999953,-29.687099999999816,9.999999999088516e-05,1.4210854715202004e-13,37.51110000000004,-4.2908111999999985,-52.887100000000245,33.22028880000001,-19.66681120000024
971,3.552713678800501e-14,9.99999999891088e-05,9.999999997489795e-05,0.0,0.0,0.0,-29.350399999999908,-30.373100000000598,3.552713678800501e-14,-2.8421709430404007e-13,37.25659999999994,-4.678912080000002,-59.72330000000076,32.57768791999987,-27.1456120800009
972,5.329070518200751e-15,0.0,-3.552713678800501e-15,0.0,0.0,0.0,-29.25059999999997,-32.120399999999556,5.329070518200751e-15,-2.5579538487363607e-13,38.369799999999984,-4.823141760000004,-61.37100000000029,33.54665823999997,-27.824341760000095
973,-2.930988785010413e-14,-1.6342482922482304e-13,-3.552713678800501e-14,0.0,0.0,0.0,-26.636899999999997,-32.34009999999883,0.00010000000000509601,-1.4210854715202004e-13,41.233399999999946,-4.669249679999998,-58.97689999999925,36.564150320000124,-22.412749680000033
974,-1.4210854715202004e-14,-1.0658141036401503e-13,-9.237055564881302e-14,0.0,0.0,0.0,-33.0794,-28.279200000000948,-1.7763568394002505e-14,5.684341886080801e-13,33.266099999999994,-4.808534399999991,-61.35860000000055,28.457565600000038,-32.90103440000097
975,3.019806626980426e-14,-3.552713678800501e-14,5.1514348342607263e-14,0.0,0.0,0.0,-29.039199999999962,-27.193999999999733,-4.085620730620576e-14,-6.536993168992922e-13,32.321899999999914,-4.77369936,-56.23320000000113,27.548200639999884,-28.684999360001243
976,-1.9539925233402755e-14,9.999999997134523e-05,1.794120407794253e-13,0.0,0.0,0.0,-26.250599999999945,-38.32049999999952,4.440892098500626e-14,-2.8421709430404007e-13,39.55040000000021,-4.927849200000002,-64.57099999999919,34.62255080000041,-29.948449199999004
977,-1.2434497875801753e-14,6.750155989720952e-14,1.9184653865522705e-13,0.0,0.0,0.0,-28.15749999999992,-24.759500000000273,-2.6645352591003757e-14,0.00010000000034438017,32.723599999999955,-4.746672719999999,-52.916900000000766,27.976927279999884,-24.93997272000044
978,5.329070518200751e-15,0.00010000000008147936,-1.580957587066223e-13,0.0,0.0,0.0,-29.004600000000007,-32.87029999999959,-8.881784197001252e-15,5.115907697472721e-13,37.279000000000025,-4.85538912,-61.87479999999917,32.42361088000016,-29.451189119999242
979,0.00010000000003262954,-3.552713678800501e-15,1.438849039914203e-13,0.0,0.0,0.0,-29.796699999999984,-26.579500000001346,-1.0658141036401503e-14,0.00010000000028753675,34.70529999999994,-4.733620560000002,-56.376000000001454,29.971679440000038,-26.404320560001423
980,-0.00010000000003262954,-1.1013412404281553e-13,3.375077994860476e-14,0.0,0.0,0.0,-29.894799999999925,-31.052900000000072,-9.999999996601616e-05,-1.9895196601282805e-13,35.43570000000004,-4.5242697599999975,-60.94790000000073,30.91143023999996,-30.036469760000543
981,-1.3322676295501878e-14,-1.8474111129762605e-13,9.999999999266151e-05,0.0,0.0,0.0,-27.74330000000011,-26.158799999999914,-9.999999995713438e-05,-5.684341886080801e-13,34.20790000000008,-4.234716719999996,-53.902100000000374,29.97318327999998,-23.928916720000174
982,3.552713678800501e-15,-8.526512829121202e-14,9.999999987186925e-05,0.0,0.0,0.0,-29.802300000000045,-24.71399999999921,-1.4210854715202004e-14,3.410605131648481e-13,35.729499999999916,-4.6480636800000035,-54.5161999999989,31.081436319999888,-23.434763679998554
983,-2.4868995751603507e-14,6.394884621840902e-14,-9.999999986121111e-05,0.0,0.0,0.0,-33.87429999999996,-32.402900000000784,-5.329070518200751e-15,4.263256414560601e-13,37.40140000000008,-4.963503599999991,-66.27730000000014,32.437896399999886,-33.83940360000025
984,4.796163466380676e-14,-1.5631940186722204e-13,0.00010000000011878285,0.0,0.0,0.0,-23.48330000000001,-28.064999999999856,3.019806626980426e-14,1.4210854715202004e-13,35.55249999999995,-4.604664960000003,-51.54819999999907,30.94783504000015,-20.600364959999382
985,3.019806626980426e-14,-8.881784197001252e-14,-9.999999989673825e-05,0.0,0.0,0.0,-29.495999999999988,-29.171600000000616,-1.5987211554602254e-14,0.00010000000003174137,37.518300000000124,-4.44167856,-58.667600000001514,33.07662144000015,-25.590978560001133
986,4.440892098500626e-14,-1.7763568394002505e-14,-1.4921397450962104e-13,0.0,0.0,0.0,-29.39249999999999,-18.940800000001566,3.552713678800501e-15,1.7053025658242404e-13,30.349999999999937,-4.737313439999999,-48.33330000000112,25.612686559999773,-22.72061344000089
987,-1.1546319456101628e-14,-1.7763568394002505e-14,-9.059419880941277e-14,0.0,0.0,0.0,-25.87519999999995,-37.74710000000075,7.105427357601002e-15,-2.2737367544323206e-13,37.9087999999999,-4.8266150399999965,-63.62230000000184,33.08218495999977,-30.54011504000185
988,9.999999997845066e-05,0.0001000000000672685,4.263256414560601e-14,0.0,0.0,0.0,-31.112699999999972,-17.95210000000145,-2.4868995751603507e-14,-2.842170943040401e-14,27.094500000000146,-4.6415879999999925,-49.06460000000179,22.452912000000083,-26.611688000001493
989,-9.99999999642398e-05,-3.552713678800501e-14,-1.1723955140041653e-13,0.0,0.0,0.0,-27.097700000000014,-16.555499999998574,-4.263256414560601e-14,-0.0001000000004296453,28.322000000000163,-4.658412960000009,-43.65339999999769,23.66358703999999,-19.989812959997707
990,-5.3290705182007514e-14,-8.881784197001252e-14,8.171241461241152e-14,0.0,0.0,0.0,-25.229899999999905,-20.029499999999388,0.00010000000001930687,1.4210854715202004e-13,26.5988000000001,-4.089149999999998,-45.259299999999584,22.50965000000005,-22.74964999999976
991,9.999999997845066e-05,1.0658141036401503e-13,-7.283063041541027e-14,0.0,0.0,0.0,-26.10130000000001,-37.043899999999894,-0.00010000000000331966,3.126388037344441e-13,39.50870000000019,-4.462104240000006,-63.145199999999406,35.046595760000166,-28.098604239999005
992,5.329070518200751e-15,2.4868995751603507e-14,-1.7408297026122455e-13,0.0,0.0,0.0,-31.66850000000004,-28.732199999999928,-4.085620730620576e-14,4.263256414560601e-13,33.853399999999795,-4.73689584,-60.40069999999871,29.11650415999995,-31.284195839998304
993,-2.4868995751603507e-14,-1.0658141036401503e-14,9.592326932761353e-14,0.0,0.0,0.0,-34.501000000000005,-25.502899999998384,-1.0658141036401503e-14,-1.9895196601282805e-13,33.43539999999987,-4.832539920000004,-60.003899999998154,28.602860079999843,-31.40103991999831
994,4.618527782440651e-14,4.973799150320701e-14,-1.0480505352461478e-13,0.0,0.0,0.0,-28.03050000000002,-33.42570000000061,2.3092638912203256e-14,-5.684341886080802e-14,36.75940000000007,-4.909362480000004,-61.45620000000022,31.850037520000072,-29.606162479999924
995,1.4210854715202004e-14,1.0658141036401503e-14,6.750155989720952e-14,0.0,0.0,0.0,-27.400100000000005,-34.24449999999977,1.9539925233402755e-14,0.0,38.92499999999992,-4.982301360000001,-61.644599999999045,33.942698639999826,-27.70190135999877
996,1.7763568394002505e-14,-2.4868995751603507e-14,-1.723066134218243e-13,0.0,0.0,0.0,-28.80830000000003,-19.240199999999803,1.4210854715202004e-14,-9.99999995201506e-05,28.611699999999995,-4.615824959999999,-48.048599999998785,23.99587504000001,-24.05272495999877
997,4.440892098500626e-14,1.1368683772161603e-13,-8.526512829121202e-14,0.0,0.0,0.0,-29.824000000000023,-20.38799999999985,-1.7763568394002505e-14,-5.684341886080802e-14,25.59029999999998,-4.466372399999998,-50.21199999999948,21.123927599999828,-29.08807239999919
998,1.7763568394002505e-14,-3.552713678800501e-14,9.947598300641403e-14,0.0,0.0,0.0,-24.53079999999995,-31.488900000001472,3.552713678800501e-14,2.842170943040401e-14,31.51379999999997,-4.574342880000004,-56.01970000000219,26.93945711999994,-29.080242880002018
999,-2.5757174171303632e-14,4.618527782440651e-14,-3.375077994860476e-14,0.0,0.0,0.0,-22.726499999999998,-20.518999999998954,0.00010000000001220144,-9.99999992359335e-05,30.61789999999994,-4.264303679999998,-43.24549999999893,26.353596319999955,-16.891903679998748
1000,-3.197442310920451e-14,-1.4210854715202004e-14,8.526512829121202e-14,0.0,0.0,0.0,-32.21379999999998,-19.22329999999974,0.0,9.999999966225914e-05,28.255799999999844,-4.858331760000002,-51.43699999999967,23.397468239999785,-28.03953175999942
1001,9.99999999766743e-05,1.4210854715202004e-14,1.2434497875801753e-14,0.0,0.0,0.0,-28.66180000000007,-27.48590000000077,-3.552713678800501e-15,2.2737367544323206e-13,37.64089999999996,-4.552829279999994,-56.14760000000146,33.08807071999997,-23.059529280001726
1002,-1.0658141036401503e-14,-0.00010000000003529408,-7.460698725481052e-14,0.0,0.0,0.0,-20.101000000000028,-34.9465999999995,0.00010000000001220144,-1.7053025658242404e-13,42.8300999999999,-4.296750479999995,-55.04759999999975,38.5333495199999,-16.514250479999617
1003,8.881784197001252e-15,-4.973799150320701e-14,9.237055564881302e-14,0.0,0.0,0.0,-26.602599999999995,-22.237099999999785,-3.907985046680551e-14,-2.2737367544323206e-13,28.258300000000073,-4.257421200000004,-48.83970000000046,24.00087880000012,-24.838821200000794
1004,9.999999998377973e-05,-1.4210854715202004e-14,1.5987211554602254e-14,0.0,0.0,0.0,-23.525200000000076,-23.913299999999566,-7.105427357601002e-15,8.526512829121202e-14,29.018899999999977,-4.255291440000006,-47.43839999999838,24.763608560000165,-22.6747914399989
1005,1.2434497875801753e-14,-1.0658141036401503e-13,-1.7408297026122455e-13,0.0,0.0,0.0,-24.196499999999947,-29.77829999999868,4.085620730620576e-14,3.979039320256561e-13,36.95770000000003,-4.524974640000002,-53.9747999999975,32.43272535999993,-21.542074639997352
1006,-9.999999999532605e-05,-3.197442310920451e-14,-4.973799150320701e-14,0.0,0.0,0.0,-28.72230000000004,-31.496600000000427,-7.105427357601002e-15,4.263256414560601e-13,36.47220000000003,-4.661067600000004,-60.21900000000113,31.811132399999856,-28.407867600000827
1007,-4.440892098500626e-15,-4.618527782440651e-14,3.375077994860476e-14,0.0,0.0,0.0,-25.301699999999975,-32.393400000000355,3.730349362740526e-14,4.263256414560601e-13,38.82690000000001,-4.489144559999998,-57.69509999999998,34.33775544000004,-23.357344559999945
1008,5.329070518200751e-15,1.0658141036401503e-14,-1.7763568394002505e-14,0.0,0.0,0.0,-27.191899999999947,-24.985000000000454,-3.907985046680551e-14,-0.00010000000020227162,29.687400000000093,-4.452988319999999,-52.176999999999964,25.234411680000136,-26.9425883199996
1009,7.993605777301127e-15,-9.99999999891088e-05,-0.00010000000002463594,0.0,0.0,0.0,-27.09160000000003,-32.40189999999998,3.552713678800501e-15,2.842170943040401e-14,37.453799999999966,-4.4602718400000025,-59.49370000000033,32.99352815999995,-26.50017184000015
1010,0.00010000000002374776,5.684341886080802e-14,1.438849039914203e-13,0.0,0.0,0.0,-31.632099999999987,-27.84239999999874,9.999999999266151e-05,-0.00010000000017384991,37.21870000000004,-4.751537760000001,-59.474399999998454,32.46716224000017,-27.007237759998276
1011,-3.552713678800501e-15,-1.7408297026122455e-13,-1.2079226507921703e-13,0.0,0.0,0.0,-24.557400000000044,-32.17499999999937,-9.999999999443787e-05,-0.0001000000001170065,31.938300000000044,-4.439418480000003,-56.73259999999891,27.49888152000019,-29.233718479998956
1012,-3.552713678800501e-15,8.171241461241152e-14,6.039613253960852e-14,0.0,0.0,0.0,-26.78860000000004,-30.741900000000136,-1.7763568394002505e-14,-2.8421709430404007e-13,38.72509999999984,-4.03986456,-57.5305000000012,34.68523543999971,-22.84526456000104
1013,7.105427357601002e-15,1.0658141036401503e-14,-9.99999998985146e-05,0.0,0.0,0.0,-21.300599999999985,-34.639400000000016,1.7763568394002505e-15,-4.547473508864641e-13,38.8854000000002,-4.563022320000004,-55.94009999999892,34.32237768000011,-21.617722319998578
1014,-1.509903313490213e-14,2.1316282072803006e-14,1.5987211554602254e-13,0.0,0.0,0.0,-30.415000000000003,-28.81650000000075,4.618527782440651e-14,-5.115907697472721e-13,39.27729999999987,-4.704600240000001,-59.23150000000179,34.57269975999986,-24.65880024000171
1015,9.999999998555609e-05,-2.842170943040401e-14,-9.325873406851315e-14,0.0,0.0,0.0,-27.246899999999922,-27.665599999998484,-8.881784197001252e-15,2.2737367544323206e-13,34.91220000000003,-4.380685200000002,-54.91239999999901,30.531514800000163,-24.380885199999298
1016,-1.865174681370263e-14,3.552713678800501e-14,-2.4868995751603507e-14,0.0,0.0,0.0,-25.035600000000024,-21.983199999999563,2.3092638912203256e-14,-3.979039320256561e-13,35.5248000000002,-4.310585999999999,-47.01879999999963,31.21421400000009,-15.804585999999077
1017,1.687538997430238e-14,-9.999999989673825e-05,2.1671553440683056e-13,0.0,0.0,0.0,-27.110600000000005,-25.89029999999994,1.0658141036401503e-14,1.9895196601282805e-13,33.77789999999982,-4.703313600000003,-53.000999999998655,29.074586399999717,-23.92641359999871
1018,-1.7763568394002505e-15,-1.4566126083082054e-13,-7.105427357601002e-15,0.0,0.0,0.0,-29.54000000000004,-34.04660000000054,-0.00010000000005128129,2.2737367544323206e-13,38.772600000000054,-4.486897439999993,-63.586700000001116,34.28570255999996,-29.300997440001154
1019,-6.217248937900877e-15,0.0001000000000672685,0.00010000000006371579,0.0,0.0,0.0,-23.524399999999964,-36.43619999999991,-2.1316282072803006e-14,-3.126388037344441e-13,39.27380000000009,-4.570819199999999,-59.96040000000059,34.70298079999998,-25.257419200000612
1020,3.907985046680551e-14,4.973799150320701e-14,1.1723955140041653e-13,0.0,0.0,0.0,-25.190599999999943,-22.68279999999917,-1.2434497875801753e-14,-5.684341886080802e-14,33.905399999999815,-4.38783336,-47.87339999999972,29.517566639999806,-18.355833359999906
1021,3.197442310920451e-14,-1.3500311979441904e-13,4.973799150320701e-14,0.0,0.0,0.0,-24.77930000000006,-25.02039999999907,4.440892098500626e-14,9.999999997489795e-05,29.939499999999914,-4.230725040000003,-49.79959999999957,25.708774960000067,-24.090825039999743
1022,1.1546319456101628e-14,9.999999998200337e-05,2.1316282072803006e-14,0.0,0.0,0.0,-26.03499999999996,-32.321800000000856,-3.730349362740526e-14,0.000100000000458067,40.08440000000017,-4.499968320000003,-58.356599999999474,35.5844316800002,-22.772168319999054
1023,-2.042810365310288e-14,1.4210854715202004e-13,-3.019806626980426e-14,0.0,0.0,0.0,-26.86160000000005,-37.018299999999755,2.3092638912203256e-14,2.2737367544323206e-13,39.33089999999997,-4.574984399999992,-63.879899999998315,34.75591559999987,-29.123984399997767
1024,1.7763568394002505e-15,-7.105427357601002e-15,-1.2079226507921703e-13,0.0,0.0,0.0,-23.063700000000015,-33.78010000000061,8.881784197001252e-15,9.999999974752427e-05,37.70750000000015,-4.280277599999997,-56.84370000000105,33.42722240000031,-23.41647760000096
1025,1.2434497875801753e-14,1.1723955140041653e-13,9.059419880941277e-14,0.0,0.0,0.0,-28.968500000000024,-31.99389999999915,4.085620730620576e-14,9.999999943488547e-05,36.05119999999984,-4.5315503999999995,-60.962299999999075,31.519649599999735,-29.44265039999911
1026,0.00010000000000065512,7.105427357601002e-15,3.552713678800501e-14,0.0,0.0,0.0,-30.29089999999998,-29.275400000000523,8.881784197001252e-15,2.2737367544323206e-13,35.16819999999992,-4.406666400000005,-59.56620000000176,30.761533599999986,-28.80466640000178
1027,-0.00010000000002285958,2.842170943040401e-14,-4.973799150320701e-14,0.0,0.0,0.0,-24.527499999999932,-42.747600000000126,-1.2434497875801753e-14,-5.684341886080801e-13,43.17239999999995,-4.632832079999999,-67.2752000000008,38.53956792000014,-28.73563208000111
1028,4.1744385725905886e-14,-0.0001000000000423995,2.1316282072803006e-14,0.0,0.0,0.0,-24.999800000000008,-30.659800000001233,4.618527782440651e-14,-2.8421709430404007e-13,38.09610000000012,-4.600050480000002,-55.65970000000105,33.49604952000013,-22.163650480000925
1029,-9.999999997134523e-05,-9.237055564881302e-14,-1.1723955140041653e-13,0.0,0.0,0.0,-26.58679999999995,-30.117299999999098,4.796163466380676e-14,-1.9895196601282805e-13,39.540200000000056,-4.678884719999999,-56.70419999999784,34.861315280000056,-21.8428847199971
1030,-9.999999997400977e-05,-8.526512829121202e-14,2.1316282072803006e-14,0.0,0.0,0.0,-28.253699999999984,-33.1827999999995,0.00010000000003174137,-5.684341886080801e-13,39.83830000000011,-4.712020560000001,-61.43650000000062,35.12627944000011,-26.310220560000275
1031,-4.796163466380676e-14,-4.263256414560601e-14,-7.105427357601002e-14,0.0,0.0,0.0,-25.467900000000004,-34.60699999999929,1.9539925233402755e-14,8.526512829121202e-14,38.09730000000003,-4.545151919999999,-60.074899999999644,33.552148079999895,-26.522751919999976
1032,9.999999998200337e-05,2.1316282072803006e-14,1.4033219031261979e-13,0.0,0.0,0.0,-26.305600000000027,-33.051500000000296,-1.0658141036401503e-14,-4.831690603168681e-13,40.54309999999994,-4.3469351999999954,-59.35700000000192,36.196164799999764,-23.1608352000017
1033,0.0,-9.999999992160724e-05,-9.999999997845066e-05,0.0,0.0,0.0,-28.60669999999996,-21.293299999999277,7.105427357601002e-15,-3.410605131648481e-13,26.95840000000007,-4.740798960000001,-49.90019999999828,22.21760104000014,-27.6825989599986
1034,0.0001000000000139778,0.0,3.375077994860476e-14,0.0,0.0,0.0,-27.652899999999942,-27.446500000000803,7.105427357601002e-15,0.00010000000037280188,34.38879999999998,-4.502204639999995,-55.099200000000536,29.8865953599999,-25.212604639999967
1035,2.1316282072803006e-14,4.618527782440651e-14,3.552713678800501e-15,0.0,0.0,0.0,-21.497900000000097,-37.81800000000066,-0.00010000000001930687,2.842170943040401e-14,43.677399999999935,-4.631883839999994,-59.31600000000135,39.04551616000013,-20.270483840001447
1036,-7.105427357601002e-15,-3.197442310920451e-14,-1.5987211554602254e-13,0.0,0.0,0.0,-30.839500000000026,-24.695700000000066,4.440892098500626e-14,-3.410605131648481e-13,32.21000000000005,-4.557219839999993,-55.535200000000074,27.65278016000004,-27.882419840000253
1037,-1.5987211554602254e-14,2.842170943040401e-14,-0.00010000000006371579,0.0,0.0,0.0,-28.61729999999999,-28.66549999999866,4.440892098500626e-14,0.00010000000023069333,35.13640000000018,-4.584674880000005,-57.28279999999951,30.551725120000157,-26.7310748799989
1038,2.6645352591003757e-14,-1.9539925233402755e-13,-0.00010000000003174137,0.0,0.0,0.0,-31.83049999999999,-16.444099999998762,2.1316282072803006e-14,-8.526512829121202e-14,25.77340000000008,-4.542628319999997,-48.27469999999778,21.230771680000082,-27.04392831999769
1039,-1.7763568394002505e-15,-6.039613253960852e-14,-9.999999991272546e-05,0.0,0.0,0.0,-27.74499999999996,-23.30280000000011,2.842170943040401e-14,2.8421709430404007e-13,31.04289999999996,-4.643626320000006,-51.04789999999916,26.399273680000096,-24.64862631999884
1040,1.1546319456101628e-14,-3.552713678800501e-15,-1.7763568394002505e-15,0.0,0.0,0.0,-28.21860000000005,-21.31999999999975,-1.0658141036401503e-14,0.00010000000057175384,29.085700000000042,-4.413719520000007,-49.53849999999913,24.671980480000062,-24.86651951999906
1041,-3.019806626980426e-14,-6.750155989720952e-14,2.1316282072803006e-14,0.0,0.0,0.0,-27.549999999999983,-37.12959999999989,7.105427357601002e-15,8.242295734817162e-13,40.60500000000003,-4.622653440000002,-64.67959999999866,35.98234655999991,-28.69725343999852
1042,5.329070518200751e-15,-5.3290705182007514e-14,-1.7763568394002505e-15,0.0,0.0,0.0,-25.74679999999995,-33.37389999999975,5.329070518200751e-15,2.842170943040401e-14,39.17879999999997,-4.642781760000003,-59.12069999999994,34.53601824000002,-24.58468176000038
1043,-3.375077994860476e-14,1.4210854715202004e-14,1.1191048088221578e-13,0.0,0.0,0.0,-27.201199999999986,-23.53849999999847,9.999999998555609e-05,-0.00010000000017384991,32.90080000000012,-4.365288720000007,-50.73969999999855,28.535511280000264,-22.20418871999874
1044,7.105427357601002e-15,-2.0605739337042905e-13,-2.6645352591003757e-14,0.0,0.0,0.0,-26.353899999999996,-25.74330000000063,-1.9539925233402755e-14,-3.410605131648481e-13,34.72030000000015,-4.156903439999994,-52.09720000000115,30.563396560000015,-21.53380344000091
1045,-0.00010000000002108322,0.0001000000000423995,-1.1546319456101628e-13,0.0,0.0,0.0,-21.92560000000009,-29.36570000000033,-5.3290705182007514e-14,4.547473508864641e-13,35.786100000000076,-4.525239600000003,-51.29130000000035,31.260860399999935,-20.030439599999966
1046,-6.217248937900877e-15,-9.99999999891088e-05,-0.00010000000008147936,0.0,0.0,0.0,-21.979,-29.65350000000047,-1.7763568394002505e-14,-7.105427357601002e-13,37.2395,-4.047317279999998,-51.63270000000149,33.19218271999982,-18.44051728000143
1047,9.999999999532605e-05,2.4868995751603507e-14,-1.7408297026122455e-13,0.0,0.0,0.0,-23.96749999999998,-28.70220000000036,-8.881784197001252e-15,-5.684341886080802e-14,36.41709999999993,-4.450193279999999,-52.66959999999982,31.966906719999976,-20.70269327999938
1048,3.375077994860476e-14,4.618527782440651e-14,-3.730349362740526e-14,0.0,0.0,0.0,-27.46459999999998,-17.846499999999033,-2.1316282072803006e-14,1.9895196601282805e-13,26.763800000000067,-4.42919016000001,-45.31109999999822,22.334609840000013,-22.97649015999798
1049,1.5987211554602254e-14,-9.999999982568397e-05,1.687538997430238e-13,0.0,0.0,0.0,-26.2303,-30.9024000000001,-2.6645352591003757e-14,-2.2737367544323206e-13,35.29810000000013,-4.252888080000007,-57.1328,31.04521192000022,-26.08758807999955
1050,2.6645352591003757e-14,-1.0658141036401503e-13,-7.105427357601002e-15,0.0,0.0,0.0,-22.97019999999997,-29.96530000000012,-3.552713678800501e-14,-1.1368683772161603e-13,37.03739999999996,-4.543935119999995,-52.93550000000067,32.49346487999997,-20.44203512000071
1051,3.375077994860476e-14,-4.973799150320701e-14,4.796163466380676e-14,0.0,0.0,0.0,-34.01769999999995,-28.590899999999202,9.999999999266151e-05,3.126388037344441e-13,35.7988,-4.7906877599999955,-62.60849999999762,31.008112240000095,-31.60038775999797
1052,0.00010000000002508003,-7.815970093361102e-14,-2.0250467969162855e-13,0.0,0.0,0.0,-27.036700000000074,-28.71599999999998,-9.999999999443787e-05,-2.8421709430404007e-13,33.30459999999985,-4.641115680000001,-55.75270000000013,28.663484320000027,-27.08921568000011
1053,-2.930988785010413e-14,0.0001000000000423995,-3.907985046680551e-14,0.0,0.0,0.0,-25.64170000000004,-37.029499999998876,1.7763568394002505e-14,4.547473508864641e-13,42.09550000000016,-4.736304000000008,-62.671099999998304,37.359196000000296,-25.31190399999892
1054,-1.9539925233402755e-14,7.460698725481052e-14,-1.758593271006248e-13,0.0,0.0,0.0,-26.996299999999945,-22.094400000000256,-9.999999997134523e-05,9.999999966225914e-05,32.49209999999999,-4.282233120000001,-49.09069999999977,28.20986688000003,-20.88083311999975
1055,-1.3322676295501878e-15,-4.263256414560601e-14,1.2256862191861728e-13,0.0,0.0,0.0,-29.907999999999994,-24.791300000000163,-3.730349362740526e-14,5.968558980384842e-13,31.434099999999994,-4.326266159999996,-54.699299999999866,27.107833840000012,-27.591466160000095
1056,9.769962616701378e-15,-1.1368683772161603e-13,-0.00010000000001575415,0.0,0.0,0.0,-24.020899999999923,-33.16830000000156,-9.999999998022702e-05,-3.410605131648481e-13,37.972999999999985,-4.705606799999999,-57.18940000000231,33.267393199999916,-23.922006800002166
1057,4.1744385725905886e-14,-2.1316282072803006e-14,7.460698725481052e-14,0.0,0.0,0.0,-25.71249999999996,-23.53400000000032,-3.197442310920451e-14,0.00010000000003174137,29.850799999999968,-4.227543360000003,-49.2463999999991,25.623256639999987,-23.62314335999912
1058,1.687538997430238e-14,-2.1316282072803006e-14,8.881784197001252e-15,0.0,0.0,0.0,-25.933500000000034,-24.6527999999986,-2.6645352591003757e-14,-3.979039320256561e-13,33.56980000000002,-4.401339119999995,-50.58629999999866,29.168460880000097,-21.417839119998334
1059,-1.3322676295501878e-14,5.684341886080802e-14,5.3290705182007514e-14,0.0,0.0,0.0,-24.249899999999933,-40.92170000000038,2.6645352591003757e-14,1.9895196601282805e-13,43.02270000000014,-4.435937999999991,-65.17160000000067,38.58676200000001,-26.584838000000204
1060,-2.842170943040401e-14,8.526512829121202e-14,-9.999999977594598e-05,0.0,0.0,0.0,-21.86829999999993,-36.238599999999145,-3.019806626980426e-14,-9.999999991805453e-05,43.32270000000004,-4.433232959999996,-58.10709999999921,38.88946704000016,-19.217632959999506
1061,9.999999999177334e-05,5.684341886080802e-14,-9.059419880941277e-14,0.0,0.0,0.0,-23.706699999999966,-21.077899999999858,1.7763568394002505e-15,6.536993168992922e-13,25.64600000000004,-4.050627119999999,-44.7844999999991,21.595372879999907,-23.189127119999185
1062,-0.00010000000002108322,6.750155989720952e-14,-9.999999990917274e-05,0.0,0.0,0.0,-26.570300000000074,-21.89650000000018,0.0,-0.00010000000008858478,27.97250000000007,-4.305273120000001,-48.46709999999965,23.66722688000001,-24.79987311999942
1063,0.0001000000000095369,-7.105427357601002e-14,9.947598300641403e-14,0.0,0.0,0.0,-29.78510000000005,-31.196800000001275,-3.907985046680551e-14,-5.684341886080801e-13,36.772099999999995,-4.6065276000000015,-60.9818000000015,32.16557239999995,-28.816227600001326
1064,-2.3092638912203256e-14,-5.3290705182007514e-14,6.572520305780927e-14,0.0,0.0,0.0,-22.234700000000004,-36.98799999999911,9.999999997312159e-05,-3.979039320256561e-13,37.670899999999975,-4.443691680000002,-59.22259999999943,33.2272083200001,-25.995391679999557
1065,1.4210854715202004e-14,7.460698725481052e-14,-5.684341886080802e-14,0.0,0.0,0.0,-25.32119999999996,-29.066599999998886,3.552713678800501e-15,9.99999998327894e-05,31.157499999999953,-4.608298799999999,-54.387699999999256,26.549201199999988,-27.838498799999485
1066,9.999999999266151e-05,4.973799150320701e-14,0.00010000000001220144,0.0,0.0,0.0,-22.225599999999986,-33.289499999999904,9.999999999976694e-05,-9.99999995201506e-05,35.466199999999866,-4.247560799999993,-55.51489999999896,31.218639199999785,-24.29626079999848
1067,0.00010000000000864873,-1.5631940186722204e-13,-1.9539925233402755e-14,0.0,0.0,0.0,-21.639299999999963,-34.64959999999873,-5.329070518200751e-15,-9.99999995485723e-05,39.1386999999998,-4.722494400000003,-56.288899999998975,34.416205599999856,-21.87269439999912
1068,1.4210854715202004e-14,9.99999999109491e-05,1.2079226507921703e-13,0.0,0.0,0.0,-31.528099999999984,-23.016300000000022,3.552713678800501e-14,3.979039320256561e-13,30.84379999999989,-4.782321360000002,-54.54430000000005,26.061478639999997,-28.482821360000514
1069,-0.00010000000000598419,9.999999996779252e-05,1.0658141036401503e-14,0.0,0.0,0.0,-23.1288,-24.836400000000495,0.00010000000001220144,9.999999986121111e-05,32.63030000000004,-4.22097336,-47.96500000000127,28.40932664000004,-19.555673360001222
1070,-9.99999999891088e-05,-1.7053025658242404e-13,-5.1514348342607263e-14,0.0,0.0,0.0,-31.706899999999973,-23.931100000000498,9.999999998377973e-05,2.2737367544323206e-13,31.637800000000002,-4.767533999999998,-55.63800000000103,26.870266000000033,-28.76773400000077
1071,-3.019806626980426e-14,-0.00010000000010279564,-5.3290705182007514e-14,0.0,0.0,0.0,-26.864400000000035,-39.15650000000064,9.999999997134523e-05,-9.99999998327894e-05,43.59529999999991,-4.650778080000007,-66.02100000000135,38.94452191999993,-27.076478080001422
1072,9.999999997134523e-05,-9.999999997134523e-05,0.0001000000000672685,0.0,0.0,0.0,-28.781900000000068,-27.511900000001283,1.7763568394002505e-15,0.0,28.40610000000006,-4.468534559999995,-56.29370000000071,23.937565439999894,-32.35613456000013
1073,0.00010000000000065512,1.1013412404281553e-13,-1.0302869668521453e-13,0.0,0.0,0.0,-26.232500000000073,-28.722500000000245,1.7763568394002505e-15,3.979039320256561e-13,35.19459999999989,-4.785631199999999,-54.95490000000032,30.408968800000018,-24.545931200000297
1074,-2.4868995751603507e-14,-0.00010000000006371579,3.197442310920451e-14,0.0,0.0,0.0,-30.08780000000005,-35.18750000000082,-4.618527782440651e-14,-1.4210854715202004e-13,41.99110000000012,-4.987580400000002,-65.27540000000168,37.00351960000014,-28.271880400001322
1075,9.999999998466791e-05,-1.4210854715202004e-14,-3.730349362740526e-14,0.0,0.0,0.0,-28.484700000000046,-22.62499999999934,-4.618527782440651e-14,-8.526512829121202e-14,27.67680000000018,-4.4362151999999995,-51.10959999999942,23.24058480000033,-27.869015199999538
1076,3.552713678800501e-15,-6.750155989720952e-14,-1.7763568394002505e-14,0.0,0.0,0.0,-28.371600000000026,-29.19160000000118,-0.0001000000000015433,2.842170943040401e-14,38.056599999999875,-4.517228880000007,-57.56329999999997,33.53937111999971,-24.02392888000027
1077,-2.6645352591003757e-14,3.197442310920451e-14,1.1901590823981678e-13,0.0,0.0,0.0,-28.558999999999987,-30.597500000001162,-0.0001000000000423995,-3.979039320256561e-13,35.59010000000005,-4.3878254399999985,-59.156600000002086,31.202274560000035,-27.95432544000228
1078,1.9539925233402755e-14,-2.842170943040401e-14,-5.1514348342607263e-14,0.0,0.0,0.0,-19.534400000000037,-38.485000000000454,4.796163466380676e-14,1.1368683772161603e-13,40.95229999999988,-4.689694079999999,-58.01940000000005,36.26260591999969,-21.756794080000574
1079,-9.769962616701378e-15,-4.263256414560601e-14,-5.861977570020827e-14,0.0,0.0,0.0,-22.230700000000038,-35.96700000000035,-1.0658141036401503e-14,3.979039320256561e-13,35.93040000000008,-3.9931948800000003,-58.19770000000011,31.93720512000013,-26.260494880000437
1080,-5.1514348342607263e-14,-6.394884621840902e-14,-7.460698725481052e-14,0.0,0.0,0.0,-27.02100000000001,-20.404700000000332,-3.019806626980426e-14,-2.842170943040401e-14,27.94419999999997,-4.4069817600000025,-47.42570000000059,23.537218239999923,-23.888481760000673
1081,-3.552713678800501e-15,8.171241461241152e-14,-2.842170943040401e-14,0.0,0.0,0.0,-23.45329999999995,-26.33210000000001,-1.5987211554602254e-14,2.842170943040401e-14,33.21729999999993,-4.349789280000005,-49.78539999999944,28.867510720000112,-20.91788927999933
1082,0.00010000000002019505,7.460698725481052e-14,-8.881784197001252e-14,0.0,0.0,0.0,-27.19690000000002,-18.875000000000824,3.552713678800501e-15,-0.0001000000001170065,24.48870000000018,-4.022528400000002,-46.07190000000119,20.466171600000028,-25.60572840000094
1083,-3.552713678800501e-14,6.039613253960852e-14,4.440892098500626e-14,0.0,0.0,0.0,-27.507199999999983,-15.662899999999802,-1.7763568394002505e-15,-6.252776074688882e-13,24.8072,-4.3477855200000075,-43.17010000000073,20.45941448000012,-22.710685520000155
1084,-3.552713678800501e-14,-1.7053025658242404e-13,-5.861977570020827e-14,0.0,0.0,0.0,-27.43829999999995,-29.337899999999706,1.0658141036401503e-14,3.979039320256561e-13,36.35850000000009,-4.582783439999997,-56.7762000000007,31.775716560000106,-25.00048344000082
1085,1.687538997430238e-14,1.4210854715202004e-14,-1.2256862191861728e-13,0.0,0.0,0.0,-23.383199999999942,-24.008599999999035,-1.7763568394002505e-15,-3.694822225952521e-13,28.718700000000116,-4.076671679999999,-47.39179999999875,24.642028320000158,-22.749771679999057
1086,-0.00010000000000331966,-9.999999984344754e-05,7.993605777301127e-14,0.0,0.0,0.0,-25.12449999999998,-27.850199999999333,7.105427357601002e-15,8.526512829121202e-14,38.47000000000002,-4.182621839999996,-52.97489999999888,34.28737815999993,-18.687521839998496
1087,1.4210854715202004e-14,-1.4566126083082054e-13,-1.6253665080512292e-13,0.0,0.0,0.0,-22.98600000000001,-31.48110000000029,-3.197442310920451e-14,3.126388037344441e-13,39.19059999999991,-4.046997599999996,-54.46710000000104,35.143602399999864,-19.323497600001403
1088,3.552713678800501e-14,-3.552713678800501e-14,1.616484723854228e-13,0.0,0.0,0.0,-27.36089999999995,-23.02960000000094,2.3092638912203256e-14,-2.842170943040401e-14,28.265300000000064,-4.0723416000000014,-50.39049999999959,24.19295840000012,-26.197541599999013
1089,-0.00010000000002996501,-4.263256414560601e-14,2.6645352591003757e-14,0.0,0.0,0.0,-24.974000000000093,-19.605200000000792,-1.3322676295501878e-14,-3.126388037344441e-13,29.21669999999985,-3.9685420799999935,-44.57930000000256,25.248157919999684,-19.33114208000265
1090,3.552713678800501e-14,-6.394884621840902e-14,-2.4868995751603507e-14,0.0,0.0,0.0,-26.0517,-40.72849999999889,-3.375077994860476e-14,2.842170943040401e-14,43.14970000000007,-4.622440320000001,-66.78019999999879,38.52725967999997,-28.252940319998586
1091,-3.730349362740526e-14,-4.973799150320701e-14,-0.00010000000004595222,0.0,0.0,0.0,-28.63649999999995,-30.98399999999868,-9.99999999891088e-05,3.979039320256561e-13,40.08369999999991,-4.6855454400000065,-59.62069999999869,35.398154559999995,-24.222545439998697
1092,2.5757174171303632e-14,-0.00010000000007437393,-6.572520305780927e-14,0.0,0.0,0.0,-28.839900000000036,-21.926899999999094,-2.3092638912203256e-14,-1.7053025658242404e-13,29.960499999999993,-4.478050080000001,-50.76690000000042,25.48244992000003,-25.28445008000061
1093,-2.4868995751603507e-14,4.263256414560601e-14,1.1191048088221578e-13,0.0,0.0,0.0,-25.72780000000007,-13.72339999999977,-1.5987211554602254e-14,-5.684341886080802e-14,27.325799999999933,-4.2849467999999975,-39.45119999999973,23.040853200000036,-16.410346799999928
1094,-1.7763568394002505e-14,-2.842170943040401e-14,-1.2434497875801753e-14,0.0,0.0,0.0,-27.940600000000085,-30.48010000000037,1.2434497875801753e-14,3.694822225952521e-13,38.565299999999965,-4.422369599999996,-58.420700000000025,34.142930399999855,-24.27776959999926
1095,-1.0658141036401503e-14,-2.842170943040401e-14,-2.842170943040401e-14,0.0,0.0,0.0,-27.662600000000058,-31.6741000000003,-5.329070518200751e-15,0.00010000000006016307,40.34729999999994,-4.731234480000007,-59.336600000001226,35.616065520000035,-23.72053448000166
1096,-9.999999998733244e-05,0.0001000000000921375,3.375077994860476e-14,0.0,0.0,0.0,-29.55969999999999,-22.067800000000666,0.00010000000003351772,9.999999986121111e-05,27.620900000000063,-4.58411976,-51.62729999999959,23.03678024,-28.590519759999367
1097,8.881784197001252e-15,1.8474111129762605e-13,-6.394884621840902e-14,0.0,0.0,0.0,-32.86230000000004,-25.272999999999037,-0.00010000000001575415,-4.263256414560601e-13,32.74429999999998,-4.828425119999999,-58.13539999999888,27.91587487999986,-30.21952511999811
1098,-3.6415315207705135e-14,1.4210854715202004e-14,-1.7763568394002505e-15,0.0,0.0,0.0,-31.320999999999962,-22.914500000001546,1.4210854715202004e-14,-5.115907697472721e-13,32.948899999999966,-4.703677200000005,-54.23550000000169,28.24522280000007,-25.99027720000163
1099,9.999999996068709e-05,-7.105427357601002e-14,1.1368683772161603e-13,0.0,0.0,0.0,-29.50500000000004,-31.266400000000573,0.0,-1.4210854715202004e-13,35.6564,-4.656250799999998,-60.771300000001276,31.000149200000056,-29.77115080000077
1100,3.552713678800501e-14,-2.1316282072803006e-14,1.4921397450962104e-13,0.0,0.0,0.0,-29.167199999999976,-30.831499999999103,-3.197442310920451e-14,-0.00010000000000331966,37.11040000000018,-4.517053919999997,-59.99879999999831,32.593346080000025,-27.405453919998294
1101,7.105427357601002e-15,4.973799150320701e-14,-1.4921397450962104e-13,0.0,0.0,0.0,-21.979499999999987,-35.05729999999919,-1.3322676295501878e-14,9.999999997489795e-05,39.37610000000011,-4.571603999999998,-57.03669999999941,34.804496000000235,-22.23220399999917
1102,-2.4868995751603507e-14,-1.7763568394002505e-14,1.0835776720341528e-13,0.0,0.0,0.0,-23.32319999999995,-23.088900000000784,1.4210854715202004e-14,9.999999971910256e-05,30.29599999999992,-4.28987159999999,-46.41200000000002,26.00612839999996,-20.405871600000054
1103,1.5987211554602254e-14,1.2434497875801753e-13,-5.5067062021407764e-14,0.0,0.0,0.0,-31.206300000000017,-22.059399999999506,-1.9539925233402755e-14,3.126388037344441e-13,31.086800000000135,-4.487156640000002,-53.265699999999995,26.59964336000016,-26.666056639999837
1104,1.1546319456101628e-14,4.973799150320701e-14,-2.1316282072803006e-14,0.0,0.0,0.0,-23.140199999999993,-32.841200000000164,0.00010000000001930687,4.547473508864641e-13,33.89589999999993,-4.368516480000003,-55.981300000000275,29.527383519999937,-26.453916480000785
1105,9.769962616701378e-15,-9.999999999976694e-05,-1.4210854715202004e-14,0.0,0.0,0.0,-17.9542,-37.33710000000089,-0.00010000000001930687,0.00010000000054333213,39.33869999999992,-4.356297359999999,-55.29139999999997,34.98240263999995,-20.308997359999793
1106,8.881784197001252e-15,-0.00010000000009924292,-0.00010000000004417586,0.0,0.0,0.0,-25.034400000000037,-27.229500000000442,3.730349362740526e-14,5.968558980384842e-13,36.886500000000055,-4.320881280000007,-52.26409999999974,32.565618720000245,-19.698481279999953
1107,-1.7763568394002505e-14,-3.552713678800501e-15,-2.6645352591003757e-14,0.0,0.0,0.0,-25.836499999999972,-28.687200000000445,-9.999999997489795e-05,9.999999988963282e-05,37.614100000000064,-4.242740399999997,-54.52370000000016,33.37135960000014,-21.152340400000014
1108,9.99999999891088e-05,-8.881784197001252e-14,1.509903313490213e-13,0.0,0.0,0.0,-29.149899999999995,-23.77429999999876,2.1316282072803006e-14,5.115907697472721e-13,30.022100000000012,-4.252813200000006,-52.92409999999742,25.76928679999995,-27.15481319999725
1109,0.00010000000001220144,3.552713678800501e-15,3.907985046680551e-14,0.0,0.0,0.0,-26.33460000000004,-24.627200000000407,-3.552713678800501e-15,1.9895196601282805e-13,29.993999999999946,-4.442733360000002,-50.96170000000069,25.55126663999988,-25.410433360000354
1110,-5.329070518200751e-15,1.5987211554602254e-13,1.2789769243681803e-13,0.0,0.0,0.0,-27.35390000000003,-21.605200000001197,-5.329070518200751e-15,1.7053025658242404e-13,32.01399999999995,-4.288111920000006,-48.95910000000043,27.725888080000022,-21.23321192000064
1111,7.993605777301127e-15,1.4210854715202004e-14,-5.329070518200751e-15,0.0,0.0,0.0,-27.69079999999999,-34.25929999999947,9.999999995891073e-05,3.979039320256561e-13,41.97100000000009,-4.52458296,-61.94999999999989,37.44641704000012,-24.503582960000003
1112,-1.5987211554602254e-14,-3.552713678800501e-15,6.394884621840902e-14,0.0,0.0,0.0,-22.6744,-31.390199999998963,7.105427357601002e-15,2.2737367544323206e-13,34.587699999999856,-4.408896240000001,-54.064599999997995,30.17880375999991,-23.885796239998314
1113,2.042810365310288e-14,8.526512829121202e-14,-7.638334409421077e-14,0.0,0.0,0.0,-25.748200000000047,-19.689900000000264,3.552713678800501e-15,-4.831690603168681e-13,28.794600000000123,-4.26750912,-45.4381000000015,24.527090880000237,-20.911009120001495
1114,5.329070518200751e-15,9.999999997489795e-05,-0.0001000000001454282,0.0,0.0,0.0,-28.434100000000086,-17.430199999999537,-1.9539925233402755e-14,0.00010000000006016307,28.939099999999897,-4.498219440000007,-45.864199999999514,24.440880559999748,-21.42331943999976
1115,-1.2434497875801753e-14,5.684341886080802e-14,0.00010000000013121735,0.0,0.0,0.0,-28.61169999999993,-28.474700000000837,9.999999999621423e-05,2.2737367544323206e-13,35.8608000000001,-4.645677600000003,-57.086200000000645,31.215122400000023,-25.871077600000618
1116,3.907985046680551e-14,-7.105427357601002e-15,3.730349362740526e-14,0.0,0.0,0.0,-23.87660000000003,-32.17490000000018,4.263256414560601e-14,-9.999999994647624e-05,38.965199999999946,-4.533337439999996,-56.05160000000032,34.431862559999935,-21.619737440000605
1117,0.00010000000004417586,-2.4868995751603507e-14,1.1368683772161603e-13,0.0,0.0,0.0,-17.17730000000005,-32.198000000000015,1.0658141036401503e-14,-4.831690603168681e-13,39.423899999999946,-4.067549279999996,-49.37519999999982,35.35635072000012,-14.018849280000154
1118,-4.440892098500626e-15,4.973799150320701e-14,-0.00010000000006193943,0.0,0.0,0.0,-21.677000000000056,-21.66969999999941,1.7763568394002505e-15,5.968558980384842e-13,33.445499999999996,-4.1668826400000025,-43.346799999998495,29.27861736000009,-14.068182639998398
1119,5.1514348342607263e-14,0.00010000000003884679,1.4921397450962104e-13,0.0,0.0,0.0,-23.466299999999954,-34.32419999999949,2.3092638912203256e-14,-1.7053025658242404e-13,37.92179999999999,-4.519852559999995,-57.79040000000026,33.4019474399998,-24.38845256000046
1120,9.999999997933884e-05,1.9184653865522705e-13,1.5631940186722204e-13,0.0,0.0,0.0,-25.985499999999934,-29.670999999998635,0.0001000000000139778,0.00010000000051491043,34.873999999999974,-4.6412431199999995,-55.65619999999775,30.232756880000103,-25.423443119997643
1121,-2.842170943040401e-14,1.1013412404281553e-13,9.999999990739639e-05,0.0,0.0,0.0,-25.932599999999898,-15.964299999999845,-2.842170943040401e-14,0.00010000000060017555,23.138199999999873,-4.144560480000006,-41.89669999999839,18.993639519999938,-22.903060479998913
1122,-5.329070518200751e-15,-9.592326932761353e-14,-1.1901590823981678e-13,0.0,0.0,0.0,-19.72010000000003,-24.244900000000776,-0.00010000000003351772,-1.9895196601282805e-13,27.446799999999858,-4.430219759999996,-43.9651000000016,23.016580239999925,-20.948519760002128
1123,-1.7763568394002505e-15,-3.197442310920451e-14,1.1368683772161603e-13,0.0,0.0,0.0,-27.44339999999997,-17.19870000000089,-0.00010000000002463594,0.00010000000065701897,30.14890000000003,-4.292817840000002,-44.6421000000002,25.856082160000163,-18.786017840000724
1124,-2.1316282072803006e-14,-3.907985046680551e-14,6.750155989720952e-14,0.0,0.0,0.0,-26.681199999999933,-21.765500000001197,0.0001000000000423995,-3.410605131648481e-13,26.930199999999896,-4.2473620799999985,-48.446600000001595,22.682837919999955,-25.76376208000164
1125,-4.973799150320701e-14,-9.999999996068709e-05,-1.3855583347321954e-13,0.0,0.0,0.0,-27.449000000000005,-24.81369999999948,-8.881784197001252e-15,-0.0001000000001170065,25.88150000000001,-4.224822480000002,-52.26289999999959,21.656677520000088,-30.606222479999516
1126,-3.2862601528904634e-14,-0.00010000000007437393,4.796163466380676e-14,0.0,0.0,0.0,-26.418399999999956,-23.78039999999981,0.0,-4.547473508864641e-13,32.274899999999825,-4.673154960000007,-50.19890000000136,27.601745039999912,-22.59715496000146
1127,1.3322676295501878e-14,9.999999995358166e-05,-7.815970093361102e-14,0.0,0.0,0.0,-27.74879999999999,-19.441400000001664,-1.9539925233402755e-14,-9.99999995485723e-05,30.996599999999983,-4.3360437600000035,-47.19020000000167,26.660556239999952,-20.52964376000172
1128,0.00010000000002730047,-0.00010000000010990107,-7.815970093361102e-14,0.0,0.0,0.0,-24.44070000000007,-23.423500000000182,1.7763568394002505e-15,1.7053025658242404e-13,27.265199999999883,-4.234872960000002,-47.86419999999944,23.030327039999875,-24.833872959999567
1129,1.2434497875801753e-14,6.394884621840902e-14,5.3290705182007514e-14,0.0,0.0,0.0,-26.840000000000042,-25.01680000000171,-7.105427357601002e-15,7.673861546209082e-13,32.92009999999997,-4.515258960000004,-51.85680000000042,28.404841039999916,-23.451958960000283
1130,3.552713678800501e-15,-1.4210854715202004e-13,-9.999999988075103e-05,0.0,0.0,0.0,-25.298999999999953,-31.840199999999953,-2.1316282072803006e-14,9.999999994647624e-05,36.27080000000016,-4.591756800000004,-57.13920000000056,31.679043200000038,-25.46015680000052
1131,2.1316282072803006e-14,-9.99999999642398e-05,1.3145040611561853e-13,0.0,0.0,0.0,-25.93529999999992,-28.04570000000023,0.00010000000001575415,0.00010000000051491043,29.15660000000007,-4.2784905599999945,-53.98089999999938,24.878109439999854,-29.10279055999885
1132,1.687538997430238e-14,-3.552713678800501e-14,1.794120407794253e-13,0.0,0.0,0.0,-30.270099999999974,-24.804799999999545,0.00010000000002818865,2.842170943040401e-14,35.46760000000003,-4.605615360000003,-55.074799999998675,30.86198463999998,-24.212815359998473
1133,-1.3322676295501878e-14,-1.2079226507921703e-13,4.085620730620576e-14,0.0,0.0,0.0,-29.64519999999992,-31.248000000000125,-2.6645352591003757e-14,9.999999997489795e-05,36.14810000000004,-4.82742432,-60.89309999999951,31.32067567999998,-29.572424319999072
1134,3.375077994860476e-14,2.0250467969162855e-13,-9.999999993048903e-05,0.0,0.0,0.0,-26.589399999999916,-30.170800000000817,-2.842170943040401e-14,2.842170943040401e-14,37.63120000000001,-4.451549760000006,-56.76029999999997,33.179650239999916,-23.580649760000284
1135,-9.999999999976694e-05,-1.4210854715202004e-14,9.999999990739639e-05,0.0,0.0,0.0,-22.728800000000046,-24.165500000001487,0.00010000000002463594,5.684341886080802e-14,30.173799999999915,-3.838174560000004,-46.894200000000836,26.335625439999802,-20.558574560001034
1136,9.999999999976694e-05,7.815970093361102e-14,-5.684341886080802e-14,0.0,0.0,0.0,-26.39269999999994,-26.858799999998993,-1.5987211554602254e-14,-2.5579538487363607e-13,36.10380000000001,-4.215923999999995,-53.251399999999805,31.887876000000116,-21.36352400000014
1137,7.105427357601002e-15,-0.00010000000001753051,9.999999990562003e-05,0.0,0.0,0.0,-26.724100000000064,-28.886799999999788,-0.00010000000003351772,-3.694822225952521e-13,35.176200000000144,-4.396988880000003,-55.611000000001724,30.779211120000248,-24.831788880001483
1138,-0.00010000000001486598,-4.618527782440651e-14,-1.0658141036401503e-14,0.0,0.0,0.0,-25.0212,-31.32630000000062,5.329070518200751e-15,0.00010000000048648872,35.926599999999965,-4.416202800000006,-56.34750000000072,31.51039719999998,-24.837102800001432
1139,-2.842170943040401e-14,-1.1723955140041653e-13,1.2612133559741778e-13,0.0,0.0,0.0,-26.13780000000001,-29.04519999999969,8.881784197001252e-15,-5.684341886080802e-14,31.75630000000006,-4.503877200000003,-55.18299999999988,27.252422800000147,-27.930577200000172
1140,-0.00010000000001042508,-4.618527782440651e-14,-0.00010000000008325571,0.0,0.0,0.0,-25.172099999999997,-24.23169999999972,-3.552713678800501e-15,-5.968558980384842e-13,32.2645999999999,-4.335145199999998,-49.40399999999994,27.92945479999971,-21.474545199999994
1141,7.993605777301127e-15,3.197442310920451e-14,9.999999998377973e-05,0.0,0.0,0.0,-25.815400000000043,-26.775799999999606,3.552713678800501e-14,9.999999986121111e-05,30.707900000000016,-4.607629919999999,-52.59099999999938,26.100270079999987,-26.490729919999154
1142,-9.999999999266151e-05,-2.1316282072803006e-14,-0.00010000000014187549,0.0,0.0,0.0,-22.100399999999937,-19.676799999998785,0.00010000000001930687,-1.9895196601282805e-13,28.659999999999954,-4.1291676,-41.777299999999755,24.530832400000097,-17.24646759999989
1143,1.3322676295501878e-14,-0.0001000000001170065,5.329070518200751e-15,0.0,0.0,0.0,-23.81369999999996,-25.94310000000045,-2.6645352591003757e-14,9.999999969068085e-05,31.869899999999788,-4.314168719999993,-49.756800000001874,27.55573127999988,-22.201068720002
1144,-0.00010000000000598419,-9.999999999976694e-05,-9.999999995002895e-05,0.0,0.0,0.0,-23.985399999999935,-29.11300000000027,7.105427357601002e-15,3.694822225952521e-13,35.52779999999995,-4.29145632,-53.098700000000576,31.236343680000026,-21.862356320000316
1145,0.00010000000002374776,1.7408297026122455e-13,-1.3855583347321954e-13,0.0,0.0,0.0,-28.916800000000052,-29.781800000001283,-8.881784197001252e-15,-5.115907697472721e-13,40.76909999999989,-4.471865999999999,-58.69850000000146,36.29723400000003,-22.401266000001442
1146,-2.886579864025407e-14,-3.552713678800501e-14,-9.059419880941277e-14,0.0,0.0,0.0,-27.853299999999958,-28.4956000000003,-8.881784197001252e-15,0.00010000000048648872,32.11339999999991,-4.368425759999997,-56.348799999999486,27.744974240000122,-28.603825759999367
1147,1.7763568394002505e-15,-1.9539925233402755e-13,-3.019806626980426e-14,0.0,0.0,0.0,-30.386500000000108,-33.53169999999869,-9.999999999088516e-05,-0.00010000000079912752,34.82069999999997,-4.604942160000005,-63.91840000000049,30.2157578399999,-33.70264216000058
1148,-1.2434497875801753e-14,-9.999999995713438e-05,0.00010000000009569021,0.0,0.0,0.0,-29.961799999999947,-31.418799999999628,1.7763568394002505e-15,-3.979039320256561e-13,33.703700000000154,-4.757541120000001,-61.38059999999962,28.946158880000176,-32.434441119999434
1149,7.105427357601002e-15,6.750155989720952e-14,-1.3145040611561853e-13,0.0,0.0,0.0,-26.863899999999997,-23.362299999999763,9.999999995535802e-05,2.8421709430404007e-13,31.003499999999896,-4.480952399999991,-50.226099999999235,26.522547599999996,-23.703552399999012
1150,4.263256414560601e-14,7.105427357601002e-14,7.105427357601002e-14,0.0,0.0,0.0,-28.170000000000073,-32.717500000000456,-0.00010000000003174137,5.115907697472721e-13,32.54410000000001,-4.41385704,-60.8876000000006,28.13024296000005,-32.75735704000056
1151,1.865174681370263e-14,-9.999999992871267e-05,-3.019806626980426e-14,0.0,0.0,0.0,-28.346500000000045,-27.480800000000585,3.552713678800501e-15,3.694822225952521e-13,28.357100000000184,-4.18889448,-55.82740000000014,24.168205520000235,-31.659194480000124
1152,-2.6645352591003757e-14,9.947598300641403e-14,-3.375077994860476e-14,0.0,0.0,0.0,-29.740300000000033,-22.868300000001327,-1.5987211554602254e-14,9.999999986121111e-05,31.71580000000002,-4.5234439199999965,-52.60850000000222,27.19235607999984,-25.41614392000193
1153,5.329070518200751e-15,-2.1671553440683056e-13,0.00010000000004417586,0.0,0.0,0.0,-22.29020000000003,-22.990399999999525,-1.4210854715202004e-14,3.410605131648481e-13,25.961500000000022,-3.995074080000002,-45.28050000000036,21.966425920000162,-23.314074080000182
1154,-3.197442310920451e-14,-1.0658141036401503e-14,-9.999999982568397e-05,0.0,0.0,0.0,-25.736000000000015,-32.157700000000375,-5.329070518200751e-15,3.694822225952521e-13,37.08109999999992,-4.540499280000002,-57.893799999999715,32.54060071999991,-25.353199279999814
1155,9.999999997489795e-05,-6.394884621840902e-14,1.580957587066223e-13,0.0,0.0,0.0,-31.242700000000053,-18.675599999998973,-9.999999999443787e-05,-1.1368683772161603e-13,22.67569999999993,-4.4148168,-49.91829999999918,18.26088320000001,-31.657416799999623
1156,-1.3322676295501878e-14,-2.842170943040401e-14,-9.592326932761353e-14,0.0,0.0,0.0,-23.05789999999996,-23.063899999999585,-4.085620730620576e-14,2.842170943040401e-14,30.949000000000023,-3.9315643199999992,-46.12179999999874,27.017435679999945,-19.104364319998567
1157,-1.9539925233402755e-14,-1.0658141036401503e-14,-0.00010000000004062315,0.0,0.0,0.0,-24.48499999999994,-34.92680000000007,2.842170943040401e-14,-7.673861546209082e-13,40.10320000000012,-4.670442719999997,-59.411900000000585,35.43275728000003,-23.979142720000112
1158,-2.3092638912203256e-14,-1.2789769243681803e-13,7.638334409421077e-14,0.0,0.0,0.0,-28.102599999999935,-29.967699999999304,-5.329070518200751e-15,-1.1368683772161603e-13,35.80550000000001,-4.65810984,-58.07029999999885,31.14739015999998,-26.92290983999864
1159,9.99999999766743e-05,-0.0001000000000139778,2.1316282072803006e-14,0.0,0.0,0.0,-32.31569999999999,-20.57929999999996,1.0658141036401503e-14,-9.999999934962034e-05,27.677399999999874,-4.497288479999996,-52.895099999999076,23.18011151999984,-29.714988479999462
1160,-0.00010000000000331966,-0.00010000000019871891,-7.283063041541027e-14,0.0,0.0,0.0,-23.69690000000002,-41.754799999999825,3.019806626980426e-14,-1.1368683772161603e-13,42.14820000000009,-4.649238719999998,-65.45190000000112,37.498961280000074,-27.952938720001043
1161,2.1316282072803006e-14,8.881784197001252e-14,3.907985046680551e-14,0.0,0.0,0.0,-25.214200000000076,-19.439299999999953,3.019806626980426e-14,9.99999995485723e-05,29.681499999999943,-4.182611040000005,-44.65340000000114,25.4988889600001,-19.154511040001495
1162,-1.2434497875801753e-14,-5.3290705182007514e-14,1.8118839761882555e-13,0.0,0.0,0.0,-16.254300000000097,-28.824399999999407,7.105427357601002e-15,-0.00010000000000331966,31.978799999999946,-3.889683359999998,-45.078800000000086,28.089116640000057,-16.98968336000003
1163,-1.7763568394002505e-14,0.00010000000005305765,-2.1671553440683056e-13,0.0,0.0,0.0,-28.616999999999997,-29.558400000000162,-1.7763568394002505e-15,-1.4210854715202004e-13,31.122500000000016,-4.374971280000006,-58.1753000000007,26.747528720000126,-31.427771280000584
1164,8.881784197001252e-16,-1.7763568394002505e-14,3.019806626980426e-14,0.0,0.0,0.0,-29.242799999999967,-19.06019999999937,9.999999997312159e-05,0.0001000000001170065,28.773499999999974,-4.21623072,-48.30280000000013,24.55726927999985,-23.74553072000029
1165,1.4210854715202004e-14,3.552713678800501e-14,0.00010000000002108322,0.0,0.0,0.0,-24.389500000000005,-31.855899999999465,2.1316282072803006e-14,9.999999980436769e-05,39.79359999999996,-4.536526319999995,-56.245199999999386,35.25707367999979,-20.98812631999914
1166,-9.999999999532605e-05,-8.171241461241152e-14,5.861977570020827e-14,0.0,0.0,0.0,-29.558399999999992,-29.42259999999844,2.1316282072803006e-14,6.536993168992922e-13,38.07809999999996,-4.69536984,-58.981099999997554,33.382730159999916,-25.59836983999719
1167,-3.730349362740526e-14,-1.1013412404281553e-13,-9.237055564881302e-14,0.0,0.0,0.0,-19.19069999999997,-21.494700000000137,-1.5987211554602254e-14,-1.1368683772161603e-13,31.22159999999998,-4.212758879999992,-40.68540000000009,27.008841120000053,-13.67655888000003
1168,-3.4638958368304884e-14,-1.0302869668521453e-13,-0.00010000000003529408,0.0,0.0,0.0,-18.899299999999933,-15.315400000000722,-7.105427357601002e-15,0.00010000000017384991,31.193899999999964,-3.3260536800000007,-34.214700000000136,27.867846319999984,-6.346853680000379
1169,-0.00010000000001930687,-5.684341886080802e-14,7.993605777301127e-14,0.0,0.0,0.0,-14.106799999999978,-20.698399999999943,5.5067062021407764e-14,-2.5579538487363607e-13,26.473300000000062,-3.4434727199999946,-34.8053,23.02982728000018,-11.775472720000266
1170,-2.6645352591003757e-15,-1.7763568394002505e-14,-7.904787935331115e-14,0.0,0.0,0.0,-18.077900000000056,-30.143099999998782,0.00010000000002285958,9.99999998327894e-05,38.894099999999895,-3.985338240000002,-48.22079999999903,34.908761759999834,-13.312038239999197
1171,-1.2434497875801753e-14,-2.1316282072803006e-14,-6.039613253960852e-14,0.0,0.0,0.0,-25.32219999999998,-40.739099999999524,9.999999998200337e-05,1.4210854715202004e-13,46.18159999999999,-4.4109561600000005,-66.06119999999902,41.77064383999988,-24.290556159998687
1172,1.6431300764452317e-14,5.3290705182007514e-14,-1.4210854715202004e-14,0.0,0.0,0.0,-29.00589999999998,-29.994399999999878,2.4868995751603507e-14,1.1368683772161603e-13,38.99009999999994,-4.370735519999999,-59.000299999999555,34.619364479999774,-24.380935519999554
1173,9.999999997578612e-05,1.0302869668521453e-13,-1.0125233984581428e-13,0.0,0.0,0.0,-24.78649999999998,-22.857000000000212,2.1316282072803006e-14,3.694822225952521e-13,33.997399999999985,-4.143410640000004,-47.64340000000067,29.85398936000003,-17.789410640000867
1174,-4.884981308350689e-15,1.0658141036401503e-13,9.999999983634211e-05,0.0,0.0,0.0,-24.963500000000018,-24.097599999999865,1.7763568394002505e-14,0.0,29.067800000000044,-4.590932399999993,-49.06100000000028,24.476867600000144,-24.584132400000357
1175,-4.440892098500626e-14,7.105427357601002e-15,-7.283063041541027e-14,0.0,0.0,0.0,-24.886399999999956,-31.210199999999887,8.881784197001252e-15,4.547473508864641e-13,40.23729999999997,-4.56631632,-56.096600000000734,35.67098367999997,-20.42561632000121
1176,2.220446049250313e-14,-3.552713678800501e-15,-1.9184653865522705e-13,0.0,0.0,0.0,-23.593499999999995,-22.52329999999875,-1.7763568394002505e-15,0.00010000000062859726,31.357300000000137,-4.183987679999996,-46.11669999999873,27.17331232000027,-18.943387679999148
1177,1.687538997430238e-14,9.999999995002895e-05,-0.00010000000000331966,0.0,0.0,0.0,-31.889700000000033,-16.974200000000884,2.3092638912203256e-14,0.0,27.459999999999894,-4.779471600000003,-48.86390000000047,22.680528399999844,-26.183371600000626
1178,-1.5987211554602254e-14,9.999999998555609e-05,-1.9539925233402755e-14,0.0,0.0,0.0,-29.25489999999999,-23.23499999999931,-1.9539925233402755e-14,-4.263256414560601e-13,36.95540000000009,-4.7936145599999955,-52.48979999999945,32.16178544000008,-20.328014559999133
1179,-3.552713678800501e-15,-0.00010000000010634835,9.999999991450181e-05,0.0,0.0,0.0,-29.427600000000055,-25.589100000000606,0.0,-6.252776074688882e-13,34.727100000000135,-4.702458239999994,-55.01670000000149,30.02464176000033,-24.992058240001384
1180,-5.329070518200751e-15,0.00010000000006016307,-1.1901590823981678e-13,0.0,0.0,0.0,-23.57679999999992,-30.942900000000577,1.4210854715202004e-14,2.8421709430404007e-13,32.415400000000034,-4.550893200000006,-54.51960000000106,27.864506800000065,-26.65509320000055
1181,9.999999999443787e-05,1.0658141036401503e-14,-1.545430450278218e-13,0.0,0.0,0.0,-27.952799999999968,-25.436200000001463,-5.329070518200751e-15,5.115907697472721e-13,30.24630000000006,-4.641599519999994,-53.38890000000045,25.604700480000226,-27.784199520000442
1182,-9.999999996335163e-05,-7.105427357601002e-15,-7.638334409421077e-14,0.0,0.0,0.0,-23.377499999999984,-29.44339999999962,-2.1316282072803006e-14,3.126388037344441e-13,38.111999999999995,-4.464020159999995,-52.821000000000566,33.64797984000014,-19.17302016000042
1183,0.00010000000002818865,6.394884621840902e-14,-9.999999991450181e-05,0.0,0.0,0.0,-25.754299999999997,-27.109799999999666,-1.7763568394002505e-14,-2.842170943040401e-14,30.751500000000135,-4.581395279999996,-52.86409999999918,26.170104720000175,-26.693995279999697
1184,2.7533531010703882e-14,7.105427357601002e-15,-9.999999999266151e-05,0.0,0.0,0.0,-27.127300000000098,-21.79920000000042,-2.4868995751603507e-14,4.263256414560601e-13,31.768499999999904,-4.592419920000003,-48.92659999999951,27.176080079999778,-21.750519919999277
1185,-3.552713678800501e-15,-9.999999995713438e-05,9.999999988696828e-05,0.0,0.0,0.0,-27.00679999999995,-21.386299999999302,3.552713678800501e-14,7.389644451905042e-13,32.509100000000046,-4.50301824,-48.39309999999912,28.006081759999997,-20.387018239998895
1186,-2.842170943040401e-14,-3.552713678800501e-14,6.394884621840902e-14,0.0,0.0,0.0,-26.123799999999953,-16.064500000001026,-3.019806626980426e-14,-0.00010000000020227162,22.46429999999995,-4.44602592,-42.188400000001096,18.01827407999996,-24.17012592000114
1187,9.999999998999698e-05,3.907985046680551e-14,9.999999988963282e-05,0.0,0.0,0.0,-25.08469999999994,-27.15029999999914,4.263256414560601e-14,1.4210854715202004e-13,34.29650000000019,-4.582126079999998,-52.234799999998515,29.714373920000103,-22.52042607999772
1188,1.2434497875801753e-14,-3.197442310920451e-14,9.999999995535802e-05,0.0,0.0,0.0,-25.58189999999996,-18.513300000000356,9.999999998733244e-05,-4.547473508864641e-13,29.90130000000001,-4.4457552,-44.09500000000112,25.455544799999945,-18.63945520000118
1189,2.6645352591003757e-14,-0.00010000000008147936,5.329070518200751e-15,0.0,0.0,0.0,-29.04440000000003,-21.0173000000001,-4.440892098500626e-14,-1.7053025658242404e-13,29.25190000000008,-4.5773099999999936,-50.061799999999934,24.67459000000028,-25.38721000000011
1190,0.00010000000001664233,-0.00010000000008147936,-9.999999998022702e-05,0.0,0.0,0.0,-15.684799999999914,-34.72120000000008,3.552713678800501e-15,-0.00010000000003174137,39.57739999999985,-4.6169856000000005,-50.406199999999274,34.960414399999756,-15.445785599999525
1191,1.1546319456101628e-14,0.0,-6.750155989720952e-14,0.0,0.0,0.0,-29.47190000000004,-13.57189999999904,-3.552713678800501e-15,-2.5579538487363607e-13,19.47730000000011,-4.505462640000005,-43.043799999998825,14.97183736000002,-28.071962639998574
1192,-0.00010000000000331966,-1.4210854715202004e-14,1.2434497875801753e-13,0.0,0.0,0.0,-25.09549999999999,-29.685499999998413,0.00010000000000687237,6.252776074688882e-13,39.830900000000184,-4.693128480000006,-54.7809999999979,35.137771520000115,-19.643228479998015
1193,-0.00010000000000331966,1.3500311979441904e-13,0.0001000000000921375,0.0,0.0,0.0,-28.58989999999999,-18.24590000000125,1.2434497875801753e-14,8.526512829121202e-14,26.6649999999998,-4.373294400000001,-46.835799999999935,22.291705599999908,-24.544094399999793
1194,-1.509903313490213e-14,3.552713678800501e-14,-2.220446049250313e-14,0.0,0.0,0.0,-28.281699999999958,-29.55390000000004,-2.1316282072803006e-14,2.8421709430404007e-13,34.37379999999999,-4.7018786400000065,-57.8355999999998,29.671921359999992,-28.16367863999959
1195,9.999999997933884e-05,-7.815970093361102e-14,-5.5067062021407764e-14,0.0,0.0,0.0,-23.130300000000044,-35.75719999999953,-1.5987211554602254e-14,-8.526512829121202e-14,39.834099999999985,-4.803230160000002,-58.88739999999966,35.030869839999994,-23.856530160000105
1196,2.042810365310288e-14,-6.394884621840902e-14,-9.999999994203534e-05,0.0,0.0,0.0,-29.836600000000008,-27.28050000000068,-3.552713678800501e-15,9.999999943488547e-05,35.213100000000146,-4.6754524799999935,-57.11710000000079,30.53764752000026,-26.579452480000086
1197,-0.00010000000004417586,4.263256414560601e-14,7.105427357601002e-15,0.0,0.0,0.0,-26.584000000000042,-22.985900000000086,1.7763568394002505e-15,9.999999974752427e-05,27.375900000000026,-4.489928639999996,-49.56990000000003,22.88597135999996,-26.683928639999394
1198,-3.907985046680551e-14,0.00010000000004595222,-9.99999997954859e-05,0.0,0.0,0.0,-23.900200000000005,-28.253399999999438,-7.105427357601002e-15,1.1368683772161603e-13,39.55690000000001,-4.355616240000005,-52.153599999998335,35.20128376000011,-16.95231623999868
1199,3.907985046680551e-14,-9.999999985055297e-05,-3.019806626980426e-14,0.0,0.0,0.0,-23.514399999999977,-24.62049999999909,1.9539925233402755e-14,-5.400124791776761e-13,32.0549,-4.338279359999998,-48.134999999999096,27.716620640000073,-20.418379359999705
1200,9.999999999976694e-05,-5.3290705182007514e-14,9.999999993404174e-05,0.0,0.0,0.0,-28.00550000000002,-23.507000000001653,7.105427357601002e-15,-3.126388037344441e-13,27.220200000000112,-4.516115760000002,-51.512300000002284,22.704084240000093,-28.80821576000173
1201,3.907985046680551e-14,9.999999991450181e-05,0.00010000000018628441,0.0,0.0,0.0,-31.68830000000001,-27.02640000000028,-2.1316282072803006e-14,-2.842170943040401e-14,34.36720000000003,-4.654756080000002,-58.714500000000726,29.7124439200001,-29.002056080000855
1202,0.00010000000001308962,1.0658141036401503e-14,-3.552713678800501e-14,0.0,0.0,0.0,-25.858999999999995,-23.60649999999947,-9.999999998022702e-05,-4.547473508864641e-13,26.39849999999997,-4.306813920000006,-49.46550000000053,22.091686079999906,-27.3738139200004
1203,-2.4868995751603507e-14,9.999999995713438e-05,1.3677947663381929e-13,0.0,0.0,0.0,-25.36030000000004,-23.89429999999961,2.1316282072803006e-14,-9.999999977594598e-05,33.16310000000008,-4.739458320000001,-49.25459999999967,28.423641680000014,-20.83095831999944
1204,-3.552713678800501e-15,9.999999999621423e-05,1.1368683772161603e-13,0.0,0.0,0.0,-28.17159999999999,-25.55730000000021,-2.1316282072803006e-14,-2.5579538487363607e-13,34.47970000000018,-4.392550080000008,-53.728800000000035,30.08714992000013,-23.641650079999906
1205,-2.6645352591003757e-14,1.3145040611561853e-13,6.394884621840902e-14,0.0,0.0,0.0,-25.27380000000005,-20.37459999999885,1.9539925233402755e-14,-2.842170943040401e-14,31.800700000000163,-4.693040640000001,-45.648399999998915,27.107659360000127,-18.540740639999015
1206,-1.4210854715202004e-14,9.999999999621423e-05,5.329070518200751e-15,0.0,0.0,0.0,-28.235600000000044,-30.605799999999874,2.4868995751603507e-14,0.0,35.44890000000015,-4.666931280000002,-58.84129999999962,30.78196872000015,-28.05933127999947
1207,2.842170943040401e-14,-1.7763568394002505e-14,-1.1723955140041653e-13,0.0,0.0,0.0,-26.299099999999957,-20.655899999999875,-0.0001000000000015433,-3.126388037344441e-13,25.707699999999917,-4.366313279999998,-46.95510000000094,21.34138672000001,-25.613713280000923
1208,-2.4868995751603507e-14,3.907985046680551e-14,1.2434497875801753e-14,0.0,0.0,0.0,-26.18230000000004,-25.846400000000806,-3.375077994860476e-14,-4.831690603168681e-13,33.05959999999999,-4.496557680000008,-52.02870000000206,28.563042319999933,-23.465657680002124
1209,-0.00010000000002463594,4.618527782440651e-14,-1.2434497875801753e-13,0.0,0.0,0.0,-20.112600000000086,-26.18770000000115,-9.999999998200337e-05,1.1368683772161603e-13,35.86049999999996,-4.317678000000004,-46.300500000001875,31.542822000000086,-14.757678000002244
1210,-0.00010000000002463594,4.618527782440651e-14,9.999999989140917e-05,0.0,0.0,0.0,-21.54520000000009,-9.951299999999051,-3.552713678800501e-15,1.9895196601282805e-13,23.330200000000023,-4.108002480000001,-31.496499999999145,19.222197520000037,-12.274302479999335
1211,-1.687538997430238e-14,1.4210854715202004e-14,1.758593271006248e-13,0.0,0.0,0.0,-18.73730000000003,-26.523599999999043,-3.019806626980426e-14,4.831690603168681e-13,37.853100000000055,-4.140876239999997,-45.26089999999935,33.71222376000011,-11.548676239998798
1212,2.3092638912203256e-14,1.7763568394002505e-14,5.861977570020827e-14,0.0,0.0,0.0,-17.40319999999999,-31.907400000000173,-9.99999999891088e-05,-2.842170943040401e-14,43.8349999999998,-3.9609583200000142,-49.310699999999684,39.874041679999706,-9.436658320000205
1213,-3.552713678800501e-15,0.00010000000000331966,1.2967404927621828e-13,0.0,0.0,0.0,-21.7929000000001,-21.82469999999899,-2.4868995751603507e-14,3.126388037344441e-13,28.374299999999952,-3.9533918399999943,-43.61749999999884,24.420908160000042,-19.196591839998803
1214,-3.375077994860476e-14,9.99999999891088e-05,6.394884621840902e-14,0.0,0.0,0.0,-16.74580000000001,-25.4665000000004,0.00010000000000864873,8.526512829121202e-14,34.9797999999999,-3.975700319999997,-42.212100000000646,31.00409967999993,-11.208000320000494
1215,-3.197442310920451e-14,-9.99999999109491e-05,2.1316282072803006e-14,0.0,0.0,0.0,-17.97040000000002,-19.259400000000007,-5.329070518200751e-15,-3.694822225952521e-13,28.338800000000106,-3.735905040000003,-37.229900000000086,24.602894959999947,-12.627005040000142
1216,-1.7763568394002505e-15,1.7763568394002505e-14,-6.217248937900877e-14,0.0,0.0,0.0,-12.319999999999983,-21.45359999999868,4.085620730620576e-14,-4.831690603168681e-13,28.498200000000033,-3.36308904,-33.773599999998865,25.135110960000155,-8.63848903999893
1217,9.999999999266151e-05,1.7408297026122455e-13,9.999999989496189e-05,0.0,0.0,0.0,-18.032299999999964,-19.999499999998704,-0.00010000000002108322,3.410605131648481e-13,31.643000000000136,-3.584196719999997,-38.03169999999794,28.05880328000026,-9.97289671999792
1218,-4.3520742565306136e-14,-2.1316282072803006e-14,-0.00010000000009569021,0.0,0.0,0.0,-19.11769999999999,-36.38199999999888,-1.7763568394002505e-14,-4.831690603168681e-13,46.14689999999997,-4.310053200000004,-55.499799999999524,41.836846799999854,-13.662953199999208
1219,-0.0001000000000095369,-0.00010000000011345378,-9.999999991272546e-05,0.0,0.0,0.0,-32.84680000000004,-23.244399999999743,0.00010000000001930687,-3.979039320256561e-13,30.52360000000016,-4.539623760000005,-56.09140000000055,25.98397624000007,-30.107423760000927
1220,-3.375077994860476e-14,-3.197442310920451e-14,1.2256862191861728e-13,0.0,0.0,0.0,-22.722500000000032,-25.039600000000767,8.881784197001252e-15,-7.958078640513122e-13,35.672300000000135,-4.318486559999997,-47.7621000000009,31.35381344000029,-16.408286560001073
1221,0.0,7.460698725481052e-14,9.999999985943475e-05,0.0,0.0,0.0,-21.469499999999975,-25.81909999999914,-9.999999998022702e-05,6.821210263296962e-13,31.50450000000001,-3.8493194400000075,-47.28859999999864,27.65518055999999,-19.633419439998875
1222,9.999999999088516e-05,-9.999999996068709e-05,9.769962616701378e-14,0.0,0.0,0.0,-25.596200000000028,-36.82059999999991,-2.842170943040401e-14,-0.00010000000017384991,38.63970000000011,-4.693981680000004,-62.41689999999973,33.94571832000008,-28.471181679999887
1223,7.993605777301127e-15,9.947598300641403e-14,-9.999999985410568e-05,0.0,0.0,0.0,-23.815199999999965,-32.647799999999776,2.3092638912203256e-14,-4.547473508864641e-13,37.52639999999978,-4.2139526400000005,-56.463100000000196,33.31244735999985,-23.150652639999876
1224,9.999999997711839e-05,-1.3145040611561853e-13,-9.999999990384367e-05,0.0,0.0,0.0,-31.43680000000006,-16.332700000000905,2.4868995751603507e-14,0.00010000000077070581,23.283500000000082,-4.500440640000003,-47.76939999999965,18.78305935999995,-28.986340639999923
1225,-4.440892098500626e-15,3.552713678800501e-15,-2.4868995751603507e-14,0.0,0.0,0.0,-27.721799999999973,-19.221399999999328,1.7763568394002505e-14,-3.410605131648481e-13,27.65969999999989,-4.683977280000001,-46.9432000000008,22.975722719999727,-23.96747728000085
1226,-8.881784197001252e-15,-1.0658141036401503e-14,-2.1316282072803006e-14,0.0,0.0,0.0,-29.956200000000027,-15.04990000000086,-9.999999998200337e-05,3.126388037344441e-13,27.332400000000195,-4.722551279999998,-45.00620000000043,22.60984872000022,-22.396351280000445
1227,-1.4210854715202004e-14,9.99999999642398e-05,-2.007283228522283e-13,0.0,0.0,0.0,-28.606399999999987,-29.518000000000235,-9.99999999891088e-05,5.684341886080802e-14,34.10410000000007,-4.757585760000003,-58.124399999998985,29.346514240000076,-28.777885759998895
1228,9.999999999621423e-05,-0.00010000000001042508,-7.815970093361102e-14,0.0,0.0,0.0,-23.196200000000033,-19.98459999999951,-2.6645352591003757e-14,8.526512829121202e-14,27.365399999999863,-4.2196464000000065,-43.180799999999635,23.145753599999793,-20.035046399999842
1229,1.7763568394002505e-14,0.00010000000004950493,7.993605777301127e-14,0.0,0.0,0.0,-25.836599999999976,-32.38219999999958,-4.440892098500626e-14,5.684341886080801e-13,36.31170000000017,-4.374886319999996,-58.21869999999906,31.936813680000142,-26.281886319999373
1230,-1.199040866595169e-14,-1.4210854715202004e-14,9.999999992693631e-05,0.0,0.0,0.0,-28.417500000000043,-29.833799999999016,3.907985046680551e-14,5.684341886080802e-14,36.898700000000076,-4.804113599999999,-58.25119999999974,32.09458640000005,-26.15661359999993
1231,1.5987211554602254e-14,-1.4210854715202004e-14,9.99999999766743e-05,0.0,0.0,0.0,-30.397100000000016,-27.301799999998543,0.00010000000000331966,0.00010000000017384991,30.306100000000054,-4.696541280000003,-57.698599999998464,25.60955872000003,-32.0890412799982
1232,-6.661338147750939e-15,1.7763568394002505e-14,7.460698725481052e-14,0.0,0.0,0.0,-27.411499999999933,-21.987900000000806,-0.00010000000003174137,-1.4210854715202004e-13,30.823199999999876,-4.520953439999998,-49.39950000000037,26.30224655999973,-23.097253440000188
1233,5.329070518200751e-15,1.3500311979441904e-13,-1.2434497875801753e-13,0.0,0.0,0.0,-29.441900000000047,-35.869200000000426,-0.00010000000003707044,-2.842170943040401e-14,38.264299999999956,-4.72941288,-65.31120000000001,33.53488711999988,-31.77631288000036
1234,9.999999998733244e-05,1.7763568394002505e-14,9.999999998555609e-05,0.0,0.0,0.0,-30.354600000000037,-31.394099999999092,-9.999999999799059e-05,-2.842170943040401e-14,37.37249999999998,-4.624146720000003,-61.74859999999853,32.748353279999975,-29.00024671999857
1235,1.2434497875801753e-14,3.907985046680551e-14,3.197442310920451e-14,0.0,0.0,0.0,-31.687500000000032,-26.58669999999944,-2.4868995751603507e-14,0.00010000000006016307,34.71890000000009,-4.896281519999995,-58.27409999999924,29.822618480000084,-28.45148151999892
1236,-3.9968028886505635e-14,-6.039613253960852e-14,0.0001000000000139778,0.0,0.0,0.0,-31.364500000000007,-30.070699999999896,-9.999999999443787e-05,-8.526512829121202e-14,39.33629999999985,-4.7305310400000025,-61.435200000000506,34.605768959999835,-26.829431040000216
1237,-2.220446049250313e-14,0.0001000000001170065,-1.1723955140041653e-13,0.0,0.0,0.0,-28.15829999999996,-25.742999999999988,-3.730349362740526e-14,-1.9895196601282805e-13,30.519700000000032,-4.890431519999998,-53.90120000000033,25.62926848000005,-28.27193152000028
1238,-0.00010000000000243148,9.237055564881302e-14,-9.999999999976694e-05,0.0,0.0,0.0,-29.290100000000002,-33.13930000000062,-0.0001000000000139778,0.00010000000037280188,36.23359999999995,-4.758347519999997,-62.42959999999955,31.475252480000055,-30.95434751999973
1239,1.509903313490213e-14,6.039613253960852e-14,-1.1723955140041653e-13,0.0,0.0,0.0,-30.485300000000045,-21.44620000000009,-5.329070518200751e-15,-9.999999966225914e-05,27.164600000000092,-4.687113600000002,-51.93159999999938,22.477486400000103,-29.454113599998593
1240,4.440892098500626e-15,1.0658141036401503e-14,-1.0125233984581428e-13,0.0,0.0,0.0,-25.503999999999913,-33.40470000000016,5.1514348342607263e-14,3.694822225952521e-13,35.74299999999998,-4.775488560000003,-58.908700000000636,30.96751143999987,-27.94118856000054
1241,5.329070518200751e-15,0.00010000000004595222,3.552713678800501e-15,0.0,0.0,0.0,-31.70900000000004,-29.214000000001548,-1.7763568394002505e-15,-3.410605131648481e-13,35.208999999999875,-4.807404000000007,-60.92290000000176,30.40159600000001,-30.521304000001976
1242,0.0,-1.2079226507921703e-13,1.6342482922482304e-13,0.0,0.0,0.0,-29.97239999999998,-23.083500000001038,-1.9539925233402755e-14,-5.400124791776761e-13,30.796699999999944,-4.682586960000004,-53.05590000000181,26.11411304000007,-26.941786960001977
1243,3.197442310920451e-14,-3.552713678800501e-14,0.00010000000001042508,0.0,0.0,0.0,-26.174199999999992,-33.13020000000037,-2.1316282072803006e-14,0.00010000000023069333,39.08589999999993,-4.833285839999997,-59.304200000000435,34.2526141599999,-25.05158584000054
1244,-2.220446049250313e-14,-4.618527782440651e-14,5.684341886080802e-14,0.0,0.0,0.0,-31.89710000000008,-22.839400000000346,9.999999999621423e-05,-5.684341886080802e-14,34.230900000000055,-4.4507937599999945,-54.736400000001,29.780106239999974,-24.956293760000577
1245,7.105427357601002e-15,-2.1316282072803006e-14,-0.00010000000007615029,0.0,0.0,0.0,-32.448200000000064,-20.584399999999604,-0.00010000000003707044,1.9895196601282805e-13,29.20769999999994,-4.698954719999998,-53.03279999999941,24.50874527999983,-28.524054719999597
1246,-2.220446049250313e-14,3.552713678800501e-15,4.618527782440651e-14,0.0,0.0,0.0,-27.0455,-19.04099999999928,-2.4868995751603507e-14,2.2737367544323206e-13,26.21519999999989,-4.422094560000003,-46.0864999999999,21.793105439999763,-24.29339455999991
1247,7.105427357601002e-15,-9.999999987897468e-05,-1.2434497875801753e-13,0.0,0.0,0.0,-27.178699999999996,-26.28680000000108,3.552713678800501e-15,9.999999988963282e-05,35.062200000000054,-4.543857360000003,-53.4655000000009,30.518342639999965,-22.9471573600014
1248,-5.329070518200751e-15,-1.3855583347321954e-13,-0.00010000000016141541,0.0,0.0,0.0,-24.755799999999958,-23.124100000001448,1.5987211554602254e-14,5.684341886080802e-14,33.236199999999876,-4.4880580799999965,-47.88000000000169,28.748141919999952,-19.131858080002203
1249,3.6415315207705135e-14,2.1316282072803006e-14,-3.907985046680551e-14,0.0,0.0,0.0,-27.01390000000001,-10.566600000000243,2.3092638912203256e-14,-2.8421709430404007e-13,19.317799999999988,-4.3263676800000015,-37.58050000000078,14.991432319999987,-22.589067680001023
1250,3.552713678800501e-15,-1.4210854715202004e-14,-1.1901590823981678e-13,0.0,0.0,0.0,-24.68409999999993,-33.794999999998915,3.375077994860476e-14,9.999999943488547e-05,33.33439999999996,-4.487634720000004,-58.478999999999445,28.846765280000028,-29.632234719999417
1251,-7.105427357601002e-15,7.460698725481052e-14,-1.5276668818842154e-13,0.0,0.0,0.0,-27.50150000000001,-32.81750000000041,-5.329070518200751e-15,-2.8421709430404007e-13,39.36709999999995,-4.468713840000001,-60.31900000000101,34.89838615999996,-25.420613840001053
1252,4.618527782440651e-14,-2.0250467969162855e-13,-0.0001000000000015433,0.0,0.0,0.0,-22.776900000000012,-26.89230000000085,3.730349362740526e-14,-4.547473508864641e-13,32.76839999999984,-4.272454799999997,-49.66930000000268,28.49594519999988,-21.173354800002798
1253,3.552713678800501e-15,-3.197442310920451e-14,1.6697754290362354e-13,0.0,0.0,0.0,-27.18069999999993,-25.394499999999418,-7.105427357601002e-15,-9.999999991805453e-05,34.40240000000007,-4.491510479999996,-52.57529999999838,29.91088952,-22.664410479998608
1254,-1.687538997430238e-14,-1.8474111129762605e-13,-4.973799150320701e-14,0.0,0.0,0.0,-25.78719999999999,-32.86229999999972,1.5987211554602254e-14,2.5579538487363607e-13,37.708799999999975,-4.355527680000005,-58.64949999999918,33.353272319999974,-25.29622767999942
1255,0.0,6.394884621840902e-14,-1.7763568394002505e-14,0.0,0.0,0.0,-29.300999999999984,-33.77840000000109,-1.2434497875801753e-14,-0.00010000000028753675,35.0625000000001,-4.500782640000003,-63.07950000000071,30.561717359999935,-32.51778264000055
1256,-1.4210854715202004e-14,-1.4210854715202004e-14,1.9539925233402755e-14,0.0,0.0,0.0,-23.120799999999953,-25.20080000000079,-0.00010000000000509601,-1.7053025658242404e-13,31.72909999999999,-4.119305040000006,-48.32169999999991,27.60979495999999,-20.711905039999465
1257,2.4868995751603507e-14,1.0658141036401503e-13,6.039613253960852e-14,0.0,0.0,0.0,-25.40340000000002,-20.78659999999885,-1.0658141036401503e-14,3.410605131648481e-13,25.047899999999956,-4.2185217599999945,-46.18999999999825,20.829378239999848,-25.360621759997727
1258,-1.5987211554602254e-14,-3.907985046680551e-14,2.4868995751603507e-14,0.0,0.0,0.0,-24.794800000000016,-30.16830000000136,4.440892098500626e-14,-4.263256414560601e-13,35.32650000000001,-4.454217360000001,-54.963100000002584,30.872282639999938,-24.090817360002873
1259,9.999999999266151e-05,-6.394884621840902e-14,-4.618527782440651e-14,0.0,0.0,0.0,-17.992299999999958,-34.25620000000136,2.1316282072803006e-14,-7.105427357601002e-13,37.904500000000105,-4.359074400000005,-52.24840000000205,33.54542559999996,-18.702974400001878
1260,3.019806626980426e-14,0.0001000000000672685,0.00010000000005661036,0.0,0.0,0.0,-26.760399999999986,-27.86639999999982,9.99999999891088e-05,7.958078640513122e-13,34.22929999999997,-4.296595680000001,-54.62649999999887,29.93270432000014,-24.693795679998274
1261,-2.842170943040401e-14,1.0658141036401503e-13,3.552713678800501e-14,0.0,0.0,0.0,-29.43209999999995,-16.552400000000567,1.5987211554602254e-14,8.526512829121202e-14,27.231800000000028,-4.64925528,-45.984499999999215,22.582544719999973,-23.40195527999947
1262,-0.0001000000000015433,1.4921397450962104e-13,-1.0658141036401503e-13,0.0,0.0,0.0,-28.38480000000003,-32.41140000000116,-3.907985046680551e-14,-3.410605131648481e-13,37.80940000000004,-4.622765759999999,-60.796300000001764,33.186634240000174,-27.609665760001818
1263,1.5987211554602254e-14,8.526512829121202e-14,6.572520305780927e-14,0.0,0.0,0.0,-28.764700000000015,-35.340999999999255,-1.7763568394002505e-15,-5.684341886080801e-13,41.11249999999998,-4.698929520000007,-64.10569999999979,36.41357047999995,-27.692129520000066
1264,-7.993605777301127e-15,1.1723955140041653e-13,-1.1901590823981678e-13,0.0,0.0,0.0,-32.12149999999998,-23.583300000000335,1.0658141036401503e-14,2.8421709430404007e-13,34.24539999999997,-4.745926079999997,-55.70479999999918,29.499473920000028,-26.20532607999938
1265,-0.0001000000000264123,-3.552713678800501e-15,1.0480505352461478e-13,0.0,0.0,0.0,-30.01459999999992,-32.4087999999988,-9.999999997489795e-05,-1.4210854715202004e-13,38.47119999999991,-4.7954448,-62.42360000000048,33.67575519999984,-28.747844799999953
1266,-2.398081733190338e-14,3.552713678800501e-15,0.00010000000001220144,0.0,0.0,0.0,-29.838900000000052,-24.440099999998367,4.263256414560601e-14,-1.9895196601282805e-13,30.266300000000083,-4.652443439999995,-54.27889999999876,25.613856560000173,-28.665043439998584
1267,1.7763568394002505e-15,-1.0658141036401503e-14,5.684341886080802e-14,0.0,0.0,0.0,-23.128599999999974,-29.787599999999777,0.0001000000000139778,1.4210854715202004e-13,36.72190000000004,-4.290862319999997,-52.916099999999645,32.43103768000018,-20.48506232000014
1268,-5.329070518200751e-15,-9.999999987897468e-05,-0.00010000000016852084,0.0,0.0,0.0,-26.30489999999991,-20.885100000000108,2.842170943040401e-14,1.9895196601282805e-13,31.293900000000185,-4.190533200000003,-47.1902000000008,27.103366800000153,-20.086833200000655
1269,-3.730349362740526e-14,-2.1316282072803006e-14,-9.237055564881302e-14,0.0,0.0,0.0,-22.73120000000001,-22.44720000000015,-3.552713678800501e-15,0.00010000000034438017,31.39520000000004,-4.151175840000004,-45.178299999999794,27.244024160000038,-17.93427583999953
1270,-5.240252676230739e-14,-8.526512829121202e-14,2.4868995751603507e-14,0.0,0.0,0.0,-25.504000000000055,-23.96020000000015,-1.9539925233402755e-14,7.389644451905042e-13,33.60610000000001,-4.507151039999991,-49.464199999999934,29.098948959999902,-20.36525103999935
1271,-1.509903313490213e-14,8.171241461241152e-14,-0.0001000000000015433,0.0,0.0,0.0,-23.367500000000085,-36.745499999999474,3.552713678800501e-15,0.000100000000458067,42.78609999999985,-4.356716399999996,-60.11299999999994,38.42938359999994,-21.683616399999778
1272,-0.00010000000001753051,-6.750155989720952e-14,-9.999999991450181e-05,0.0,0.0,0.0,-22.920800000000078,-37.93580000000019,3.907985046680551e-14,-8.526512829121202e-14,39.68819999999995,-4.299585120000003,-60.85680000000066,35.388614879999864,-25.468185120000797
1273,-1.2434497875801753e-14,6.039613253960852e-14,5.329070518200751e-15,0.0,0.0,0.0,-26.791500000000102,-29.941000000001118,1.5987211554602254e-14,5.968558980384842e-13,38.90200000000011,-4.331975759999999,-56.73250000000088,34.570024240000066,-22.162475760000802
1274,-8.881784197001252e-16,9.999999997489795e-05,-0.00010000000009391385,0.0,0.0,0.0,-22.379400000000043,-28.090899999998463,-2.4868995751603507e-14,-7.389644451905042e-13,39.75579999999998,-4.4671831199999925,-50.47030000000031,35.28861688000007,-15.18168312000023
1275,-4.973799150320701e-14,-1.1013412404281553e-13,-1.1191048088221578e-13,0.0,0.0,0.0,-27.506900000000066,-27.501800000001047,1.0658141036401503e-14,7.958078640513122e-13,33.77469999999997,-4.37172624,-55.008700000000175,29.402973760000105,-25.605726240000294
1276,-9.999999999532605e-05,2.4868995751603507e-14,-1.1191048088221578e-13,0.0,0.0,0.0,-27.565500000000014,-20.44619999999898,4.796163466380676e-14,0.0,29.126700000000014,-4.4568568799999975,-48.01180000000018,24.66984312000001,-23.34195688000017
1277,-1.509903313490213e-14,-4.618527782440651e-14,0.00010000000005305765,0.0,0.0,0.0,-28.92019999999991,-30.795099999999103,-4.973799150320701e-14,-7.673861546209082e-13,35.93940000000004,-4.758557040000001,-59.71519999999916,31.180842960000135,-28.534357039999264
1278,2.398081733190338e-14,-6.039613253960852e-14,-1.0658141036401503e-13,0.0,0.0,0.0,-28.398100000000028,-22.991799999999664,-1.0658141036401503e-14,-9.999999986121111e-05,28.990999999999936,-4.505488560000005,-51.38999999999926,24.485511439999833,-26.904488559999194
1279,2.6645352591003757e-14,6.750155989720952e-14,9.414691248821327e-14,0.0,0.0,0.0,-28.644599999999937,-31.929500000001582,5.329070518200751e-15,-2.8421709430404007e-13,35.51379999999999,-4.70114568,-60.57410000000172,30.81265431999994,-29.761445680001785
1280,-4.618527782440651e-14,9.999999992160724e-05,-2.042810365310288e-13,0.0,0.0,0.0,-27.39459999999998,-24.8271999999994,1.5987211554602254e-14,-0.00010000000054333213,31.939999999999888,-4.427302319999999,-52.22180000000007,27.512697679999917,-24.709102320000383
1281,3.4638958368304884e-14,-0.0001000000002235879,-9.999999992871267e-05,0.0,0.0,0.0,-31.1995,-28.4414999999996,-2.6645352591003757e-14,0.0,35.72279999999986,-4.752282960000002,-59.64119999999923,30.97051703999984,-28.670682959998928
1282,3.019806626980426e-14,-9.999999995002895e-05,-1.5631940186722204e-13,0.0,0.0,0.0,-28.91639999999994,-37.28389999999993,-5.329070518200751e-15,-9.999999974752427e-05,37.51580000000009,-4.709347920000001,-66.20049999999884,32.80645208000016,-33.39404791999935
1283,2.5757174171303632e-14,-7.815970093361102e-14,0.00010000000006016307,0.0,0.0,0.0,-23.74740000000004,-20.77899999999999,-2.4868995751603507e-14,-0.00010000000028753675,26.537100000000024,-4.368725999999996,-44.526399999999654,22.168373999999858,-22.358026000000024
1284,2.930988785010413e-14,-2.1316282072803006e-14,1.6342482922482304e-13,0.0,0.0,0.0,-24.175899999999967,-23.389899999999948,-1.2434497875801753e-14,0.0,34.06750000000001,-4.111700400000001,-47.5657999999989,29.955799599999914,-17.610000399998768
1285,9.999999997312159e-05,-1.4921397450962104e-13,-2.842170943040401e-14,0.0,0.0,0.0,-29.31889999999999,-28.71839999999945,3.019806626980426e-14,4.831690603168681e-13,32.49769999999995,-4.332977280000009,-58.03719999999879,28.16472271999992,-29.87247727999886
1286,-9.769962616701378e-15,6.394884621840902e-14,-1.580957587066223e-13,0.0,0.0,0.0,-23.93199999999997,-23.477200000000053,2.1316282072803006e-14,-1.4210854715202004e-13,34.00740000000018,-4.163251680000002,-47.40920000000071,29.844148320000265,-17.56505168000021
1287,-3.375077994860476e-14,6.039613253960852e-14,-1.2612133559741778e-13,0.0,0.0,0.0,-30.90490000000002,-25.425099999999013,-0.00010000000000509601,-0.00010000000003174137,31.670700000000167,-4.740524640000001,-56.33020000000002,26.93017536000013,-29.400024639999884
1288,2.1316282072803006e-14,-1.3145040611561853e-13,-1.1191048088221578e-13,0.0,0.0,0.0,-25.36759999999994,-35.97519999999917,-1.2434497875801753e-14,-4.831690603168681e-13,43.75060000000012,-4.665487680000005,-61.34279999999892,39.085112320000135,-22.257687679999236
1289,1.1546319456101628e-14,-1.4210854715202004e-14,0.00010000000003529408,0.0,0.0,0.0,-24.707400000000064,-31.35560000000026,2.4868995751603507e-14,-2.2737367544323206e-13,37.32640000000005,-4.544507520000004,-56.062900000000155,32.7818924800002,-23.281007520000188
1290,-1.0658141036401503e-14,8.526512829121202e-14,2.113864638886298e-13,0.0,0.0,0.0,-25.47169999999997,-26.718500000000702,0.0,2.842170943040401e-14,33.538400000000124,-4.440053519999998,-52.19020000000076,29.098346480000057,-23.091853520000697
1291,1.5987211554602254e-14,2.842170943040401e-14,1.4033219031261979e-13,0.0,0.0,0.0,-29.12659999999997,-28.778600000000857,-1.2434497875801753e-14,2.2737367544323206e-13,33.08999999999988,-4.657147200000003,-57.905200000000136,28.432852799999935,-29.472347200000428
1292,-9.99999999891088e-05,1.4566126083082054e-13,0.00010000000002552412,0.0,0.0,0.0,-18.109199999999944,-22.03820000000121,5.329070518200751e-15,1.1368683772161603e-13,29.149999999999945,-4.138634159999999,-40.1474000000012,25.011365839999975,-15.136034160001216
1293,-0.00010000000002463594,-6.394884621840902e-14,0.00010000000001930687,0.0,0.0,0.0,-16.777700000000028,-32.483100000000846,3.552713678800501e-14,-1.7053025658242404e-13,37.1609,-4.341765599999998,-49.26080000000141,32.81913440000013,-16.44166560000174
1294,-1.7763568394002505e-14,-1.2789769243681803e-13,-3.197442310920451e-14,0.0,0.0,0.0,-27.121299999999906,-16.01989999999909,9.999999996601616e-05,-9.999999994647624e-05,27.31980000000002,-4.280117760000007,-43.141199999997795,23.039682239999983,-20.101517759998046
1295,-1.3322676295501878e-14,-8.526512829121202e-14,-6.394884621840902e-14,0.0,0.0,0.0,-28.678999999999967,-33.69630000000049,-0.00010000000000864873,-9.99999995201506e-05,38.281000000000155,-4.581911519999997,-62.37550000000037,33.69908848000012,-28.676411520000244
1296,-4.796163466380676e-14,6.039613253960852e-14,-1.270095140171179e-13,0.0,0.0,0.0,-24.387799999999967,-22.394500000000434,1.4210854715202004e-14,-3.410605131648481e-13,29.980999999999916,-4.3035278400000045,-46.782300000000774,25.677472159999784,-21.104827840000752
1297,-0.00010000000001753051,-6.394884621840902e-14,-1.2612133559741778e-13,0.0,0.0,0.0,-27.920399999999987,-25.35379999999884,-2.842170943040401e-14,0.00010000000023069333,34.47469999999986,-4.662351359999997,-53.27419999999833,29.81234864000001,-23.461851359998093
1298,-3.375077994860476e-14,-9.999999998555609e-05,-1.3855583347321954e-13,0.0,0.0,0.0,-24.10550000000002,-43.726000000000425,1.0658141036401503e-14,2.2737367544323206e-13,45.723300000000094,-4.7967660000000025,-67.83160000000025,40.92653400000013,-26.90506599999989
1299,4.440892098500626e-15,1.0658141036401503e-14,2.842170943040401e-14,0.0,0.0,0.0,-30.898399999999942,-18.844000000000385,3.730349362740526e-14,1.7053025658242404e-13,23.93309999999985,-4.42831752,-49.74240000000002,19.504782479999978,-30.237617519999816
1300,-2.6645352591003757e-14,-1.0658141036401503e-14,1.2434497875801753e-14,0.0,0.0,0.0,-26.37640000000003,-34.13910000000028,-1.7763568394002505e-14,-1.7053025658242404e-13,37.560499999999976,-4.426390079999992,-60.5155000000003,33.13410992000012,-27.381390080000415
1301,2.1760371282653068e-14,0.00010000000003174137,-1.0302869668521453e-13,0.0,0.0,0.0,-27.804600000000033,-30.729799999998903,3.552713678800501e-14,3.410605131648481e-13,37.384599999999956,-4.669779599999998,-58.534299999998154,32.71482039999997,-25.81947959999819
1302,9.999999997312159e-05,0.0,1.1723955140041653e-13,0.0,0.0,0.0,-29.520199999999974,-21.982400000000233,-1.9539925233402755e-14,4.263256414560601e-13,26.809699999999943,-4.570978320000007,-51.50249999999828,22.23872168000006,-29.263778319997755
1303,4.707345624410664e-14,1.0658141036401503e-14,1.5631940186722204e-13,0.0,0.0,0.0,-26.906000000000077,-22.863000000000916,1.2434497875801753e-14,-2.842170943040401e-14,26.45289999999989,-4.344584400000004,-49.76900000000147,22.108315599999948,-27.660684400001756
1304,9.999999997400977e-05,8.526512829121202e-14,0.00010000000014187549,0.0,0.0,0.0,-29.89530000000004,-24.566499999999266,9.999999998555609e-05,2.842170943040401e-14,33.53789999999995,-4.559079600000003,-54.46149999999851,28.978820399999943,-25.482679599998107
1305,1.1546319456101628e-14,0.00010000000001753051,1.2789769243681803e-13,0.0,0.0,0.0,-24.609300000000008,-36.2178999999997,7.105427357601002e-15,4.547473508864641e-13,39.422699999999914,-4.488905519999999,-60.82709999999943,34.933794479999904,-25.893305519999302
1306,2.842170943040401e-14,-3.197442310920451e-14,8.526512829121202e-14,0.0,0.0,0.0,-25.98150000000002,-30.121400000000847,-3.730349362740526e-14,-1.9895196601282805e-13,38.98360000000001,-4.5022284000000035,-56.10290000000033,34.4813716000001,-21.621528400000457
1307,-4.973799150320701e-14,7.460698725481052e-14,1.0302869668521453e-13,0.0,0.0,0.0,-27.656999999999982,-27.761800000000783,1.9539925233402755e-14,-0.00010000000031595846,38.23350000000012,-4.462338959999993,-55.418900000000534,33.77116104000012,-21.64773896000041
1308,2.842170943040401e-14,9.999999999621423e-05,0.00010000000010990107,0.0,0.0,0.0,-24.55170000000002,-19.475700000000245,0.00010000000000687237,3.694822225952521e-13,22.74020000000001,-4.494413520000003,-44.02709999999982,18.245786479999907,-25.78131352000014
1309,9.999999997400977e-05,0.00010000000020582434,8.171241461241152e-14,0.0,0.0,0.0,-24.956999999999987,-31.342699999999688,3.552713678800501e-15,-2.2737367544323206e-13,33.255000000000216,-4.268439359999993,-56.29949999999987,28.98656064000025,-27.312939359999845
1310,1.1546319456101628e-14,-1.0658141036401503e-14,-5.861977570020827e-14,0.0,0.0,0.0,-30.752400000000065,-32.36180000000145,5.5067062021407764e-14,0.00010000000006016307,39.3448999999998,-4.809288959999998,-63.11410000000163,34.53561103999965,-28.57848896000175
1311,3.907985046680551e-14,8.526512829121202e-14,3.197442310920451e-14,0.0,0.0,0.0,-28.484000000000012,-30.131799999999494,3.552713678800501e-15,1.7053025658242404e-13,34.10769999999991,-4.556111039999998,-58.615799999998615,29.55158895999991,-29.06421103999824
1312,-2.1316282072803006e-14,1.7053025658242404e-13,6.394884621840902e-14,0.0,0.0,0.0,-22.34579999999989,-36.25459999999988,1.9539925233402755e-14,-9.99999998327894e-05,42.03989999999993,-4.616511840000006,-58.60049999999926,37.42338815999976,-21.177111839999043
1313,3.375077994860476e-14,0.00010000000002463594,-8.348877145181177e-14,0.0,0.0,0.0,-28.588999999999984,-40.23550000000119,5.329070518200751e-15,-5.684341886080802e-14,41.76840000000004,-4.668161040000002,-68.82440000000085,37.100238960000084,-31.724161040000766
1314,1.5987211554602254e-14,-3.552713678800501e-15,1.3677947663381929e-13,0.0,0.0,0.0,-27.473700000000054,-19.695099999998618,-3.552713678800501e-15,0.00010000000071386239,27.831500000000013,-4.544825039999994,-47.1686999999977,23.286674960000077,-23.882025039997856
1315,9.99999999811152e-05,-1.0658141036401503e-13,3.907985046680551e-14,0.0,0.0,0.0,-22.37259999999995,-32.98430000000125,-0.00010000000001575415,1.4210854715202004e-13,39.979399999999885,-4.885498080000003,-55.35690000000001,35.0939019199999,-20.262998080000557
1316,0.00010000000000687237,-3.197442310920451e-14,-3.730349362740526e-14,0.0,0.0,0.0,-24.332499999999985,-22.832499999998305,-3.552713678800501e-15,4.547473508864641e-13,33.973099999999945,-4.209988319999999,-47.16489999999881,29.76311167999993,-17.401788319998644
1317,-1.3322676295501878e-14,7.105427357601002e-14,-7.105427357601002e-15,0.0,0.0,0.0,-20.506299999999932,-34.02889999999939,1.4210854715202004e-14,-9.99999992359335e-05,34.38860000000004,-4.308315839999999,-54.53529999999883,30.08028415999996,-24.455015839998637
1318,-6.217248937900877e-15,-4.263256414560601e-14,-3.907985046680551e-14,0.0,0.0,0.0,-26.62400000000006,-17.470299999998737,-0.00010000000000509601,9.999999988963282e-05,24.016799999999886,-4.492138319999999,-44.094299999998256,19.524661679999873,-24.569638319998376
1319,-2.4868995751603507e-14,0.00010000000012055921,7.460698725481052e-14,0.0,0.0,0.0,-27.932000000000002,-17.248300000000086,9.999999998377973e-05,8.526512829121202e-14,26.540799999999958,-4.403946239999998,-45.18010000000035,22.13685375999998,-23.043246239999917
1320,0.00010000000000331966,4.263256414560601e-14,1.056932319443149e-13,0.0,0.0,0.0,-24.805299999999967,-23.842600000000637,4.085620730620576e-14,4.547473508864641e-13,30.434300000000114,-4.357087919999995,-48.647800000000515,26.07721208000002,-22.57058792000005
1321,0.00010000000002552412,-1.7763568394002505e-14,-1.545430450278218e-13,0.0,0.0,0.0,-27.794399999999992,-22.384099999998874,-1.4210854715202004e-14,-5.684341886080801e-13,34.40120000000003,-4.889518559999999,-50.178399999999655,29.511681439999887,-20.666718559999538
1322,9.999999998555609e-05,9.999999997489795e-05,0.00010000000015075727,0.0,0.0,0.0,-28.18950000000001,-25.317200000000852,-9.999999995180531e-05,3.979039320256561e-13,33.72589999999998,-4.592422079999998,-53.50650000000172,29.133477919999972,-24.373022080001064
1323,1.3322676295501878e-14,0.00010000000012411192,2.6645352591003757e-14,0.0,0.0,0.0,-28.70219999999998,-28.212399999999953,0.00010000000001575415,3.410605131648481e-13,37.7771999999998,-4.6026043199999975,-56.9144000000005,33.17459567999977,-23.739804320000957
1324,1.509903313490213e-14,-3.552713678800501e-14,3.730349362740526e-14,0.0,0.0,0.0,-22.60290000000002,-33.22899999999999,-8.881784197001252e-15,-1.1368683772161603e-13,39.866400000000006,-4.454905680000005,-55.83189999999989,35.411494320000024,-20.420405679999405
1325,0.0,-1.5987211554602254e-13,3.552713678800501e-15,0.0,0.0,0.0,-24.75759999999995,-20.58349999999983,-0.0001000000000264123,5.684341886080801e-13,29.53179999999996,-4.303076400000004,-45.34119999999979,25.22872359999993,-20.112476399999863
1326,4.796163466380676e-14,6.750155989720952e-14,0.00010000000003351772,0.0,0.0,0.0,-21.608200000000018,-34.05100000000141,2.3092638912203256e-14,9.999999988963282e-05,38.11669999999988,-4.664230559999998,-55.65900000000147,33.45246943999992,-22.206530560000857
1327,-9.999999997489795e-05,-2.1316282072803006e-14,3.552713678800501e-14,0.0,0.0,0.0,-29.805300000000027,-22.853200000000456,-1.7763568394002505e-14,-6.536993168992922e-13,28.130600000000044,-4.533675839999997,-52.658600000000476,23.59692416000007,-29.06167583999995
1328,0.0,0.00010000000007082122,-0.00010000000009746657,0.0,0.0,0.0,-30.28220000000007,-25.509300000000444,-1.0658141036401503e-14,-0.00010000000023069333,32.90840000000004,-4.854253680000002,-55.79160000000118,28.054146320000136,-27.737453680000826
1329,2.6645352591003757e-14,-7.105427357601002e-15,-9.999999997134523e-05,0.0,0.0,0.0,-28.26299999999998,-26.943099999999035,9.999999998733244e-05,6.252776074688882e-13,32.27659999999991,-4.913227440000002,-55.206099999998116,27.36337256,-27.842727439997887
1330,-3.375077994860476e-14,8.881784197001252e-14,-2.1316282072803006e-14,0.0,0.0,0.0,-29.414799999999964,-20.205000000001093,1.9539925233402755e-14,9.999999986121111e-05,32.303600000000046,-4.809807360000001,-49.61970000000058,27.493792640000034,-22.12590736000078
1331,-9.999999998466791e-05,-1.0658141036401503e-14,3.197442310920451e-14,0.0,0.0,0.0,-31.10680000000001,-28.34929999999965,-4.440892098500626e-14,-2.2737367544323206e-13,34.44700000000003,-4.276540080000004,-59.4561999999991,30.170459920000162,-29.285740079998703
1332,0.00010000000001220144,-1.2079226507921703e-13,-7.105427357601002e-15,0.0,0.0,0.0,-32.161199999999944,-26.01490000000048,8.881784197001252e-15,-5.968558980384842e-13,33.547799999999995,-4.819417200000004,-58.17600000000067,28.728382799999952,-29.44761720000048
1333,-2.1316282072803006e-14,-0.00010000000015963906,0.00010000000007082122,0.0,0.0,0.0,-27.647899999999943,-26.139199999999903,-9.999999999621423e-05,-5.115907697472721e-13,36.20050000000009,-4.7736820799999995,-53.78720000000024,31.42681792000006,-22.36038207999995
1334,2.6645352591003757e-15,0.0001000000000139778,9.999999988963282e-05,0.0,0.0,0.0,-28.146999999999935,-28.724500000000916,9.999999999266151e-05,3.410605131648481e-13,31.80010000000007,-4.722757919999998,-56.87120000000044,27.077342080000072,-29.79385791999991
1335,-9.999999999177334e-05,-3.907985046680551e-14,6.572520305780927e-14,0.0,0.0,0.0,-26.883599999999976,-24.202099999999753,4.973799150320701e-14,-3.126388037344441e-13,35.75639999999997,-4.609729439999995,-51.08579999999995,31.14667055999988,-19.93912943999962
1336,8.881784197001252e-15,-4.263256414560601e-14,1.9184653865522705e-13,0.0,0.0,0.0,-25.62599999999994,-20.518299999999975,1.0658141036401503e-14,9.999999966225914e-05,31.250500000000137,-4.563511919999998,-46.144200000000424,26.686988080000262,-19.45721192000039
1337,1.0658141036401503e-14,9.999999994647624e-05,4.263256414560601e-14,0.0,0.0,0.0,-27.711900000000004,-32.998300000000114,1.9539925233402755e-14,9.999999974752427e-05,39.98909999999999,-4.527173520000005,-60.710000000000576,35.46192648000002,-25.248073520000787
1338,-3.4638958368304884e-14,-1.2434497875801753e-13,6.750155989720952e-14,0.0,0.0,0.0,-28.613999999999997,-30.19160000000022,-4.973799150320701e-14,-2.5579538487363607e-13,34.25390000000001,-4.480701120000003,-58.805599999999544,29.773198879999978,-29.032401119999335
1339,-4.263256414560601e-14,9.947598300641403e-14,-0.00010000000008858478,0.0,0.0,0.0,-30.438200000000016,-27.00130000000032,9.999999997134523e-05,-2.8421709430404007e-13,35.401100000000014,-4.567456079999996,-57.43950000000113,30.83364392000001,-26.605856080000663
1340,-0.0001000000000264123,-3.907985046680551e-14,-1.4210854715202004e-13,0.0,0.0,0.0,-27.99949999999996,-33.000800000000346,-0.00010000000002285958,-1.1368683772161603e-13,37.96469999999991,-4.42131983999999,-61.00050000000098,33.54338016000009,-27.457119840001127
1341,9.999999997578612e-05,2.1316282072803006e-14,1.5276668818842154e-13,0.0,0.0,0.0,-20.853299999999905,-33.28120000000068,9.999999996246345e-05,2.5579538487363607e-13,40.0159000000001,-4.357436399999992,-54.13430000000005,35.65846360000013,-18.475836399999466
1342,3.552713678800501e-15,-9.999999999976694e-05,-1.4210854715202004e-13,0.0,0.0,0.0,-23.937299999999915,-35.28379999999917,-3.197442310920451e-14,-9.999999997489795e-05,36.91419999999996,-4.4797464,-59.221299999999786,32.43445359999994,-26.78684640000006
1343,-1.0658141036401503e-14,-1.2079226507921703e-13,-0.0001000000000139778,0.0,0.0,0.0,-27.952700000000007,-24.132899999999992,-3.730349362740526e-14,-2.2737367544323206e-13,32.79179999999998,-4.582523520000004,-52.08570000000087,28.20927647999998,-23.876423520000444
1344,-9.999999999266151e-05,-6.039613253960852e-14,-1.4210854715202004e-14,0.0,0.0,0.0,-24.589500000000015,-34.1260000000003,-4.085620730620576e-14,-2.842170943040401e-14,36.89910000000003,-4.354024319999999,-58.71560000000012,32.54507568000008,-26.17052432000027
1345,3.108624468950438e-14,7.105427357601002e-14,-2.6645352591003757e-14,0.0,0.0,0.0,-26.010199999999973,-39.522999999999165,-3.197442310920451e-14,-1.9895196601282805e-13,43.21909999999994,-4.387077359999992,-65.53319999999981,38.83202264000012,-26.70117735999969
1346,1.4210854715202004e-14,9.999999985410568e-05,7.105427357601002e-15,0.0,0.0,0.0,-28.106699999999933,-28.17570000000085,1.4210854715202004e-14,9.99999995201506e-05,35.16150000000006,-4.286503439999998,-56.282200000000856,30.874996560000014,-25.407203440000387
1347,-1.4210854715202004e-14,0.00010000000000331966,9.947598300641403e-14,0.0,0.0,0.0,-26.936100000000053,-22.540700000001557,-3.019806626980426e-14,-8.526512829121202e-14,30.689199999999985,-4.457311919999999,-49.47670000000181,26.231888080000136,-23.24481192000168
1348,0.00010000000001042508,-1.3855583347321954e-13,-5.861977570020827e-14,0.0,0.0,0.0,-26.66629999999991,-24.932399999999767,1.2434497875801753e-14,4.831690603168681e-13,35.765599999999935,-4.236918479999994,-51.598599999999536,31.528681519999928,-20.069918479999615
1349,1.4210854715202004e-14,0.00010000000002463594,9.999999998200337e-05,0.0,0.0,0.0,-32.84330000000003,-28.193200000000097,0.0,6.536993168992922e-13,33.26009999999991,-4.648145760000006,-61.03630000000024,28.61195423999991,-32.42434576000011
1350,-9.999999995891073e-05,-8.881784197001252e-14,5.329070518200751e-15,0.0,0.0,0.0,-31.278700000000036,-24.021900000000173,1.4210854715202004e-14,8.526512829121202e-14,33.01180000000008,-4.540772879999999,-55.30069999999975,28.471027120000105,-26.829672879999876
1351,-1.7763568394002505e-15,1.3145040611561853e-13,-8.881784197001252e-14,0.0,0.0,0.0,-28.39310000000001,-27.729300000000563,0.00010000000004417586,-5.684341886080802e-14,39.937899999999914,-4.620275279999992,-56.122300000000095,35.3176247199999,-20.804675280000424
1352,-0.00010000000004595222,-3.197442310920451e-14,9.999999993937081e-05,0.0,0.0,0.0,-25.800799999999942,-24.575099999999857,-9.999999998022702e-05,2.5579538487363607e-13,34.68490000000003,-4.351632479999999,-50.375999999999095,30.333267520000113,-20.04273247999899
1353,2.6645352591003757e-14,1.0658141036401503e-14,1.2079226507921703e-13,0.0,0.0,0.0,-25.64799999999997,-29.84310000000012,-4.263256414560601e-14,0.0001000000001454282,29.00290000000001,-4.434134399999994,-55.491000000000454,24.56876559999999,-30.922234400000463
1354,-1.7763568394002505e-14,1.9184653865522705e-13,9.999999996601616e-05,0.0,0.0,0.0,-31.93059999999993,-34.97980000000019,2.3092638912203256e-14,-7.105427357601002e-13,39.21870000000005,-4.908895200000004,-66.9103000000006,34.309804799999924,-32.600495200000694
1355,3.375077994860476e-14,2.842170943040401e-14,1.7763568394002505e-14,0.0,0.0,0.0,-27.477899999999902,-24.9407,-1.7763568394002505e-14,0.00010000000048648872,31.83799999999997,-4.722019920000008,-52.41849999999907,27.115980080000025,-25.302519919999042
1356,2.842170943040401e-14,7.815970093361102e-14,4.618527782440651e-14,0.0,0.0,0.0,-27.847500000000064,-40.99359999999956,2.3092638912203256e-14,1.1368683772161603e-13,42.88460000000009,-4.750163279999999,-68.84109999999808,38.13443672000006,-30.706663279997784
1357,-8.881784197001252e-15,-3.552713678800501e-15,-7.105427357601002e-14,0.0,0.0,0.0,-28.993899999999996,-31.41169999999923,-2.4868995751603507e-14,-0.00010000000028753675,38.017399999999895,-4.746732479999995,-60.40569999999963,33.27066751999987,-27.13503247999931
1358,2.1316282072803006e-14,0.00010000000016319177,9.999999993048903e-05,0.0,0.0,0.0,-25.940500000000004,-12.932000000000258,1.2434497875801753e-14,-3.694822225952521e-13,24.36369999999999,-4.1478012,-38.87230000000032,20.215898800000033,-18.65640120000029
1359,4.973799150320701e-14,-4.618527782440651e-14,1.0480505352461478e-13,0.0,0.0,0.0,-27.117600000000003,-34.69509999999968,4.796163466380676e-14,-0.00010000000025911504,39.46659999999997,-4.606875360000001,-61.812799999998944,34.859724639999996,-26.953075359998948
1360,4.973799150320701e-14,3.907985046680551e-14,-1.3145040611561853e-13,0.0,0.0,0.0,-28.112800000000046,-31.115000000000272,2.6645352591003757e-14,-2.842170943040401e-14,34.05319999999991,-4.452160319999998,-59.22780000000094,29.601039679999836,-29.62676032000087
1361,3.375077994860476e-14,8.881784197001252e-14,3.552713678800501e-14,0.0,0.0,0.0,-27.066300000000087,-25.36489999999891,8.881784197001252e-15,-4.831690603168681e-13,30.018999999999938,-4.453758000000002,-52.431199999999535,25.565241999999984,-26.86595799999978
1362,-3.730349362740526e-14,-9.237055564881302e-14,7.105427357601002e-15,0.0,0.0,0.0,-27.98419999999996,-26.665199999999537,-3.552713678800501e-15,4.831690603168681e-13,33.10189999999989,-4.551522479999999,-54.649399999999076,28.550377519999902,-26.099022479998723
1363,-1.7763568394002505e-15,8.526512829121202e-14,-1.2434497875801753e-13,0.0,0.0,0.0,-27.912000000000056,-25.13830000000003,1.7763568394002505e-14,0.0,32.941999999999986,-4.276910159999999,-53.0502999999991,28.66508984,-24.385210159998863
1364,-3.730349362740526e-14,9.99999999109491e-05,3.907985046680551e-14,0.0,0.0,0.0,-23.17259999999995,-39.88980000000116,-1.7763568394002505e-15,0.00010000000071386239,41.99780000000008,-4.195162799999997,-63.062200000001155,37.80263720000022,-25.25956280000139
1365,1.7763568394002505e-15,3.552713678800501e-15,9.999999999088516e-05,0.0,0.0,0.0,-24.976300000000087,-21.862600000001343,2.3092638912203256e-14,9.99999992359335e-05,30.820999999999785,-4.179427920000003,-46.83870000000229,26.641572079999705,-20.19712792000213
1366,1.2434497875801753e-14,7.105427357601002e-15,0.0,0.0,0.0,0.0,-25.368999999999982,-32.0483999999999,3.375077994860476e-14,0.00010000000008858478,39.92729999999991,-4.472589600000003,-57.417299999999855,35.45471039999984,-21.96258960000003
1367,0.00010000000002818865,0.00010000000013832278,-1.1723955140041653e-13,0.0,0.0,0.0,-30.027699999999975,-28.14759999999982,-0.00010000000003351772,5.684341886080801e-13,35.18139999999988,-4.781096640000001,-58.17519999999972,30.40030335999978,-27.774896639999724
1368,3.197442310920451e-14,-7.460698725481052e-14,9.999999994647624e-05,0.0,0.0,0.0,-24.775700000000008,-32.94340000000013,-2.3092638912203256e-14,8.810729923425242e-13,40.812899999999814,-4.615012079999994,-57.71899999999978,36.19788791999994,-21.52111207999961
1369,2.398081733190338e-14,-1.3855583347321954e-13,-1.2256862191861728e-13,0.0,0.0,0.0,-28.13580000000005,-34.40639999999976,9.999999999443787e-05,-5.684341886080801e-13,35.66809999999997,-4.898158560000006,-62.542100000002165,30.769941440000014,-31.77215856000261
1370,4.1744385725905886e-14,-1.1723955140041653e-13,-9.592326932761353e-14,0.0,0.0,0.0,-27.69740000000001,-32.75550000000069,-2.6645352591003757e-14,3.410605131648481e-13,40.23989999999996,-4.6370779199999985,-60.45290000000101,35.60282207999991,-24.85007792000087
1371,0.00010000000001486598,-7.460698725481052e-14,-8.881784197001252e-14,0.0,0.0,0.0,-30.254299999999958,-17.045900000000323,4.796163466380676e-14,-3.979039320256561e-13,26.926499999999958,-4.531123440000005,-47.3001000000004,22.395376559999903,-24.904723440000495
1372,-9.999999998200337e-05,-8.526512829121202e-14,-9.999999999621423e-05,0.0,0.0,0.0,-22.574100000000005,-30.883799999999653,-1.2434497875801753e-14,-9.999999946330718e-05,34.18009999999995,-4.713084719999999,-53.45819999999806,29.467015280000144,-23.991184719997918
1373,-1.9539925233402755e-14,-1.3145040611561853e-13,5.5067062021407764e-14,0.0,0.0,0.0,-24.992099999999898,-31.36859999999944,-3.552713678800501e-14,-9.999999994647624e-05,38.67730000000009,-4.756037760000002,-56.3607999999997,33.921262240000104,-22.439537759999823
1374,-1.2434497875801753e-14,3.552713678800501e-15,0.00010000000012588828,0.0,0.0,0.0,-27.07380000000002,-40.382000000000566,-2.4868995751603507e-14,9.999999986121111e-05,40.050000000000026,-4.692038399999998,-67.45560000000057,35.3579616,-32.09763840000058
1375,1.865174681370263e-14,1.7763568394002505e-14,-1.4921397450962104e-13,0.0,0.0,0.0,-30.49440000000007,-25.81329999999921,-0.00010000000003174137,0.00010000000040122359,34.03220000000003,-4.783913999999994,-56.30769999999919,29.248286000000036,-27.059413999998696
1376,1.7763568394002505e-15,1.6697754290362354e-13,-1.3855583347321954e-13,0.0,0.0,0.0,-31.720800000000047,-20.660399999999065,3.019806626980426e-14,-0.00010000000003174137,32.13089999999998,-4.736545919999996,-52.381299999998916,27.394354080000006,-24.986945919998675
1377,-1.509903313490213e-14,5.3290705182007514e-14,-0.00010000000003174137,0.0,0.0,0.0,-26.416700000000017,-34.44940000000035,2.3092638912203256e-14,9.999999997489795e-05,40.23030000000018,-4.876220159999998,-60.8661000000003,35.35407984000015,-25.512020160000162
1378,-1.1546319456101628e-14,-3.552713678800501e-15,-1.2967404927621828e-13,0.0,0.0,0.0,-29.083999999999975,-20.084699999999913,2.3092638912203256e-14,-6.536993168992922e-13,30.002699999999912,-4.8262852800000005,-49.16870000000071,25.17641471999992,-23.992285280001013
1379,3.197442310920451e-14,0.00010000000006016307,1.4210854715202004e-14,0.0,0.0,0.0,-30.324600000000064,-23.140600000000084,-3.552713678800501e-15,-0.00010000000060017555,34.99180000000014,-4.778407440000004,-53.46520000000069,30.213392560000294,-23.251807440000164
1380,1.509903313490213e-14,-0.00010000000004595222,1.2434497875801753e-14,0.0,0.0,0.0,-29.099599999999953,-29.003600000000112,-1.4210854715202004e-14,-7.673861546209082e-13,32.769200000000055,-4.7042639999999984,-58.10330000000069,28.064935999999882,-30.038364000000342
1381,1.3322676295501878e-14,2.842170943040401e-14,8.526512829121202e-14,0.0,0.0,0.0,-25.376600000000042,-20.193300000000924,1.9539925233402755e-14,-0.00010000000051491043,27.732499999999963,-4.299994080000001,-45.570000000003105,23.432505919999976,-22.137494080003364
1382,1.2434497875801753e-14,6.750155989720952e-14,-1.7763568394002505e-15,0.0,0.0,0.0,-25.44749999999998,-24.590899999999557,0.0,0.0001000000001454282,35.5378999999998,-4.382156159999999,-50.03829999999897,31.155743839999843,-18.882556159999126
1383,-0.0001000000000264123,-3.552713678800501e-14,0.00010000000007437393,0.0,0.0,0.0,-26.235300000000038,-27.598200000000894,-9.999999997489795e-05,2.2737367544323206e-13,30.4314000000001,-4.291142400000002,-53.83360000000113,26.140257600000112,-27.693342400000788
1384,-3.019806626980426e-14,-3.907985046680551e-14,1.545430450278218e-13,0.0,0.0,0.0,-23.95520000000001,-41.78579999999967,1.4210854715202004e-14,-0.00010000000023069333,44.24030000000012,-4.657762799999997,-65.74109999999924,39.582537200000026,-26.158562799998762
1385,-3.019806626980426e-14,0.0001000000000139778,1.7763568394002505e-14,0.0,0.0,0.0,-28.701699999999974,-35.94540000000036,-1.9539925233402755e-14,2.8421709430404007e-13,38.6569000000001,-4.366727999999998,-64.64699999999887,34.29017200000003,-30.356827999999055
1386,2.5757174171303632e-14,1.0658141036401503e-14,-1.509903313490213e-13,0.0,0.0,0.0,-25.17309999999999,-29.503300000000884,1.0658141036401503e-14,-6.252776074688882e-13,34.93850000000013,-4.375072079999997,-54.676400000001266,30.563427920000088,-24.11297208000117
1387,-3.019806626980426e-14,-3.907985046680551e-14,2.3092638912203256e-14,0.0,0.0,0.0,-26.14790000000009,-31.692999999999344,-2.3092638912203256e-14,-6.821210263296962e-13,34.5235000000001,-4.330405439999993,-57.84090000000009,30.19309456000001,-27.64780544000007
1388,3.730349362740526e-14,-0.00010000000009569021,9.99999998079204e-05,0.0,0.0,0.0,-22.886800000000047,-33.02249999999985,-5.329070518200751e-15,6.252776074688882e-13,31.600699999999993,-4.200261839999994,-55.90929999999999,27.400438159999872,-28.508861839999895
1389,-9.999999997756248e-05,9.999999996779252e-05,-9.999999981324947e-05,0.0,0.0,0.0,-21.580900000000007,-37.180900000001095,1.7763568394002505e-14,9.999999940646376e-05,39.109900000000074,-4.484304720000001,-58.76180000000264,34.62559528000024,-24.136204720002638
1390,3.019806626980426e-14,3.197442310920451e-14,-0.00010000000014365185,0.0,0.0,0.0,-24.472699999999964,-31.91859999999958,-8.881784197001252e-15,1.9895196601282805e-13,34.687699999999865,-4.607912880000006,-56.39139999999898,30.0797871199997,-26.311612879999046
1391,-9.99999999562462e-05,4.618527782440651e-14,-3.197442310920451e-14,0.0,0.0,0.0,-23.838,-28.89790000000003,-1.7763568394002505e-14,-2.8421709430404007e-13,34.42120000000002,-4.370910479999998,-52.73599999999959,30.05028952000007,-22.68571047999997
1392,9.999999998200337e-05,7.105427357601002e-15,0.00010000000003884679,0.0,0.0,0.0,-28.4418,-19.124700000001354,-3.375077994860476e-14,5.684341886080802e-14,24.48609999999994,-4.372781039999997,-47.56630000000078,20.11331896000005,-27.452981040000964
1393,4.085620730620576e-14,-4.263256414560601e-14,-1.0658141036401503e-13,0.0,0.0,0.0,-30.75679999999996,-26.950100000001115,1.9539925233402755e-14,1.1368683772161603e-13,34.31700000000002,-4.436981279999999,-57.70690000000151,29.880018719999935,-27.826881280001587
1394,-1.5987211554602254e-14,-7.460698725481052e-14,-9.999999995358166e-05,0.0,0.0,0.0,-26.041499999999935,-32.637100000000736,-3.019806626980426e-14,-4.831690603168681e-13,35.565700000000206,-4.492072799999997,-58.67870000000197,31.073627200000196,-27.60507280000199
1395,-0.00010000000003618226,-1.2789769243681803e-13,-1.794120407794253e-13,0.0,0.0,0.0,-29.098100000000024,-22.86590000000004,1.2434497875801753e-14,-0.00010000000051491043,33.47520000000003,-4.420128239999991,-51.9642000000005,29.05507175999986,-22.909128240000655
1396,9.999999995802256e-05,0.00010000000005305765,9.237055564881302e-14,0.0,0.0,0.0,-27.7325,-27.257799999999243,-1.4210854715202004e-14,7.389644451905042e-13,34.87090000000005,-4.496916240000003,-54.99009999999903,30.373983759999966,-24.61611623999906
1397,-3.9968028886505635e-14,0.00010000000008503207,-1.5987211554602254e-14,0.0,0.0,0.0,-20.93399999999994,-36.27519999999982,-9.999999999621423e-05,-2.2737367544323206e-13,42.78880000000002,-4.497932159999998,-57.209200000000465,38.29086784000006,-18.918332160000617
1398,3.8191672047105385e-14,1.3145040611561853e-13,0.00010000000022181155,0.0,0.0,0.0,-28.67900000000006,-40.32260000000028,2.1316282072803006e-14,8.526512829121202e-14,43.98609999999992,-4.704994079999999,-69.00149999999925,39.281105919999845,-29.720394079998954
1399,9.999999999532605e-05,0.0,-3.552713678800501e-14,0.0,0.0,0.0,-28.249099999999988,-22.931099999999425,9.99999999891088e-05,9.99999998327894e-05,32.31310000000005,-4.637420639999997,-51.17990000000003,27.675679359999997,-23.504220640000256
1400,0.00010000000001575415,7.815970093361102e-14,-0.00010000000010634835,0.0,0.0,0.0,-30.996600000000118,-24.728599999999894,3.197442310920451e-14,-9.999999994647624e-05,35.95750000000001,-4.935563280000002,-55.72529999999932,31.021936719999935,-24.703363279999394
1401,-1.4654943925052066e-14,1.4210854715202004e-14,-0.00010000000010990107,0.0,0.0,0.0,-30.780300000000004,-22.984799999999993,-1.0658141036401503e-14,-0.00010000000060017555,33.52379999999994,-4.725221039999997,-53.7653000000014,28.798578959999993,-24.966721040001644
1402,1.687538997430238e-14,-3.552713678800501e-15,-1.1013412404281553e-13,0.0,0.0,0.0,-28.821700000000096,-30.92189999999961,9.99999999766743e-05,5.400124791776761e-13,36.93430000000012,-4.835525040000004,-59.74349999999872,32.09877496,-27.64472503999849
1403,1.509903313490213e-14,8.526512829121202e-14,-4.618527782440651e-14,0.0,0.0,0.0,-31.685599999999987,-22.867000000001624,1.7763568394002505e-15,9.99999995485723e-05,32.81209999999996,-4.884836400000003,-54.5525000000016,27.927263599999932,-26.62523640000167
1404,-0.00010000000001664233,9.999999981147312e-05,1.4921397450962104e-13,0.0,0.0,0.0,-24.81329999999998,-22.003300000001445,-1.7763568394002505e-15,4.547473508864641e-13,30.70130000000006,-4.121483039999996,-46.81660000000217,26.579816960000123,-20.23678304000228
1405,-0.00010000000000065512,-4.973799150320701e-14,-1.0658141036401503e-13,0.0,0.0,0.0,-23.002299999999963,-25.233200000000146,-2.3092638912203256e-14,5.400124791776761e-13,32.49250000000004,-4.405990319999997,-48.235600000000034,28.086509680000095,-20.149090320000397
1406,1.687538997430238e-14,-3.552713678800501e-14,9.999999994292352e-05,0.0,0.0,0.0,-29.173000000000062,-23.42450000000077,-1.5987211554602254e-14,-7.958078640513122e-13,29.66389999999999,-4.194232560000004,-52.5974000000008,25.46966744000001,-27.127732560000794
1407,3.9968028886505635e-14,7.105427357601002e-15,1.5631940186722204e-13,0.0,0.0,0.0,-26.34130000000004,-37.48670000000126,3.197442310920451e-14,3.694822225952521e-13,39.321299999999916,-4.384525679999998,-63.82800000000013,34.9367743199999,-28.8912256800007
1408,8.881784197001252e-15,2.4868995751603507e-14,0.00010000000003884679,0.0,0.0,0.0,-28.308100000000007,-34.81970000000092,2.1316282072803006e-14,5.115907697472721e-13,38.0978,-4.46974416,-63.127700000000715,33.62805583999999,-29.499644160000955
1409,-2.1316282072803006e-14,0.00010000000002818865,-7.638334409421077e-14,0.0,0.0,0.0,-29.250500000000095,-37.64320000000021,3.375077994860476e-14,9.999999963383743e-05,39.788599999999974,-4.60807055999999,-66.8935000000009,35.18052943999993,-31.71297056000097
1410,4.440892098500626e-15,-8.171241461241152e-14,-6.217248937900877e-14,0.0,0.0,0.0,-25.34910000000003,-31.969899999999583,1.9539925233402755e-14,1.1368683772161603e-13,37.927900000000065,-4.478639760000001,-57.318999999998894,33.44926024000017,-23.869739759999177
1411,-9.999999998377973e-05,1.2789769243681803e-13,3.197442310920451e-14,0.0,0.0,0.0,-16.915600000000023,-34.535200000000295,-9.99999999766743e-05,1.9895196601282805e-13,43.10919999999987,-4.2050390400000035,-51.45099999999945,38.90416095999987,-12.546839039999128
1412,-5.329070518200751e-15,-9.999999995358166e-05,6.217248937900877e-14,0.0,0.0,0.0,-21.06840000000001,-28.38270000000115,0.00010000000003174137,9.999999980436769e-05,38.47980000000003,-4.21937496,-49.451000000001045,34.26042504,-15.190574960001044
1413,3.552713678800501e-15,1.0658141036401503e-14,8.881784197001252e-15,0.0,0.0,0.0,-26.28719999999993,-33.490099999999394,2.3092638912203256e-14,-3.126388037344441e-13,37.571800000000046,-4.702664879999999,-59.77730000000095,32.869135119999996,-26.908164880000726
1414,1.7763568394002505e-14,-0.00010000000002463594,1.2079226507921703e-13,0.0,0.0,0.0,-21.3576,-34.98469999999979,-3.197442310920451e-14,-2.2737367544323206e-13,38.69550000000015,-4.616183520000004,-56.34239999999937,34.07931648000026,-22.26308351999934
1415,9.999999995802256e-05,1.2079226507921703e-13,3.552713678800501e-14,0.0,0.0,0.0,-24.84369999999999,-32.66279999999924,-4.796163466380676e-14,-2.8421709430404007e-13,33.3674000000001,-4.080301200000001,-57.5063999999996,29.28709879999997,-28.21930119999918
1416,-2.3092638912203256e-14,7.105427357601002e-14,-3.019806626980426e-14,0.0,0.0,0.0,-27.4189999999999,-31.019300000000193,0.0,-5.684341886080802e-14,33.62770000000003,-4.369343039999999,-58.43829999999946,29.258356960000135,-29.17994303999933
1417,2.353672812205332e-14,9.999999995713438e-05,3.019806626980426e-14,0.0,0.0,0.0,-26.478500000000068,-27.909600000000708,-5.329070518200751e-15,9.999999994647624e-05,37.330299999999994,-4.031287919999995,-54.3879000000006,33.29901208000016,-21.088887920001127
1418,2.220446049250313e-14,-1.7763568394002505e-14,9.999999994647624e-05,0.0,0.0,0.0,-28.794500000000042,-23.55389999999965,7.105427357601002e-15,1.4210854715202004e-13,34.35590000000006,-4.571852400000007,-52.348299999999995,29.784047599999965,-22.564252399999802
1419,3.019806626980426e-14,3.552713678800501e-15,7.993605777301127e-14,0.0,0.0,0.0,-22.112200000000033,-32.214899999998906,1.4210854715202004e-14,-8.526512829121202e-14,38.35960000000004,-4.508205119999991,-54.327099999999234,33.85139488000006,-20.47570511999895
1420,-3.197442310920451e-14,9.237055564881302e-14,6.394884621840902e-14,0.0,0.0,0.0,-28.389599999999916,-27.05169999999903,-2.3092638912203256e-14,3.410605131648481e-13,32.32430000000003,-4.344112079999993,-55.44129999999902,27.980187920000105,-27.46111207999914
1421,9.999999999621423e-05,-1.7763568394002505e-14,0.0001000000000672685,0.0,0.0,0.0,-27.41780000000004,-27.828900000000132,-2.842170943040401e-14,0.00010000000037280188,37.18310000000001,-4.326605280000001,-55.2463999999992,32.85649472000003,-22.38990527999917
1422,-3.552713678800501e-15,3.907985046680551e-14,-1.829647544582258e-13,0.0,0.0,0.0,-30.68179999999996,-19.185599999999425,3.907985046680551e-14,4.263256414560601e-13,23.371800000000068,-4.180558320000003,-49.86739999999901,19.191241680000164,-30.676158319999303
1423,2.1316282072803006e-14,-6.394884621840902e-14,-5.684341886080802e-14,0.0,0.0,0.0,-27.00780000000006,-28.982299999999846,-1.2434497875801753e-14,-2.842170943040401e-14,35.873500000000064,-4.444276319999999,-55.990100000000965,31.42922368000013,-24.560876320001057
1424,1.7763568394002505e-15,7.105427357601002e-14,-6.927791673660977e-14,0.0,0.0,0.0,-22.110999999999954,-24.341100000001134,-4.263256414560601e-14,1.1368683772161603e-13,35.062700000000035,-4.41261072,-46.45210000000118,30.650089280000092,-15.802010720000865
1425,2.9753977059954195e-14,0.00010000000015608634,0.00010000000011345378,0.0,0.0,0.0,-27.349400000000003,-24.729600000000836,-0.0001000000000264123,8.526512829121202e-14,27.24380000000006,-4.238589599999997,-52.07889999999992,23.005210400000077,-29.073689599999383
1426,2.1316282072803006e-14,6.750155989720952e-14,1.5365486660812167e-13,0.0,0.0,0.0,-26.00890000000001,-36.98750000000052,3.552713678800501e-15,4.547473508864641e-13,45.11960000000009,-4.448698560000005,-62.996399999999724,40.67090144000018,-22.32549856000024
1427,3.552713678800501e-14,-4.263256414560601e-14,1.7763568394002505e-15,0.0,0.0,0.0,-24.543999999999993,-32.98419999999944,-5.329070518200751e-15,-1.7053025658242404e-13,34.78330000000004,-4.584103200000001,-57.528199999999146,30.199196800000035,-27.329003199998894
1428,-6.217248937900877e-15,-7.105427357601002e-15,1.616484723854228e-13,0.0,0.0,0.0,-29.00880000000002,-28.954700000000408,-2.4868995751603507e-14,-1.7053025658242404e-13,37.31189999999995,-4.499447759999997,-57.963500000000934,32.81245223999988,-25.151047760000594
1429,-3.552713678800501e-15,-9.999999997134523e-05,-2.1316282072803006e-14,0.0,0.0,0.0,-23.733499999999907,-31.874299999998513,-0.00010000000004417586,5.968558980384842e-13,34.9918,-4.443690960000003,-55.607999999998995,30.54810903999988,-25.05989095999867
1430,-3.907985046680551e-14,-1.8118839761882555e-13,-0.00010000000013121735,0.0,0.0,0.0,-28.125800000000023,-30.54869999999974,0.0,-6.536993168992922e-13,37.89760000000009,-4.151773440000003,-58.67460000000122,33.74582656000011,-24.92877344000111
1431,4.440892098500626e-15,-2.1316282072803006e-14,9.999999991272546e-05,0.0,0.0,0.0,-26.790700000000072,-27.632599999999954,-0.00010000000000509601,-0.00010000000031595846,31.042700000000153,-4.631273280000001,-54.42339999999993,26.411426719999994,-28.01197327999948
1432,0.00010000000000687237,-0.00010000000000331966,-9.999999999976694e-05,0.0,0.0,0.0,-22.100200000000054,-38.98659999999969,-8.881784197001252e-15,-2.2737367544323206e-13,37.61789999999997,-4.63574376,-61.08690000000074,32.982156239999924,-28.104743760000815
1433,5.1514348342607263e-14,7.105427357601002e-14,9.999999999266151e-05,0.0,0.0,0.0,-26.152300000000032,-24.96189999999897,-0.0001000000000139778,3.979039320256561e-13,29.811299999999886,-4.398764399999999,-51.11419999999856,25.412535599999927,-25.70166439999886
1434,-9.99999999766743e-05,1.1723955140041653e-13,0.00010000000000864873,0.0,0.0,0.0,-25.64919999999992,-25.26759999999932,-0.0001000000000423995,0.00010000000037280188,31.305500000000148,-4.368026879999995,-50.91679999999876,26.937473120000153,-23.979326879998595
1435,-3.6415315207705135e-14,-4.263256414560601e-14,-1.2612133559741778e-13,0.0,0.0,0.0,-29.305400000000013,-29.398900000000083,-3.552713678800501e-14,-7.389644451905042e-13,37.31529999999999,-4.618533599999996,-58.70430000000124,32.69676639999985,-26.007533600001153
1436,-3.907985046680551e-14,4.618527782440651e-14,-9.999999990562003e-05,0.0,0.0,0.0,-31.228200000000076,-33.34319999999971,3.019806626980426e-14,-2.5579538487363607e-13,38.35099999999997,-4.828669919999994,-64.57149999999895,33.52233007999992,-31.04916991999903
1437,-0.00010000000003707044,-2.4868995751603507e-14,-3.375077994860476e-14,0.0,0.0,0.0,-22.350499999999982,-35.05779999999909,-0.00010000000000864873,-2.842170943040401e-14,40.46140000000007,-4.454300879999998,-57.40849999999904,36.00709912000012,-21.40140087999869
1438,-6.217248937900877e-15,6.750155989720952e-14,-7.460698725481052e-14,0.0,0.0,0.0,-19.52690000000005,-37.86479999999946,-2.4868995751603507e-14,-9.999999988963282e-05,40.14999999999984,-4.393995839999999,-57.391799999998995,35.756004159999875,-21.63579583999936
1439,3.197442310920451e-14,3.552713678800501e-14,-5.684341886080802e-14,0.0,0.0,0.0,-28.65039999999999,-27.472700000000366,1.5987211554602254e-14,-1.7053025658242404e-13,34.34020000000004,-4.5178559999999965,-56.12310000000197,29.822344000000008,-26.300756000001968
1440,2.6645352591003757e-15,1.5987211554602254e-13,-9.947598300641403e-14,0.0,0.0,0.0,-30.17179999999991,-28.143700000000173,-1.7763568394002505e-14,0.00010000000037280188,37.48899999999997,-4.951963440000002,-58.31540000000034,32.5370365600001,-25.778363440000476
1441,-4.973799150320701e-14,-9.999999992871267e-05,-7.815970093361102e-14,0.0,0.0,0.0,-31.176100000000037,-32.35769999999986,-7.105427357601002e-15,-2.842170943040401e-14,40.53259999999996,-4.951795679999997,-63.5339000000005,35.58080432000017,-27.953095680000345
1442,-3.8191672047105385e-14,-6.750155989720952e-14,-9.99999998860801e-05,0.0,0.0,0.0,-29.057299999999962,-33.05039999999982,-8.881784197001252e-15,9.999999986121111e-05,33.83,-4.913814240000001,-62.10769999999992,28.916185760000015,-33.19151423999992
1443,5.329070518200751e-15,-2.842170943040401e-14,-0.00010000000011345378,0.0,0.0,0.0,-26.177300000000027,-30.027500000001545,9.999999999799059e-05,5.684341886080801e-13,38.63000000000005,-4.568894639999998,-56.20479999999989,34.061105360000006,-22.14369464000012
1444,0.0001000000000015433,-9.237055564881302e-14,9.999999996068709e-05,0.0,0.0,0.0,-27.045899999999996,-19.072099999999665,3.019806626980426e-14,5.400124791776761e-13,28.197700000000008,-4.532068080000004,-46.117799999998425,23.665631919999967,-22.452168079998458
1445,9.999999998733244e-05,-9.999999995358166e-05,1.0658141036401503e-14,0.0,0.0,0.0,-31.104300000000023,-33.56490000000101,-2.1316282072803006e-14,5.684341886080802e-14,36.513500000000036,-4.83848424,-64.66920000000147,31.67501576000024,-32.9941842400019
1446,4.796163466380676e-14,9.999999997134523e-05,-1.2434497875801753e-14,0.0,0.0,0.0,-30.427200000000003,-32.79660000000101,7.105427357601002e-15,1.9895196601282805e-13,40.34170000000003,-4.902737039999998,-63.22370000000075,35.43896296000021,-27.78473704000099
1447,-3.552713678800501e-15,2.1316282072803006e-14,5.329070518200751e-15,0.0,0.0,0.0,-29.246400000000005,-30.142200000001054,-1.4210854715202004e-14,-2.5579538487363607e-13,31.406799999999993,-4.784698799999997,-59.388600000001475,26.62210119999991,-32.766498800001344
1448,8.881784197001252e-16,0.00010000000004950493,-9.999999999443787e-05,0.0,0.0,0.0,-31.02429999999998,-21.809899999998606,8.881784197001252e-15,3.126388037344441e-13,30.427200000000106,-4.700084400000005,-52.83419999999798,25.727115600000143,-27.107084399998072
1449,9.769962616701378e-15,-4.618527782440651e-14,-0.00010000000003351772,0.0,0.0,0.0,-25.630399999999952,-23.123299999999226,-1.7763568394002505e-14,0.0001000000001170065,27.57560000000015,-4.725228960000001,-48.75369999999846,22.850371040000162,-25.903328959998518
1450,-4.796163466380676e-14,9.999999992160724e-05,-8.881784197001252e-15,0.0,0.0,0.0,-29.865499999999983,-26.718499999998713,1.9539925233402755e-14,0.0,32.074700000000135,-4.6529193599999985,-56.58389999999939,27.421780640000208,-29.16211935999941
1451,-9.99999999811152e-05,1.0658141036401503e-14,8.526512829121202e-14,0.0,0.0,0.0,-26.87869999999999,-21.666800000000514,8.881784197001252e-15,-5.684341886080802e-14,26.857999999999972,-4.539956399999996,-48.545600000001016,22.31804360000004,-26.227556400000978
1452,8.881784197001252e-15,-0.00010000000003174137,-1.9539925233402755e-14,0.0,0.0,0.0,-23.158700000000028,-38.814999999999905,0.0,1.9895196601282805e-13,45.23730000000002,-4.579470719999995,-61.973800000000466,40.65782928000014,-21.315970720000763
1453,2.4868995751603507e-14,8.881784197001252e-14,-9.999999999443787e-05,0.0,0.0,0.0,-29.845300000000087,-22.24810000000017,-4.085620730620576e-14,2.5579538487363607e-13,30.24060000000008,-4.476185279999992,-52.093499999999025,25.764414720000236,-26.329085279998793
1454,2.6645352591003757e-14,0.0,8.348877145181177e-14,0.0,0.0,0.0,-26.5955,-31.50680000000036,-9.99999999891088e-05,9.999999994647624e-05,35.93719999999989,-4.637534399999998,-58.10229999999926,31.2996655999998,-26.80263439999969
1455,-9.999999995358166e-05,4.618527782440651e-14,-0.00010000000006193943,0.0,0.0,0.0,-24.306000000000047,-21.516399999999933,8.881784197001252e-15,-2.842170943040401e-14,30.113699999999994,-4.4955799199999955,-45.82259999999957,25.61812008000001,-20.20447992000024
1456,-3.019806626980426e-14,2.842170943040401e-14,-0.00010000000001042508,0.0,0.0,0.0,-25.446399999999947,-33.88490000000039,1.7763568394002505e-15,-0.00010000000020227162,38.28729999999986,-4.5176724,-59.331500000001796,33.769627599999936,-25.561872400001633
1457,-3.375077994860476e-14,-1.4566126083082054e-13,7.460698725481052e-14,0.0,0.0,0.0,-27.195100000000075,-15.19450000000073,0.0001000000000139778,-0.00010000000020227162,28.00309999999988,-4.53070872,-42.38960000000081,23.47239127999993,-18.917208720000886
1458,0.00010000000003174137,3.552713678800501e-15,5.684341886080802e-14,0.0,0.0,0.0,-28.50410000000009,-30.702400000000864,0.00010000000001930687,3.979039320256561e-13,35.71769999999988,-4.652370719999997,-59.206299999999885,31.065329280000086,-28.140970720000027
1459,1.5987211554602254e-14,-7.105427357601002e-14,-1.9539925233402755e-14,0.0,0.0,0.0,-29.374200000000094,-28.06640000000025,-7.105427357601002e-15,3.979039320256561e-13,30.911699999999986,-4.638216239999997,-57.440600000000586,26.273483759999916,-31.16711624000021
1460,1.2434497875801753e-14,1.5631940186722204e-13,-7.460698725481052e-14,0.0,0.0,0.0,-19.737300000000047,-41.262499999999406,3.197442310920451e-14,-5.115907697472721e-13,41.64070000000003,-4.388957280000003,-60.99979999999893,37.251742719999996,-23.748057279998704
1461,1.1546319456101628e-14,-4.973799150320701e-14,-7.993605777301127e-14,0.0,0.0,0.0,-26.49220000000006,-27.43639999999911,-7.105427357601002e-15,-9.999999957699401e-05,35.05480000000005,-4.322366640000004,-53.928699999998315,30.73243336,-23.196266639998527
1462,1.9984014443252818e-14,8.171241461241152e-14,-9.999999992515995e-05,0.0,0.0,0.0,-25.082400000000032,-30.73730000000085,1.9539925233402755e-14,-8.526512829121202e-14,34.03679999999996,-3.805099920000002,-55.8198000000006,30.23170007999991,-25.588099920000914
1463,-1.7763568394002505e-14,-1.7763568394002505e-14,-1.7763568394002505e-14,0.0,0.0,0.0,-30.206000000000017,-23.445899999999767,-5.329070518200751e-15,-7.389644451905042e-13,34.02730000000006,-4.6284429600000045,-53.65190000000041,29.398857040000063,-24.253042960000812
1464,0.00010000000001575415,0.00010000000006371579,-0.00010000000000331966,0.0,0.0,0.0,-23.411600000000004,-24.43370000000072,-2.1316282072803006e-14,-0.00010000000060017555,31.035199999999925,-4.1598100800000015,-47.84530000000106,26.87538991999994,-20.969910080001128
1465,-0.00010000000004906084,-9.237055564881302e-14,-2.113864638886298e-13,0.0,0.0,0.0,-28.742800000000038,-18.950600000000136,-1.9539925233402755e-14,9.999999937804205e-05,28.008499999999945,-4.470442559999993,-47.69340000000042,23.538057439999882,-24.15534256000055
1466,-2.6645352591003757e-15,9.592326932761353e-14,-9.947598300641403e-14,0.0,0.0,0.0,-21.650400000000005,-25.95330000000026,-1.7763568394002505e-15,-7.389644451905042e-13,32.59309999999989,-4.008898800000006,-47.60370000000084,28.584201200000017,-19.019498800000832
1467,-3.375077994860476e-14,-0.00010000000008858478,6.394884621840902e-14,0.0,0.0,0.0,-21.16549999999999,-23.476400000001036,7.105427357601002e-15,-2.842170943040401e-14,31.60340000000002,-4.236239520000002,-44.64200000000173,27.36716048000003,-17.274839520001464
1468,-1.0658141036401503e-14,-4.973799150320701e-14,1.1546319456101628e-13,0.0,0.0,0.0,-25.707999999999938,-31.688299999999522,0.0,0.00010000000062859726,39.16000000000008,-4.282649279999994,-57.39619999999758,34.877350720000024,-22.518849279997326
1469,-4.440892098500626e-15,-0.00010000000005661036,-2.4868995751603507e-14,0.0,0.0,0.0,-30.85169999999994,-27.16169999999976,-2.6645352591003757e-14,5.684341886080801e-13,35.96659999999986,-4.889571839999994,-58.01349999999965,31.07702815999989,-26.936471839999754
1470,-1.7763568394002505e-14,-1.0658141036401503e-14,-9.999999990029096e-05,0.0,0.0,0.0,-22.29529999999995,-29.079499999999335,-0.00010000000001575415,-3.126388037344441e-13,35.33089999999983,-4.81140576,-51.37499999999882,30.51949423999996,-20.85550575999909
1471,1.7763568394002505e-14,-2.1316282072803006e-13,0.00010000000014187549,0.0,0.0,0.0,-28.695899999999952,-36.98659999999971,5.329070518200751e-15,8.526512829121202e-14,38.6446999999999,-4.613898239999996,-65.68239999999906,34.030801759999875,-31.651598239999416
1472,8.881784197001252e-15,-9.947598300641403e-14,-9.592326932761353e-14,0.0,0.0,0.0,-32.79670000000008,-21.526399999999036,1.0658141036401503e-14,4.547473508864641e-13,31.552900000000154,-4.83461928,-54.323099999999116,26.718280720000152,-27.60481927999851
1473,-9.999999995358166e-05,7.105427357601002e-15,-9.999999996068709e-05,0.0,0.0,0.0,-28.452400000000065,-29.574199999999884,1.4210854715202004e-14,1.7053025658242404e-13,33.580399999999955,-4.451308560000001,-58.02680000000042,29.12909143999997,-28.897708560000225
1474,-3.552713678800501e-15,-1.0302869668521453e-13,-9.999999998555609e-05,0.0,0.0,0.0,-28.374399999999955,-33.111200000000174,5.329070518200751e-15,-1.1368683772161603e-13,40.559799999999925,-4.624796159999997,-61.48570000000049,35.93500383999991,-25.55069616000081
1475,1.1546319456101628e-14,-0.00010000000000331966,9.999999985232932e-05,0.0,0.0,0.0,-29.568899999999978,-21.201699999999988,2.3092638912203256e-14,0.0,29.72010000000022,-4.702646159999995,-50.77060000000145,25.01745384000011,-25.753146160001123
1476,-3.019806626980426e-14,-2.1316282072803006e-14,-5.5067062021407764e-14,0.0,0.0,0.0,-29.340799999999945,-38.04610000000012,-1.5987211554602254e-14,-9.999999969068085e-05,41.77829999999986,-4.890160800000005,-67.38700000000095,36.8881391999999,-30.49886080000107
1477,-0.00010000000000065512,2.4868995751603507e-14,6.217248937900877e-14,0.0,0.0,0.0,-29.204899999999938,-19.24539999999947,4.085620730620576e-14,-2.2737367544323206e-13,26.854099999999992,-4.472265599999999,-48.45039999999973,22.3818343999999,-26.068565600000056
1478,4.263256414560601e-14,-3.552713678800501e-14,1.4210854715202004e-13,0.0,0.0,0.0,-32.19170000000003,-31.868599999999468,-0.00010000000001042508,2.5579538487363607e-13,37.20370000000022,-4.853884319999997,-64.06039999999899,32.349815680000304,-31.710584319998674
1479,-1.5987211554602254e-14,-0.0001000000000921375,-1.2256862191861728e-13,0.0,0.0,0.0,-28.72169999999994,-29.01540000000066,-1.7763568394002505e-14,-1.4210854715202004e-13,34.615699999999876,-4.784982479999998,-57.73720000000132,29.830717519999887,-27.906482480001216
1480,-1.5987211554602254e-14,9.99999999642398e-05,-7.460698725481052e-14,0.0,0.0,0.0,-29.65990000000002,-31.31410000000058,-9.999999999976694e-05,-2.842170943040401e-14,37.47220000000003,-4.61006568,-60.97400000000127,32.86213432000006,-28.111865680001443
1481,-1.4210854715202004e-14,1.0302869668521453e-13,-9.999999999621423e-05,0.0,0.0,0.0,-27.67019999999995,-31.157400000000408,3.552713678800501e-15,3.410605131648481e-13,35.99179999999997,-4.49548416,-58.827700000000775,31.496315840000054,-27.33138416000118
1482,1.2434497875801753e-14,1.4210854715202004e-14,3.730349362740526e-14,0.0,0.0,0.0,-26.659300000000044,-29.997000000000057,-3.375077994860476e-14,-0.00010000000028753675,36.891300000000015,-4.596217920000005,-56.65640000000019,32.295082079999986,-24.361317920000204
1483,2.3092638912203256e-14,-1.4210854715202004e-14,1.2612133559741778e-13,0.0,0.0,0.0,-21.80640000000008,-32.986700000000454,8.881784197001252e-15,-9.999999980436769e-05,33.97280000000006,-4.462793280000003,-54.79320000000031,29.51000672000005,-25.28319328000049
1484,-3.907985046680551e-14,-0.00010000000007437393,9.999999999976694e-05,0.0,0.0,0.0,-23.69320000000004,-24.921199999999807,-2.1316282072803006e-14,-5.684341886080802e-14,34.478800000000035,-4.320527039999996,-48.61439999999982,30.15827296000017,-18.456127040000553
1485,-0.00010000000001442189,9.592326932761353e-14,-9.99999999233836e-05,0.0,0.0,0.0,-29.07079999999995,-27.02879999999955,3.907985046680551e-14,-3.694822225952521e-13,33.29090000000009,-4.730407199999991,-56.09979999999898,28.560492800000084,-27.539307199998888
1486,-0.00010000000002285958,1.0658141036401503e-14,5.3290705182007514e-14,0.0,0.0,0.0,-31.79399999999993,-21.141400000000623,2.6645352591003757e-14,-4.831690603168681e-13,27.516300000000115,-4.623068879999996,-52.935500000001426,22.893231120000202,-30.042268880001444
1487,-2.398081733190338e-14,1.7763568394002505e-13,-6.927791673660977e-14,0.0,0.0,0.0,-25.595699999999987,-27.390000000000427,-2.842170943040401e-14,-3.410605131648481e-13,30.62569999999994,-4.472056080000003,-52.985700000000634,26.153643919999794,-26.832056080000612
1488,9.999999997312159e-05,-9.999999989673825e-05,9.769962616701378e-14,0.0,0.0,0.0,-30.58760000000002,-26.8658000000002,2.842170943040401e-14,-1.9895196601282805e-13,31.876499999999993,-4.687194960000001,-57.45340000000175,27.189305039999994,-30.26409496000153
1489,-4.4853010194856324e-14,6.750155989720952e-14,3.552713678800501e-15,0.0,0.0,0.0,-24.309400000000018,-29.30739999999961,-3.730349362740526e-14,5.115907697472721e-13,34.46559999999996,-4.4850981600000015,-53.616799999999245,29.98050184000003,-23.63629815999944
1490,-3.907985046680551e-14,-1.0302869668521453e-13,0.00010000000006016307,0.0,0.0,0.0,-29.433300000000095,-29.7874000000007,3.375077994860476e-14,-9.999999963383743e-05,38.35850000000006,-4.866096240000004,-59.22070000000127,33.49240375999993,-25.72829624000157
1491,-9.999999997489795e-05,-5.684341886080802e-14,-0.00010000000010279564,0.0,0.0,0.0,-31.19230000000002,-25.115700000000516,8.881784197001252e-15,-5.968558980384842e-13,34.631099999999904,-4.716355679999996,-56.308200000001605,29.91474431999979,-26.39345568000182
1492,2.930988785010413e-14,-9.999999992871267e-05,-8.881784197001252e-16,0.0,0.0,0.0,-26.43670000000004,-29.683999999998882,0.00010000000000864873,5.115907697472721e-13,36.4512999999999,-4.750019999999998,-56.12069999999825,31.70127999999994,-24.419419999998752
1493,-0.00010000000003529408,0.00010000000007437393,0.00010000000001220144,0.0,0.0,0.0,-27.764499999999906,-24.566899999999805,-0.00010000000001930687,0.0001000000001454282,29.88969999999999,-4.583087279999996,-52.3312999999997,25.306612720000057,-27.02468727999964
1494,2.930988785010413e-14,-6.750155989720952e-14,1.0125233984581428e-13,0.0,0.0,0.0,-29.931500000000074,-28.33129999999833,-1.9539925233402755e-14,-1.9895196601282805e-13,32.53739999999992,-4.628242799999999,-58.262799999998165,27.909157199999868,-30.353642799998298
1495,-0.00010000000000687237,-1.7763568394002505e-14,-3.730349362740526e-14,0.0,0.0,0.0,-24.547500000000092,-34.15599999999913,1.2434497875801753e-14,1.4210854715202004e-13,40.40710000000007,-4.761096480000001,-58.70359999999987,35.64600352000009,-23.05759648
1496,-0.00010000000003618226,9.999999997489795e-05,4.973799150320701e-14,0.0,0.0,0.0,-27.961400000000047,-32.27609999999945,2.4868995751603507e-14,1.4210854715202004e-13,35.25940000000002,-4.885844400000005,-60.237500000000196,30.37355560000003,-29.863944399999724
1497,-4.1744385725905886e-14,8.526512829121202e-14,1.4210854715202004e-13,0.0,0.0,0.0,-24.95409999999989,-35.732299999999675,-9.99999999766743e-05,-3.979039320256561e-13,36.50579999999999,-4.346379359999996,-60.68649999999913,32.159420640000064,-28.52707935999929
1498,0.0,-6.039613253960852e-14,-9.999999995002895e-05,0.0,0.0,0.0,-29.546299999999967,-31.714000000000382,1.7763568394002505e-14,-1.4210854715202004e-13,36.46000000000005,-4.812215039999995,-61.26040000000093,31.64778495999991,-29.612615040001018
1499,-2.3092638912203256e-14,-8.526512829121202e-14,-0.00010000000006016307,0.0,0.0,0.0,-28.466199999999983,-27.304400000000108,-0.00010000000003529408,-0.0001000000001170065,34.526300000000084,-4.692993840000005,-55.77089999999984,29.833306160000063,-25.93759383999955


